0.00	4.30
0.08	4.30
0.17	4.30
0.25	4.29
0.33	4.29
0.42	4.30
0.50	4.31
0.58	4.32
0.67	4.34
0.75	4.37
0.83	4.40
0.92	4.43
1.00	4.46
1.08	4.48
1.17	4.50
1.25	4.51
1.33	4.50
1.42	4.47
1.50	4.45
1.58	4.42
1.67	4.39
1.75	4.36
1.83	4.32
1.92	4.27
2.00	4.24
2.08	4.21
2.17	4.19
2.25	4.17
2.33	4.16
2.42	4.15
2.50	4.16
2.58	4.18
2.67	4.20
2.75	4.22
2.83	4.26
2.92	4.29
3.00	4.31
3.08	4.35
3.17	4.39
3.25	4.42
3.33	4.44
3.42	4.46
3.50	4.46
3.58	4.45
3.67	4.44
3.75	4.41
3.83	4.39
3.92	4.35
4.00	4.32
4.08	4.28
4.17	4.24
4.25	4.20
4.33	4.17
4.42	4.14
4.50	4.11
4.58	4.08
4.67	4.06
4.75	4.03
4.83	4.00
4.92	3.97
5.00	3.94
5.08	3.90
5.17	3.86
5.25	3.82
5.33	3.79
5.42	3.75
5.50	3.72
5.58	3.69
5.67	3.66
5.75	3.63
5.83	3.60
5.92	3.57
6.00	3.53
6.08	3.50
6.17	3.47
6.25	3.44
6.33	3.40
6.42	3.36
6.50	3.31
6.58	3.26
6.67	3.22
6.75	3.17
6.83	3.12
6.92	3.07
7.00	3.02
7.08	2.97
7.17	2.91
7.25	2.85
7.33	2.78
7.42	2.72
7.50	2.66
7.58	2.60
7.67	2.54
7.75	2.49
7.83	2.43
7.92	2.35
8.00	2.28
8.08	2.21
8.17	2.13
8.25	2.06
8.33	2.00
8.42	1.93
8.50	1.87
8.58	1.81
8.67	1.76
8.75	1.70
8.83	1.66
8.92	1.64
9.00	1.62
9.08	1.61
9.17	1.62
9.25	1.65
9.33	1.70
9.42	1.78
9.50	1.89
9.58	2.03
9.67	2.19
9.75	2.38
9.83	2.59
9.92	2.86
10.00	3.14
10.08	3.44
10.17	3.75
10.25	4.04
10.33	4.34
10.42	4.62
10.50	4.90
10.58	5.18
10.67	5.44
10.75	5.69
10.83	5.88
10.92	6.05
11.00	6.19
11.08	6.32
11.17	6.44
11.25	6.56
11.33	6.71
11.42	6.85
11.50	6.97
11.58	7.08
11.67	7.18
11.75	7.29
11.83	7.39
11.92	7.50
12.00	7.61
12.08	7.73
12.17	7.84
12.25	7.94
12.33	8.01
12.42	8.09
12.50	8.18
12.58	8.27
12.67	8.37
12.75	8.48
12.83	8.59
12.92	8.70
13.00	8.81
13.08	8.92
13.17	9.03
13.25	9.14
13.33	9.24
13.42	9.33
13.50	9.44
13.58	9.55
13.67	9.66
13.75	9.79
13.83	9.91
13.92	10.03
14.00	10.14
14.08	10.26
14.17	10.38
14.25	10.50
14.33	10.60
14.42	10.70
14.50	10.79
14.58	10.88
14.67	10.95
14.75	11.03
14.83	11.10
14.92	11.16
15.00	11.22
15.08	11.28
15.17	11.33
15.25	11.37
15.33	11.42
15.42	11.46
15.50	11.49
15.58	11.51
15.67	11.53
15.75	11.54
15.83	11.56
15.92	11.57
16.00	11.58
16.08	11.59
16.17	11.60
16.25	11.61
16.33	11.62
16.42	11.64
16.50	11.67
16.58	11.69
16.67	11.71
16.75	11.73
16.83	11.76
16.92	11.80
17.00	11.84
17.08	11.87
17.17	11.90
17.25	11.93
17.33	11.94
17.42	11.96
17.50	11.98
17.58	12.02
17.67	12.06
17.75	12.10
17.83	12.14
17.92	12.18
18.00	12.21
18.08	12.27
18.17	12.34
18.25	12.41
18.33	12.47
18.42	12.52
18.50	12.56
18.58	12.59
18.67	12.60
18.75	12.62
18.83	12.62
18.92	12.61
19.00	12.59
19.08	12.53
19.17	12.45
19.25	12.37
19.33	12.30
19.42	12.22
19.50	12.14
19.58	12.04
19.67	11.93
19.75	11.81
19.83	11.69
19.92	11.56
20.00	11.41
20.08	11.28
20.17	11.13
20.25	10.98
20.33	10.81
20.42	10.64
20.50	10.52
20.58	10.39
20.67	10.25
20.75	10.12
20.83	9.98
20.92	9.86
21.00	9.77
21.08	9.68
21.17	9.59
21.25	9.51
21.33	9.44
21.42	9.35
21.50	9.25
21.58	9.16
21.67	9.07
21.75	8.99
21.83	8.91
21.92	8.81
22.00	8.72
22.08	8.63
22.17	8.55
22.25	8.49
22.33	8.42
22.42	8.32
22.50	8.21
22.58	8.08
22.67	7.94
22.75	7.80
22.83	7.64
22.92	7.47
23.00	7.29
23.08	7.10
23.17	6.89
23.25	6.65
23.33	6.42
23.42	6.19
23.50	5.96
23.58	5.75
23.67	5.59
23.75	5.47
23.83	5.40
23.92	5.38
0.00	4.11
0.08	4.11
0.17	4.09
0.25	4.04
0.33	4.01
0.42	3.97
0.50	3.91
0.58	3.85
0.67	3.80
0.75	3.78
0.83	3.79
0.92	3.80
1.00	3.80
1.08	3.80
1.17	3.80
1.25	3.75
1.33	3.67
1.42	3.59
1.50	3.51
1.58	3.44
1.67	3.38
1.75	3.32
1.83	3.27
1.92	3.22
2.00	3.20
2.08	3.17
2.17	3.15
2.25	3.13
2.33	3.12
2.42	3.13
2.50	3.15
2.58	3.17
2.67	3.18
2.75	3.20
2.83	3.21
2.92	3.21
3.00	3.22
3.08	3.22
3.17	3.23
3.25	3.24
3.33	3.24
3.42	3.22
3.50	3.20
3.58	3.19
3.67	3.18
3.75	3.18
3.83	3.19
3.92	3.19
4.00	3.19
4.08	3.20
4.17	3.20
4.25	3.21
4.33	3.21
4.42	3.21
4.50	3.21
4.58	3.20
4.67	3.19
4.75	3.17
4.83	3.16
4.92	3.14
5.00	3.11
5.08	3.09
5.17	3.07
5.25	3.05
5.33	3.05
5.42	3.06
5.50	3.06
5.58	3.08
5.67	3.09
5.75	3.10
5.83	3.10
5.92	3.11
6.00	3.12
6.08	3.12
6.17	3.12
6.25	3.11
6.33	3.09
6.42	3.06
6.50	3.03
6.58	3.00
6.67	2.97
6.75	2.94
6.83	2.92
6.92	2.89
7.00	2.86
7.08	2.82
7.17	2.78
7.25	2.74
7.33	2.70
7.42	2.66
7.50	2.61
7.58	2.56
7.67	2.51
7.75	2.46
7.83	2.41
7.92	2.37
8.00	2.32
8.08	2.28
8.17	2.25
8.25	2.22
8.33	2.19
8.42	2.17
8.50	2.16
8.58	2.14
8.67	2.13
8.75	2.12
8.83	2.12
8.92	2.12
9.00	2.14
9.08	2.16
9.17	2.20
9.25	2.26
9.33	2.33
9.42	2.42
9.50	2.54
9.58	2.67
9.67	2.83
9.75	3.01
9.83	3.23
9.92	3.46
10.00	3.68
10.08	3.90
10.17	4.12
10.25	4.34
10.33	4.54
10.42	4.74
10.50	4.93
10.58	5.11
10.67	5.28
10.75	5.41
10.83	5.51
10.92	5.63
11.00	5.74
11.08	5.86
11.17	5.98
11.25	6.12
11.33	6.27
11.42	6.42
11.50	6.56
11.58	6.71
11.67	6.88
11.75	7.05
11.83	7.22
11.92	7.39
12.00	7.55
12.08	7.71
12.17	7.86
12.25	7.98
12.33	8.11
12.42	8.24
12.50	8.37
12.58	8.49
12.67	8.62
12.75	8.75
12.83	8.88
12.92	9.02
13.00	9.17
13.08	9.34
13.17	9.50
13.25	9.67
13.33	9.83
13.42	9.99
13.50	10.16
13.58	10.33
13.67	10.51
13.75	10.69
13.83	10.83
13.92	10.96
14.00	11.08
14.08	11.21
14.17	11.33
14.25	11.45
14.33	11.58
14.42	11.70
14.50	11.83
14.58	11.93
14.67	11.98
14.75	12.03
14.83	12.11
14.92	12.17
15.00	12.24
15.08	12.32
15.17	12.43
15.25	12.53
15.33	12.64
15.42	12.73
15.50	12.80
15.58	12.89
15.67	13.00
15.75	13.10
15.83	13.20
15.92	13.29
16.00	13.36
16.08	13.39
16.17	13.38
16.25	13.36
16.33	13.34
16.42	13.34
16.50	13.33
16.58	13.31
16.67	13.29
16.75	13.28
16.83	13.26
16.92	13.26
17.00	13.26
17.08	13.27
17.17	13.28
17.25	13.29
17.33	13.27
17.42	13.27
17.50	13.29
17.58	13.32
17.67	13.36
17.75	13.39
17.83	13.42
17.92	13.44
18.00	13.47
18.08	13.53
18.17	13.59
18.25	13.64
18.33	13.69
18.42	13.72
18.50	13.74
18.58	13.77
18.67	13.79
18.75	13.81
18.83	13.83
18.92	13.84
19.00	13.79
19.08	13.73
19.17	13.68
19.25	13.62
19.33	13.55
19.42	13.47
19.50	13.35
19.58	13.22
19.67	13.07
19.75	12.91
19.83	12.72
19.92	12.50
20.00	12.27
20.08	12.03
20.17	11.76
20.25	11.48
20.33	11.19
20.42	10.94
20.50	10.71
20.58	10.46
20.67	10.21
20.75	9.96
20.83	9.72
20.92	9.53
21.00	9.33
21.08	9.13
21.17	8.94
21.25	8.76
21.33	8.56
21.42	8.34
21.50	8.13
21.58	7.92
21.67	7.71
21.75	7.52
21.83	7.31
21.92	7.11
22.00	6.93
22.08	6.77
22.17	6.62
22.25	6.47
22.33	6.31
22.42	6.14
22.50	5.98
22.58	5.82
22.67	5.68
22.75	5.53
22.83	5.39
22.92	5.25
23.00	5.10
23.08	4.93
23.17	4.77
23.25	4.63
23.33	4.52
23.42	4.41
23.50	4.30
23.58	4.21
23.67	4.14
23.75	4.08
23.83	4.05
23.92	4.02
0.00	2.70
0.08	2.69
0.17	2.67
0.25	2.69
0.33	2.70
0.42	2.68
0.50	2.66
0.58	2.64
0.67	2.64
0.75	2.65
0.83	2.66
0.92	2.68
1.00	2.70
1.08	2.71
1.17	2.71
1.25	2.67
1.33	2.64
1.42	2.60
1.50	2.57
1.58	2.53
1.67	2.50
1.75	2.46
1.83	2.42
1.92	2.39
2.00	2.36
2.08	2.33
2.17	2.31
2.25	2.28
2.33	2.26
2.42	2.26
2.50	2.26
2.58	2.25
2.67	2.26
2.75	2.26
2.83	2.27
2.92	2.28
3.00	2.30
3.08	2.32
3.17	2.34
3.25	2.36
3.33	2.36
3.42	2.37
3.50	2.37
3.58	2.38
3.67	2.38
3.75	2.39
3.83	2.39
3.92	2.39
4.00	2.38
4.08	2.38
4.17	2.37
4.25	2.36
4.33	2.36
4.42	2.35
4.50	2.35
4.58	2.34
4.67	2.34
4.75	2.34
4.83	2.33
4.92	2.32
5.00	2.32
5.08	2.31
5.17	2.32
5.25	2.33
5.33	2.34
5.42	2.35
5.50	2.35
5.58	2.36
5.67	2.36
5.75	2.37
5.83	2.37
5.92	2.38
6.00	2.38
6.08	2.38
6.17	2.37
6.25	2.36
6.33	2.35
6.42	2.33
6.50	2.32
6.58	2.31
6.67	2.29
6.75	2.28
6.83	2.27
6.92	2.25
7.00	2.23
7.08	2.20
7.17	2.17
7.25	2.15
7.33	2.12
7.42	2.09
7.50	2.06
7.58	2.03
7.67	2.00
7.75	1.97
7.83	1.93
7.92	1.90
8.00	1.87
8.08	1.85
8.17	1.83
8.25	1.80
8.33	1.78
8.42	1.76
8.50	1.74
8.58	1.73
8.67	1.71
8.75	1.71
8.83	1.71
8.92	1.71
9.00	1.71
9.08	1.73
9.17	1.77
9.25	1.82
9.33	1.89
9.42	1.98
9.50	2.09
9.58	2.23
9.67	2.39
9.75	2.60
9.83	2.83
9.92	3.07
10.00	3.33
10.08	3.58
10.17	3.83
10.25	4.08
10.33	4.32
10.42	4.56
10.50	4.78
10.58	5.00
10.67	5.19
10.75	5.33
10.83	5.47
10.92	5.60
11.00	5.72
11.08	5.84
11.17	5.98
11.25	6.13
11.33	6.28
11.42	6.41
11.50	6.55
11.58	6.69
11.67	6.83
11.75	6.98
11.83	7.13
11.92	7.27
12.00	7.42
12.08	7.55
12.17	7.65
12.25	7.75
12.33	7.85
12.42	7.95
12.50	8.06
12.58	8.17
12.67	8.28
12.75	8.40
12.83	8.52
12.92	8.65
13.00	8.79
13.08	8.93
13.17	9.07
13.25	9.21
13.33	9.36
13.42	9.50
13.50	9.65
13.58	9.81
13.67	9.97
13.75	10.13
13.83	10.27
13.92	10.42
14.00	10.57
14.08	10.72
14.17	10.88
14.25	11.04
14.33	11.19
14.42	11.36
14.50	11.53
14.58	11.67
14.67	11.83
14.75	11.99
14.83	12.16
14.92	12.34
15.00	12.54
15.08	12.78
15.17	13.03
15.25	13.28
15.33	13.53
15.42	13.74
15.50	13.94
15.58	14.15
15.67	14.34
15.75	14.52
15.83	14.69
15.92	14.84
16.00	14.94
16.08	15.01
16.17	15.06
16.25	15.14
16.33	15.26
16.42	15.37
16.50	15.48
16.58	15.58
16.67	15.68
16.75	15.79
16.83	15.90
16.92	16.00
17.00	16.09
17.08	16.17
17.17	16.24
17.25	16.25
17.33	16.25
17.42	16.26
17.50	16.27
17.58	16.27
17.67	16.26
17.75	16.25
17.83	16.22
17.92	16.24
18.00	16.30
18.08	16.35
18.17	16.40
18.25	16.45
18.33	16.49
18.42	16.52
18.50	16.57
18.58	16.62
18.67	16.67
18.75	16.70
18.83	16.71
18.92	16.66
19.00	16.57
19.08	16.50
19.17	16.45
19.25	16.40
19.33	16.35
19.42	16.28
19.50	16.17
19.58	16.06
19.67	15.97
19.75	15.91
19.83	15.83
19.92	15.74
20.00	15.66
20.08	15.54
20.17	15.42
20.25	15.28
20.33	15.22
20.42	15.19
20.50	15.15
20.58	15.09
20.67	15.00
20.75	14.88
20.83	14.83
20.92	14.77
21.00	14.70
21.08	14.60
21.17	14.48
21.25	14.33
21.33	14.12
21.42	13.89
21.50	13.65
21.58	13.39
21.67	13.12
21.75	12.83
21.83	12.50
21.92	12.17
22.00	11.87
22.08	11.63
22.17	11.40
22.25	11.14
22.33	10.83
22.42	10.53
22.50	10.24
22.58	9.98
22.67	9.75
22.75	9.54
22.83	9.35
22.92	9.19
23.00	9.03
23.08	8.87
23.17	8.71
23.25	8.59
23.33	8.49
23.42	8.40
23.50	8.31
23.58	8.23
23.67	8.17
23.75	8.13
23.83	8.12
23.92	8.14
0.00	5.45
0.08	5.45
0.17	5.58
0.25	5.71
0.33	5.82
0.42	5.82
0.50	5.78
0.58	5.80
0.67	5.89
0.75	5.99
0.83	6.08
0.92	6.14
1.00	6.22
1.08	6.24
1.17	6.18
1.25	6.12
1.33	6.06
1.42	6.01
1.50	5.96
1.58	5.89
1.67	5.82
1.75	5.75
1.83	5.70
1.92	5.67
2.00	5.63
2.08	5.60
2.17	5.56
2.25	5.54
2.33	5.51
2.42	5.47
2.50	5.43
2.58	5.39
2.67	5.34
2.75	5.26
2.83	5.17
2.92	5.08
3.00	4.96
3.08	4.83
3.17	4.69
3.25	4.54
3.33	4.38
3.42	4.23
3.50	4.09
3.58	3.97
3.67	3.85
3.75	3.74
3.83	3.62
3.92	3.51
4.00	3.41
4.08	3.32
4.17	3.24
4.25	3.17
4.33	3.10
4.42	3.04
4.50	2.99
4.58	2.94
4.67	2.91
4.75	2.88
4.83	2.86
4.92	2.85
5.00	2.84
5.08	2.83
5.17	2.83
5.25	2.83
5.33	2.83
5.42	2.82
5.50	2.81
5.58	2.79
5.67	2.76
5.75	2.73
5.83	2.69
5.92	2.66
6.00	2.62
6.08	2.58
6.17	2.54
6.25	2.49
6.33	2.45
6.42	2.40
6.50	2.37
6.58	2.34
6.67	2.32
6.75	2.30
6.83	2.27
6.92	2.25
7.00	2.23
7.08	2.21
7.17	2.20
7.25	2.20
7.33	2.20
7.42	2.20
7.50	2.19
7.58	2.17
7.67	2.16
7.75	2.14
7.83	2.12
7.92	2.10
8.00	2.08
8.08	2.06
8.17	2.04
8.25	2.02
8.33	2.01
8.42	2.00
8.50	2.00
8.58	2.00
8.67	2.00
8.75	2.01
8.83	2.04
8.92	2.07
9.00	2.12
9.08	2.17
9.17	2.22
9.25	2.29
9.33	2.38
9.42	2.49
9.50	2.63
9.58	2.80
9.67	3.01
9.75	3.24
9.83	3.48
9.92	3.73
10.00	3.98
10.08	4.24
10.17	4.50
10.25	4.76
10.33	5.03
10.42	5.28
10.50	5.52
10.58	5.74
10.67	5.92
10.75	6.08
10.83	6.24
10.92	6.40
11.00	6.55
11.08	6.71
11.17	6.90
11.25	7.07
11.33	7.25
11.42	7.43
11.50	7.62
11.58	7.83
11.67	8.05
11.75	8.28
11.83	8.53
11.92	8.78
12.00	9.04
12.08	9.29
12.17	9.55
12.25	9.81
12.33	10.09
12.42	10.36
12.50	10.64
12.58	10.91
12.67	11.17
12.75	11.42
12.83	11.64
12.92	11.85
13.00	12.03
13.08	12.17
13.17	12.29
13.25	12.39
13.33	12.46
13.42	12.52
13.50	12.60
13.58	12.66
13.67	12.71
13.75	12.75
13.83	12.81
13.92	12.87
14.00	12.95
14.08	13.06
14.17	13.18
14.25	13.33
14.33	13.50
14.42	13.68
14.50	13.84
14.58	14.01
14.67	14.22
14.75	14.45
14.83	14.67
14.92	14.92
15.00	15.23
15.08	15.55
15.17	15.86
15.25	16.15
15.33	16.42
15.42	16.67
15.50	16.94
15.58	17.20
15.67	17.46
15.75	17.72
15.83	17.98
15.92	18.19
16.00	18.40
16.08	18.62
16.17	18.89
16.25	19.23
16.33	19.60
16.42	19.99
16.50	20.41
16.58	20.88
16.67	21.39
16.75	21.95
16.83	22.54
16.92	23.17
17.00	23.81
17.08	24.43
17.17	24.96
17.25	25.41
17.33	25.81
17.42	26.16
17.50	26.42
17.58	26.57
17.67	26.61
17.75	26.57
17.83	26.49
17.92	26.42
18.00	26.27
18.08	26.07
18.17	25.85
18.25	25.63
18.33	25.41
18.42	25.26
18.50	25.13
18.58	25.02
18.67	24.91
18.75	24.79
18.83	24.60
18.92	24.39
19.00	24.22
19.08	24.10
19.17	23.98
19.25	23.88
19.33	23.71
19.42	23.47
19.50	23.24
19.58	23.05
19.67	22.87
19.75	22.66
19.83	22.41
19.92	22.16
20.00	21.89
20.08	21.61
20.17	21.34
20.25	21.15
20.33	21.07
20.42	20.98
20.50	20.86
20.58	20.72
20.67	20.55
20.75	20.46
20.83	20.36
20.92	20.20
21.00	19.99
21.08	19.73
21.17	19.42
21.25	18.95
21.33	18.40
21.42	17.81
21.50	17.20
21.58	16.57
21.67	15.90
21.75	15.16
21.83	14.44
21.92	13.75
22.00	13.13
22.08	12.57
22.17	12.04
22.25	11.49
22.33	10.98
22.42	10.50
22.50	10.04
22.58	9.62
22.67	9.23
22.75	8.87
22.83	8.53
22.92	8.21
23.00	7.86
23.08	7.49
23.17	7.15
23.25	6.83
23.33	6.54
23.42	6.27
23.50	6.01
23.58	5.80
23.67	5.61
23.75	5.47
23.83	5.36
23.92	5.29
0.00	2.99
0.08	3.07
0.17	3.16
0.25	3.24
0.33	3.30
0.42	3.33
0.50	3.30
0.58	3.32
0.67	3.35
0.75	3.38
0.83	3.39
0.92	3.40
1.00	3.38
1.08	3.27
1.17	3.16
1.25	3.05
1.33	2.96
1.42	2.88
1.50	2.80
1.58	2.73
1.67	2.67
1.75	2.62
1.83	2.59
1.92	2.57
2.00	2.56
2.08	2.57
2.17	2.59
2.25	2.64
2.33	2.70
2.42	2.75
2.50	2.80
2.58	2.86
2.67	2.92
2.75	2.99
2.83	3.08
2.92	3.17
3.00	3.25
3.08	3.34
3.17	3.40
3.25	3.45
3.33	3.50
3.42	3.59
3.50	3.75
3.58	3.94
3.67	4.14
3.75	4.34
3.83	4.53
3.92	4.71
4.00	4.88
4.08	5.06
4.17	5.24
4.25	5.42
4.33	5.60
4.42	5.72
4.50	5.81
4.58	5.87
4.67	5.90
4.75	5.93
4.83	5.95
4.92	5.96
5.00	5.97
5.08	5.95
5.17	5.91
5.25	5.85
5.33	5.76
5.42	5.64
5.50	5.50
5.58	5.34
5.67	5.18
5.75	5.00
5.83	4.83
5.92	4.64
6.00	4.45
6.08	4.27
6.17	4.09
6.25	3.89
6.33	3.70
6.42	3.52
6.50	3.37
6.58	3.24
6.67	3.12
6.75	3.00
6.83	2.89
6.92	2.78
7.00	2.69
7.08	2.63
7.17	2.59
7.25	2.58
7.33	2.58
7.42	2.56
7.50	2.53
7.58	2.51
7.67	2.48
7.75	2.45
7.83	2.42
7.92	2.39
8.00	2.36
8.08	2.31
8.17	2.26
8.25	2.21
8.33	2.16
8.42	2.10
8.50	2.05
8.58	1.99
8.67	1.94
8.75	1.90
8.83	1.87
8.92	1.83
9.00	1.80
9.08	1.78
9.17	1.77
9.25	1.78
9.33	1.83
9.42	1.92
9.50	2.04
9.58	2.21
9.67	2.46
9.75	2.74
9.83	3.04
9.92	3.37
10.00	3.72
10.08	4.08
10.17	4.46
10.25	4.85
10.33	5.24
10.42	5.62
10.50	5.99
10.58	6.30
10.67	6.59
10.75	6.88
10.83	7.16
10.92	7.43
11.00	7.70
11.08	8.00
11.17	8.29
11.25	8.58
11.33	8.86
11.42	9.15
11.50	9.44
11.58	9.75
11.67	10.06
11.75	10.39
11.83	10.73
11.92	11.09
12.00	11.44
12.08	11.79
12.17	12.17
12.25	12.57
12.33	12.97
12.42	13.41
12.50	13.87
12.58	14.35
12.67	14.84
12.75	15.36
12.83	15.90
12.92	16.45
13.00	17.02
13.08	17.59
13.17	18.16
13.25	18.72
13.33	19.28
13.42	19.82
13.50	20.33
13.58	20.80
13.67	21.25
13.75	21.66
13.83	22.03
13.92	22.34
14.00	22.62
14.08	22.86
14.17	23.08
14.25	23.29
14.33	23.48
14.42	23.68
14.50	23.87
14.58	24.07
14.67	24.28
14.75	24.51
14.83	24.75
14.92	25.01
15.00	25.28
15.08	25.57
15.17	25.87
15.25	26.17
15.33	26.48
15.42	26.77
15.50	27.07
15.58	27.34
15.67	27.61
15.75	27.85
15.83	28.08
15.92	28.29
16.00	28.49
16.08	28.64
16.17	28.74
16.25	28.82
16.33	28.86
16.42	28.88
16.50	28.86
16.58	28.80
16.67	28.70
16.75	28.57
16.83	28.40
16.92	28.22
17.00	28.01
17.08	27.80
17.17	27.57
17.25	27.30
17.33	27.01
17.42	26.67
17.50	26.30
17.58	25.89
17.67	25.45
17.75	24.98
17.83	24.55
17.92	24.09
18.00	23.61
18.08	23.12
18.17	22.61
18.25	22.12
18.33	21.70
18.42	21.35
18.50	21.04
18.58	20.78
18.67	20.56
18.75	20.33
18.83	20.05
18.92	19.81
19.00	19.61
19.08	19.41
19.17	19.21
19.25	18.96
19.33	18.63
19.42	18.26
19.50	17.88
19.58	17.49
19.67	17.08
19.75	16.63
19.83	16.20
19.92	15.75
20.00	15.31
20.08	14.88
20.17	14.54
20.25	14.28
20.33	14.05
20.42	13.84
20.50	13.65
20.58	13.46
20.67	13.33
20.75	13.25
20.83	13.17
20.92	13.08
21.00	12.98
21.08	12.87
21.17	12.67
21.25	12.46
21.33	12.24
21.42	12.01
21.50	11.77
21.58	11.52
21.67	11.23
21.75	10.91
21.83	10.58
21.92	10.27
22.00	9.97
22.08	9.68
22.17	9.36
22.25	9.03
22.33	8.71
22.42	8.39
22.50	8.08
22.58	7.80
22.67	7.54
22.75	7.31
22.83	7.09
22.92	6.87
23.00	6.67
23.08	6.48
23.17	6.32
23.25	6.16
23.33	6.01
23.42	5.88
23.50	5.70
23.58	5.57
23.67	5.48
23.75	5.41
23.83	5.35
23.92	5.31
0.00	3.50
0.08	3.60
0.17	3.70
0.25	3.78
0.33	3.85
0.42	3.91
0.50	3.95
0.58	4.00
0.67	4.05
0.75	4.09
0.83	4.13
0.92	4.15
1.00	4.08
1.08	4.00
1.17	3.93
1.25	3.85
1.33	3.78
1.42	3.71
1.50	3.63
1.58	3.56
1.67	3.50
1.75	3.47
1.83	3.44
1.92	3.42
2.00	3.41
2.08	3.41
2.17	3.44
2.25	3.48
2.33	3.52
2.42	3.58
2.50	3.65
2.58	3.72
2.67	3.80
2.75	3.92
2.83	4.05
2.92	4.18
3.00	4.33
3.08	4.46
3.17	4.58
3.25	4.69
3.33	4.80
3.42	4.93
3.50	5.04
3.58	5.15
3.67	5.24
3.75	5.30
3.83	5.34
3.92	5.36
4.00	5.36
4.08	5.35
4.17	5.32
4.25	5.29
4.33	5.23
4.42	5.17
4.50	5.12
4.58	5.06
4.67	4.97
4.75	4.87
4.83	4.75
4.92	4.63
5.00	4.51
5.08	4.39
5.17	4.26
5.25	4.11
5.33	3.94
5.42	3.77
5.50	3.58
5.58	3.40
5.67	3.23
5.75	3.08
5.83	2.94
5.92	2.81
6.00	2.69
6.08	2.59
6.17	2.51
6.25	2.44
6.33	2.39
6.42	2.35
6.50	2.31
6.58	2.28
6.67	2.25
6.75	2.21
6.83	2.17
6.92	2.13
7.00	2.10
7.08	2.07
7.17	2.04
7.25	2.01
7.33	1.99
7.42	1.95
7.50	1.92
7.58	1.89
7.67	1.85
7.75	1.82
7.83	1.79
7.92	1.77
8.00	1.74
8.08	1.70
8.17	1.68
8.25	1.65
8.33	1.63
8.42	1.62
8.50	1.61
8.58	1.60
8.67	1.60
8.75	1.60
8.83	1.60
8.92	1.61
9.00	1.63
9.08	1.65
9.17	1.69
9.25	1.75
9.33	1.83
9.42	1.93
9.50	2.07
9.58	2.26
9.67	2.47
9.75	2.71
9.83	2.96
9.92	3.23
10.00	3.50
10.08	3.78
10.17	4.05
10.25	4.32
10.33	4.58
10.42	4.81
10.50	5.00
10.58	5.15
10.67	5.30
10.75	5.44
10.83	5.57
10.92	5.70
11.00	5.86
11.08	6.02
11.17	6.18
11.25	6.35
11.33	6.52
11.42	6.70
11.50	6.89
11.58	7.08
11.67	7.29
11.75	7.50
11.83	7.72
11.92	7.93
12.00	8.13
12.08	8.35
12.17	8.58
12.25	8.82
12.33	9.08
12.42	9.36
12.50	9.66
12.58	9.98
12.67	10.32
12.75	10.67
12.83	11.05
12.92	11.44
13.00	11.85
13.08	12.27
13.17	12.69
13.25	13.13
13.33	13.58
13.42	14.03
13.50	14.46
13.58	14.87
13.67	15.26
13.75	15.63
13.83	15.98
13.92	16.30
14.00	16.59
14.08	16.86
14.17	17.11
14.25	17.35
14.33	17.53
14.42	17.68
14.50	17.83
14.58	17.95
14.67	18.06
14.75	18.14
14.83	18.22
14.92	18.28
15.00	18.32
15.08	18.33
15.17	18.28
15.25	18.18
15.33	18.09
15.42	17.99
15.50	17.89
15.58	17.77
15.67	17.65
15.75	17.52
15.83	17.39
15.92	17.28
16.00	17.19
16.08	17.18
16.17	17.23
16.25	17.26
16.33	17.30
16.42	17.35
16.50	17.42
16.58	17.49
16.67	17.58
16.75	17.67
16.83	17.77
16.92	17.85
17.00	17.88
17.08	17.85
17.17	17.82
17.25	17.82
17.33	17.81
17.42	17.77
17.50	17.72
17.58	17.67
17.67	17.60
17.75	17.57
17.83	17.54
17.92	17.51
18.00	17.47
18.08	17.42
18.17	17.35
18.25	17.31
18.33	17.31
18.42	17.32
18.50	17.31
18.58	17.29
18.67	17.25
18.75	17.15
18.83	17.05
18.92	16.99
19.00	16.94
19.08	16.88
19.17	16.81
19.25	16.68
19.33	16.50
19.42	16.33
19.50	16.17
19.58	15.98
19.67	15.70
19.75	15.41
19.83	15.11
19.92	14.78
20.00	14.45
20.08	14.16
20.17	13.92
20.25	13.69
20.33	13.45
20.42	13.19
20.50	12.91
20.58	12.69
20.67	12.57
20.75	12.42
20.83	12.26
20.92	12.08
21.00	11.88
21.08	11.63
21.17	11.35
21.25	11.07
21.33	10.77
21.42	10.45
21.50	10.13
21.58	9.78
21.67	9.39
21.75	9.00
21.83	8.62
21.92	8.26
22.00	7.88
22.08	7.49
22.17	7.10
22.25	6.72
22.33	6.37
22.42	6.05
22.50	5.75
22.58	5.48
22.67	5.22
22.75	4.99
22.83	4.75
22.92	4.53
23.00	4.36
23.08	4.22
23.17	4.09
23.25	3.96
23.33	3.85
23.42	3.74
23.50	3.63
23.58	3.54
23.67	3.47
23.75	3.43
23.83	3.40
23.92	3.39
0.00	3.25
0.08	3.26
0.17	3.28
0.25	3.29
0.33	3.29
0.42	3.28
0.50	3.26
0.58	3.25
0.67	3.24
0.75	3.24
0.83	3.23
0.92	3.20
1.00	3.16
1.08	3.11
1.17	3.07
1.25	3.03
1.33	2.98
1.42	2.94
1.50	2.89
1.58	2.86
1.67	2.82
1.75	2.79
1.83	2.76
1.92	2.73
2.00	2.71
2.08	2.70
2.17	2.70
2.25	2.70
2.33	2.70
2.42	2.71
2.50	2.71
2.58	2.70
2.67	2.71
2.75	2.72
2.83	2.74
2.92	2.75
3.00	2.76
3.08	2.76
3.17	2.76
3.25	2.76
3.33	2.76
3.42	2.76
3.50	2.76
3.58	2.75
3.67	2.74
3.75	2.73
3.83	2.73
3.92	2.72
4.00	2.72
4.08	2.71
4.17	2.70
4.25	2.70
4.33	2.70
4.42	2.71
4.50	2.71
4.58	2.72
4.67	2.73
4.75	2.73
4.83	2.74
4.92	2.74
5.00	2.76
5.08	2.77
5.17	2.78
5.25	2.80
5.33	2.81
5.42	2.81
5.50	2.82
5.58	2.82
5.67	2.82
5.75	2.83
5.83	2.83
5.92	2.81
6.00	2.79
6.08	2.77
6.17	2.74
6.25	2.70
6.33	2.67
6.42	2.63
6.50	2.59
6.58	2.55
6.67	2.50
6.75	2.46
6.83	2.42
6.92	2.37
7.00	2.33
7.08	2.30
7.17	2.27
7.25	2.24
7.33	2.22
7.42	2.19
7.50	2.17
7.58	2.15
7.67	2.12
7.75	2.10
7.83	2.08
7.92	2.06
8.00	2.05
8.08	2.05
8.17	2.05
8.25	2.05
8.33	2.05
8.42	2.06
8.50	2.06
8.58	2.07
8.67	2.09
8.75	2.11
8.83	2.13
8.92	2.16
9.00	2.19
9.08	2.23
9.17	2.28
9.25	2.35
9.33	2.44
9.42	2.57
9.50	2.74
9.58	2.94
9.67	3.16
9.75	3.39
9.83	3.65
9.92	3.92
10.00	4.21
10.08	4.51
10.17	4.81
10.25	5.11
10.33	5.40
10.42	5.65
10.50	5.89
10.58	6.11
10.67	6.33
10.75	6.53
10.83	6.74
10.92	6.95
11.00	7.18
11.08	7.39
11.17	7.61
11.25	7.82
11.33	8.03
11.42	8.25
11.50	8.47
11.58	8.70
11.67	8.92
11.75	9.13
11.83	9.33
11.92	9.52
12.00	9.70
12.08	9.88
12.17	10.07
12.25	10.27
12.33	10.48
12.42	10.70
12.50	10.94
12.58	11.19
12.67	11.46
12.75	11.76
12.83	12.08
12.92	12.42
13.00	12.78
13.08	13.14
13.17	13.51
13.25	13.89
13.33	14.28
13.42	14.66
13.50	15.01
13.58	15.33
13.67	15.62
13.75	15.88
13.83	16.11
13.92	16.31
14.00	16.48
14.08	16.62
14.17	16.74
14.25	16.82
14.33	16.85
14.42	16.86
14.50	16.88
14.58	16.88
14.67	16.89
14.75	16.90
14.83	16.92
14.92	16.93
15.00	16.95
15.08	16.95
15.17	16.93
15.25	16.92
15.33	16.94
15.42	16.96
15.50	16.99
15.58	17.04
15.67	17.08
15.75	17.11
15.83	17.15
15.92	17.19
16.00	17.32
16.08	17.50
16.17	17.65
16.25	17.79
16.33	17.93
16.42	18.07
16.50	18.20
16.58	18.31
16.67	18.42
16.75	18.51
16.83	18.56
16.92	18.57
17.00	18.47
17.08	18.34
17.17	18.24
17.25	18.11
17.33	17.93
17.42	17.72
17.50	17.49
17.58	17.24
17.67	17.00
17.75	16.79
17.83	16.57
17.92	16.35
18.00	16.14
18.08	15.94
18.17	15.75
18.25	15.65
18.33	15.60
18.42	15.57
18.50	15.55
18.58	15.54
18.67	15.47
18.75	15.40
18.83	15.41
18.92	15.44
19.00	15.47
19.08	15.51
19.17	15.49
19.25	15.39
19.33	15.29
19.42	15.18
19.50	15.07
19.58	14.91
19.67	14.76
19.75	14.59
19.83	14.36
19.92	14.11
20.00	13.88
20.08	13.71
20.17	13.56
20.25	13.40
20.33	13.21
20.42	13.01
20.50	12.82
20.58	12.71
20.67	12.58
20.75	12.42
20.83	12.26
20.92	12.09
21.00	11.87
21.08	11.61
21.17	11.35
21.25	11.09
21.33	10.83
21.42	10.57
21.50	10.28
21.58	9.99
21.67	9.71
21.75	9.46
21.83	9.25
21.92	9.06
22.00	8.86
22.08	8.66
22.17	8.46
22.25	8.29
22.33	8.13
22.42	7.99
22.50	7.87
22.58	7.75
22.67	7.64
22.75	7.54
22.83	7.42
22.92	7.29
23.00	7.16
23.08	7.04
23.17	6.92
23.25	6.80
23.33	6.66
23.42	6.47
23.50	6.27
23.58	6.09
23.67	5.93
23.75	5.82
23.83	5.74
23.92	5.69
0.00	4.18
0.08	4.16
0.17	4.17
0.25	4.22
0.33	4.27
0.42	4.29
0.50	4.30
0.58	4.31
0.67	4.33
0.75	4.34
0.83	4.29
0.92	4.22
1.00	4.16
1.08	4.11
1.17	4.07
1.25	4.03
1.33	4.02
1.42	4.01
1.50	4.02
1.58	4.05
1.67	4.09
1.75	4.13
1.83	4.17
1.92	4.22
2.00	4.28
2.08	4.33
2.17	4.38
2.25	4.41
2.33	4.44
2.42	4.46
2.50	4.46
2.58	4.49
2.67	4.54
2.75	4.59
2.83	4.66
2.92	4.71
3.00	4.76
3.08	4.80
3.17	4.86
3.25	4.95
3.33	5.06
3.42	5.18
3.50	5.29
3.58	5.36
3.67	5.41
3.75	5.45
3.83	5.46
3.92	5.45
4.00	5.44
4.08	5.41
4.17	5.37
4.25	5.31
4.33	5.21
4.42	5.11
4.50	5.01
4.58	4.94
4.67	4.86
4.75	4.78
4.83	4.74
4.92	4.70
5.00	4.66
5.08	4.62
5.17	4.56
5.25	4.49
5.33	4.42
5.42	4.34
5.50	4.24
5.58	4.13
5.67	4.03
5.75	3.91
5.83	3.80
5.92	3.67
6.00	3.55
6.08	3.44
6.17	3.34
6.25	3.24
6.33	3.15
6.42	3.06
6.50	2.97
6.58	2.89
6.67	2.82
6.75	2.74
6.83	2.66
6.92	2.60
7.00	2.53
7.08	2.47
7.17	2.41
7.25	2.36
7.33	2.30
7.42	2.24
7.50	2.18
7.58	2.12
7.67	2.06
7.75	2.00
7.83	1.95
7.92	1.89
8.00	1.85
8.08	1.80
8.17	1.76
8.25	1.73
8.33	1.70
8.42	1.68
8.50	1.66
8.58	1.65
8.67	1.65
8.75	1.65
8.83	1.65
8.92	1.65
9.00	1.66
9.08	1.68
9.17	1.71
9.25	1.77
9.33	1.84
9.42	1.96
9.50	2.11
9.58	2.27
9.67	2.45
9.75	2.64
9.83	2.85
9.92	3.07
10.00	3.30
10.08	3.53
10.17	3.76
10.25	3.98
10.33	4.17
10.42	4.34
10.50	4.49
10.58	4.64
10.67	4.78
10.75	4.92
10.83	5.06
10.92	5.21
11.00	5.36
11.08	5.51
11.17	5.65
11.25	5.79
11.33	5.93
11.42	6.07
11.50	6.21
11.58	6.35
11.67	6.48
11.75	6.61
11.83	6.73
11.92	6.85
12.00	6.97
12.08	7.11
12.17	7.25
12.25	7.41
12.33	7.58
12.42	7.76
12.50	7.95
12.58	8.15
12.67	8.37
12.75	8.59
12.83	8.81
12.92	9.04
13.00	9.27
13.08	9.49
13.17	9.71
13.25	9.94
13.33	10.16
13.42	10.37
13.50	10.58
13.58	10.77
13.67	10.97
13.75	11.16
13.83	11.34
13.92	11.52
14.00	11.70
14.08	11.89
14.17	12.06
14.25	12.22
14.33	12.39
14.42	12.57
14.50	12.75
14.58	12.93
14.67	13.10
14.75	13.26
14.83	13.42
14.92	13.56
15.00	13.70
15.08	13.82
15.17	13.92
15.25	14.00
15.33	14.07
15.42	14.14
15.50	14.19
15.58	14.25
15.67	14.31
15.75	14.37
15.83	14.44
15.92	14.56
16.00	14.71
16.08	14.85
16.17	14.99
16.25	15.14
16.33	15.30
16.42	15.47
16.50	15.64
16.58	15.81
16.67	15.98
16.75	16.11
16.83	16.20
16.92	16.24
17.00	16.24
17.08	16.24
17.17	16.22
17.25	16.18
17.33	16.09
17.42	15.97
17.50	15.81
17.58	15.62
17.67	15.45
17.75	15.26
17.83	15.05
17.92	14.82
18.00	14.59
18.08	14.36
18.17	14.18
18.25	14.03
18.33	13.90
18.42	13.78
18.50	13.67
18.58	13.52
18.67	13.36
18.75	13.26
18.83	13.20
18.92	13.14
19.00	13.09
19.08	13.00
19.17	12.83
19.25	12.66
19.33	12.47
19.42	12.28
19.50	12.05
19.58	11.82
19.67	11.59
19.75	11.31
19.83	11.02
19.92	10.75
20.00	10.53
20.08	10.34
20.17	10.16
20.25	9.99
20.33	9.83
20.42	9.70
20.50	9.64
20.58	9.60
20.67	9.57
20.75	9.53
20.83	9.49
20.92	9.43
21.00	9.35
21.08	9.25
21.17	9.14
21.25	9.01
21.33	8.87
21.42	8.69
21.50	8.48
21.58	8.27
21.67	8.05
21.75	7.85
21.83	7.64
21.92	7.42
22.00	7.19
22.08	6.96
22.17	6.74
22.25	6.53
22.33	6.33
22.42	6.13
22.50	5.95
22.58	5.76
22.67	5.56
22.75	5.36
22.83	5.18
22.92	5.02
23.00	4.87
23.08	4.72
23.17	4.57
23.25	4.42
23.33	4.26
23.42	4.11
23.50	3.96
23.58	3.83
23.67	3.73
23.75	3.64
23.83	3.59
23.92	3.56
0.00	4.14
0.08	4.13
0.17	4.11
0.25	4.09
0.33	4.08
0.42	4.05
0.50	4.02
0.58	3.97
0.67	3.93
0.75	3.87
0.83	3.81
0.92	3.75
1.00	3.69
1.08	3.64
1.17	3.58
1.25	3.52
1.33	3.45
1.42	3.38
1.50	3.33
1.58	3.28
1.67	3.24
1.75	3.20
1.83	3.17
1.92	3.15
2.00	3.14
2.08	3.14
2.17	3.14
2.25	3.16
2.33	3.18
2.42	3.20
2.50	3.23
2.58	3.28
2.67	3.34
2.75	3.39
2.83	3.44
2.92	3.47
3.00	3.50
3.08	3.52
3.17	3.53
3.25	3.53
3.33	3.53
3.42	3.52
3.50	3.50
3.58	3.48
3.67	3.45
3.75	3.42
3.83	3.39
3.92	3.36
4.00	3.32
4.08	3.28
4.17	3.25
4.25	3.21
4.33	3.18
4.42	3.15
4.50	3.11
4.58	3.06
4.67	3.01
4.75	2.95
4.83	2.90
4.92	2.86
5.00	2.82
5.08	2.78
5.17	2.75
5.25	2.72
5.33	2.69
5.42	2.66
5.50	2.64
5.58	2.62
5.67	2.62
5.75	2.61
5.83	2.60
5.92	2.59
6.00	2.57
6.08	2.56
6.17	2.55
6.25	2.54
6.33	2.52
6.42	2.50
6.50	2.48
6.58	2.46
6.67	2.43
6.75	2.40
6.83	2.36
6.92	2.33
7.00	2.30
7.08	2.26
7.17	2.23
7.25	2.20
7.33	2.18
7.42	2.16
7.50	2.13
7.58	2.11
7.67	2.08
7.75	2.07
7.83	2.06
7.92	2.07
8.00	2.08
8.08	2.09
8.17	2.10
8.25	2.12
8.33	2.13
8.42	2.14
8.50	2.16
8.58	2.19
8.67	2.23
8.75	2.26
8.83	2.29
8.92	2.32
9.00	2.36
9.08	2.42
9.17	2.49
9.25	2.59
9.33	2.74
9.42	2.92
9.50	3.10
9.58	3.31
9.67	3.53
9.75	3.77
9.83	4.03
9.92	4.29
10.00	4.56
10.08	4.82
10.17	5.08
10.25	5.29
10.33	5.46
10.42	5.62
10.50	5.77
10.58	5.89
10.67	6.00
10.75	6.10
10.83	6.21
10.92	6.31
11.00	6.40
11.08	6.50
11.17	6.60
11.25	6.71
11.33	6.82
11.42	6.93
11.50	7.03
11.58	7.13
11.67	7.22
11.75	7.29
11.83	7.35
11.92	7.41
12.00	7.47
12.08	7.54
12.17	7.60
12.25	7.67
12.33	7.75
12.42	7.84
12.50	7.94
12.58	8.07
12.67	8.20
12.75	8.35
12.83	8.51
12.92	8.68
13.00	8.85
13.08	9.03
13.17	9.22
13.25	9.40
13.33	9.58
13.42	9.76
13.50	9.93
13.58	10.09
13.67	10.24
13.75	10.37
13.83	10.50
13.92	10.62
14.00	10.73
14.08	10.84
14.17	10.93
14.25	11.02
14.33	11.11
14.42	11.22
14.50	11.33
14.58	11.45
14.67	11.58
14.75	11.71
14.83	11.83
14.92	11.94
15.00	12.01
15.08	12.07
15.17	12.14
15.25	12.20
15.33	12.23
15.42	12.25
15.50	12.25
15.58	12.25
15.67	12.24
15.75	12.23
15.83	12.24
15.92	12.29
16.00	12.35
16.08	12.37
16.17	12.40
16.25	12.44
16.33	12.50
16.42	12.55
16.50	12.60
16.58	12.64
16.67	12.69
16.75	12.73
16.83	12.74
16.92	12.75
17.00	12.79
17.08	12.84
17.17	12.89
17.25	12.93
17.33	12.98
17.42	13.05
17.50	13.14
17.58	13.27
17.67	13.40
17.75	13.54
17.83	13.69
17.92	13.85
18.00	14.00
18.08	14.18
18.17	14.41
18.25	14.64
18.33	14.86
18.42	15.08
18.50	15.24
18.58	15.36
18.67	15.50
18.75	15.68
18.83	15.86
18.92	16.04
19.00	16.17
19.08	16.24
19.17	16.30
19.25	16.35
19.33	16.41
19.42	16.43
19.50	16.45
19.58	16.47
19.67	16.44
19.75	16.38
19.83	16.32
19.92	16.34
20.00	16.40
20.08	16.45
20.17	16.51
20.25	16.57
20.33	16.62
20.42	16.73
20.50	16.80
20.58	16.85
20.67	16.88
20.75	16.87
20.83	16.81
20.92	16.65
21.00	16.46
21.08	16.21
21.17	15.94
21.25	15.63
21.33	15.27
21.42	14.87
21.50	14.46
21.58	14.04
21.67	13.65
21.75	13.28
21.83	12.90
21.92	12.47
22.00	12.04
22.08	11.61
22.17	11.14
22.25	10.70
22.33	10.27
22.42	9.85
22.50	9.46
22.58	9.08
22.67	8.68
22.75	8.28
22.83	7.92
22.92	7.59
23.00	7.29
23.08	7.01
23.17	6.76
23.25	6.49
23.33	6.24
23.42	6.00
23.50	5.78
23.58	5.56
23.67	5.37
23.75	5.23
23.83	5.13
23.92	5.09
0.00	4.56
0.08	4.54
0.17	4.51
0.25	4.47
0.33	4.45
0.42	4.43
0.50	4.39
0.58	4.36
0.67	4.30
0.75	4.22
0.83	4.13
0.92	4.05
1.00	3.98
1.08	3.90
1.17	3.83
1.25	3.75
1.33	3.68
1.42	3.61
1.50	3.56
1.58	3.51
1.67	3.46
1.75	3.42
1.83	3.40
1.92	3.39
2.00	3.38
2.08	3.38
2.17	3.39
2.25	3.40
2.33	3.41
2.42	3.43
2.50	3.45
2.58	3.48
2.67	3.50
2.75	3.52
2.83	3.53
2.92	3.54
3.00	3.55
3.08	3.56
3.17	3.59
3.25	3.62
3.33	3.65
3.42	3.67
3.50	3.69
3.58	3.72
3.67	3.75
3.75	3.79
3.83	3.82
3.92	3.86
4.00	3.89
4.08	3.92
4.17	3.95
4.25	3.99
4.33	4.03
4.42	4.07
4.50	4.11
4.58	4.16
4.67	4.21
4.75	4.29
4.83	4.36
4.92	4.43
5.00	4.48
5.08	4.52
5.17	4.55
5.25	4.57
5.33	4.59
5.42	4.60
5.50	4.59
5.58	4.56
5.67	4.51
5.75	4.43
5.83	4.34
5.92	4.24
6.00	4.13
6.08	4.02
6.17	3.90
6.25	3.77
6.33	3.64
6.42	3.51
6.50	3.39
6.58	3.27
6.67	3.15
6.75	3.04
6.83	2.95
6.92	2.87
7.00	2.79
7.08	2.72
7.17	2.66
7.25	2.59
7.33	2.53
7.42	2.47
7.50	2.40
7.58	2.34
7.67	2.28
7.75	2.22
7.83	2.16
7.92	2.11
8.00	2.06
8.08	2.02
8.17	1.98
8.25	1.95
8.33	1.93
8.42	1.92
8.50	1.91
8.58	1.91
8.67	1.91
8.75	1.92
8.83	1.93
8.92	1.94
9.00	1.96
9.08	2.00
9.17	2.05
9.25	2.16
9.33	2.31
9.42	2.48
9.50	2.67
9.58	2.87
9.67	3.10
9.75	3.34
9.83	3.59
9.92	3.86
10.00	4.13
10.08	4.39
10.17	4.63
10.25	4.81
10.33	4.98
10.42	5.13
10.50	5.27
10.58	5.39
10.67	5.52
10.75	5.65
10.83	5.78
10.92	5.90
11.00	6.03
11.08	6.16
11.17	6.31
11.25	6.46
11.33	6.61
11.42	6.76
11.50	6.90
11.58	7.04
11.67	7.17
11.75	7.29
11.83	7.40
11.92	7.51
12.00	7.62
12.08	7.72
12.17	7.82
12.25	7.93
12.33	8.05
12.42	8.18
12.50	8.32
12.58	8.47
12.67	8.62
12.75	8.78
12.83	8.94
12.92	9.10
13.00	9.26
13.08	9.42
13.17	9.58
13.25	9.75
13.33	9.89
13.42	10.03
13.50	10.17
13.58	10.30
13.67	10.44
13.75	10.59
13.83	10.75
13.92	10.92
14.00	11.10
14.08	11.27
14.17	11.43
14.25	11.61
14.33	11.81
14.42	12.02
14.50	12.24
14.58	12.46
14.67	12.67
14.75	12.90
14.83	13.13
14.92	13.31
15.00	13.48
15.08	13.66
15.17	13.86
15.25	14.06
15.33	14.26
15.42	14.46
15.50	14.66
15.58	14.87
15.67	15.09
15.75	15.31
15.83	15.57
15.92	15.86
16.00	16.11
16.08	16.35
16.17	16.59
16.25	16.84
16.33	17.07
16.42	17.30
16.50	17.51
16.58	17.69
16.67	17.84
16.75	17.96
16.83	18.04
16.92	18.14
17.00	18.26
17.08	18.36
17.17	18.43
17.25	18.49
17.33	18.54
17.42	18.60
17.50	18.69
17.58	18.81
17.67	18.91
17.75	19.00
17.83	19.08
17.92	19.15
18.00	19.23
18.08	19.34
18.17	19.44
18.25	19.52
18.33	19.59
18.42	19.62
18.50	19.58
18.58	19.56
18.67	19.56
18.75	19.56
18.83	19.55
18.92	19.51
19.00	19.41
19.08	19.27
19.17	19.11
19.25	18.93
19.33	18.69
19.42	18.41
19.50	18.10
19.58	17.72
19.67	17.28
19.75	16.81
19.83	16.37
19.92	15.94
20.00	15.49
20.08	15.02
20.17	14.55
20.25	14.08
20.33	13.69
20.42	13.32
20.50	12.97
20.58	12.64
20.67	12.32
20.75	12.00
20.83	11.64
20.92	11.29
21.00	10.95
21.08	10.63
21.17	10.32
21.25	10.02
21.33	9.70
21.42	9.38
21.50	9.09
21.58	8.84
21.67	8.61
21.75	8.39
21.83	8.17
21.92	7.97
22.00	7.78
22.08	7.60
22.17	7.43
22.25	7.27
22.33	7.13
22.42	6.99
22.50	6.87
22.58	6.72
22.67	6.58
22.75	6.47
22.83	6.37
22.92	6.28
23.00	6.20
23.08	6.11
23.17	6.03
23.25	5.95
23.33	5.87
23.42	5.78
23.50	5.69
23.58	5.61
23.67	5.55
23.75	5.50
23.83	5.47
23.92	5.45
0.00	3.62
0.08	3.61
0.17	3.59
0.25	3.55
0.33	3.51
0.42	3.49
0.50	3.46
0.58	3.41
0.67	3.34
0.75	3.26
0.83	3.19
0.92	3.12
1.00	3.05
1.08	2.99
1.17	2.93
1.25	2.87
1.33	2.83
1.42	2.80
1.50	2.77
1.58	2.74
1.67	2.72
1.75	2.70
1.83	2.69
1.92	2.70
2.00	2.70
2.08	2.70
2.17	2.71
2.25	2.71
2.33	2.72
2.42	2.73
2.50	2.75
2.58	2.77
2.67	2.79
2.75	2.81
2.83	2.82
2.92	2.82
3.00	2.83
3.08	2.84
3.17	2.84
3.25	2.85
3.33	2.84
3.42	2.83
3.50	2.83
3.58	2.82
3.67	2.82
3.75	2.82
3.83	2.82
3.92	2.82
4.00	2.82
4.08	2.81
4.17	2.81
4.25	2.81
4.33	2.81
4.42	2.81
4.50	2.81
4.58	2.80
4.67	2.80
4.75	2.79
4.83	2.78
4.92	2.77
5.00	2.76
5.08	2.76
5.17	2.75
5.25	2.75
5.33	2.73
5.42	2.71
5.50	2.69
5.58	2.66
5.67	2.63
5.75	2.59
5.83	2.54
5.92	2.50
6.00	2.45
6.08	2.41
6.17	2.38
6.25	2.35
6.33	2.32
6.42	2.29
6.50	2.26
6.58	2.24
6.67	2.21
6.75	2.20
6.83	2.19
6.92	2.18
7.00	2.17
7.08	2.14
7.17	2.12
7.25	2.09
7.33	2.07
7.42	2.05
7.50	2.02
7.58	2.00
7.67	1.96
7.75	1.93
7.83	1.89
7.92	1.85
8.00	1.81
8.08	1.77
8.17	1.73
8.25	1.69
8.33	1.65
8.42	1.61
8.50	1.58
8.58	1.55
8.67	1.53
8.75	1.51
8.83	1.49
8.92	1.48
9.00	1.49
9.08	1.51
9.17	1.56
9.25	1.66
9.33	1.78
9.42	1.93
9.50	2.09
9.58	2.28
9.67	2.48
9.75	2.70
9.83	2.93
9.92	3.17
10.00	3.41
10.08	3.64
10.17	3.83
10.25	4.00
10.33	4.17
10.42	4.32
10.50	4.46
10.58	4.60
10.67	4.73
10.75	4.86
10.83	4.99
10.92	5.11
11.00	5.22
11.08	5.34
11.17	5.45
11.25	5.56
11.33	5.65
11.42	5.75
11.50	5.84
11.58	5.92
11.67	5.99
11.75	6.05
11.83	6.11
11.92	6.17
12.00	6.25
12.08	6.33
12.17	6.43
12.25	6.53
12.33	6.65
12.42	6.79
12.50	6.94
12.58	7.11
12.67	7.30
12.75	7.52
12.83	7.75
12.92	7.99
13.00	8.25
13.08	8.53
13.17	8.80
13.25	9.03
13.33	9.27
13.42	9.52
13.50	9.78
13.58	10.03
13.67	10.28
13.75	10.53
13.83	10.78
13.92	11.03
14.00	11.25
14.08	11.45
14.17	11.71
14.25	11.98
14.33	12.24
14.42	12.50
14.50	12.77
14.58	13.04
14.67	13.32
14.75	13.61
14.83	13.88
14.92	14.13
15.00	14.42
15.08	14.71
15.17	15.00
15.25	15.31
15.33	15.62
15.42	15.92
15.50	16.23
15.58	16.54
15.67	16.86
15.75	17.23
15.83	17.65
15.92	18.01
16.00	18.36
16.08	18.72
16.17	19.08
16.25	19.43
16.33	19.81
16.42	20.19
16.50	20.54
16.58	20.87
16.67	21.15
16.75	21.38
16.83	21.63
16.92	21.90
17.00	22.15
17.08	22.39
17.17	22.61
17.25	22.80
17.33	22.95
17.42	23.16
17.50	23.38
17.58	23.58
17.67	23.75
17.75	23.89
17.83	23.96
17.92	24.01
18.00	24.08
18.08	24.12
18.17	24.15
18.25	24.17
18.33	24.14
18.42	24.01
18.50	23.88
18.58	23.80
18.67	23.71
18.75	23.65
18.83	23.60
18.92	23.49
19.00	23.35
19.08	23.19
19.17	23.02
19.25	22.82
19.33	22.58
19.42	22.34
19.50	22.06
19.58	21.72
19.67	21.37
19.75	21.04
19.83	20.80
19.92	20.56
20.00	20.31
20.08	20.04
20.17	19.75
20.25	19.54
20.33	19.36
20.42	19.16
20.50	18.97
20.58	18.77
20.67	18.58
20.75	18.29
20.83	17.97
20.92	17.62
21.00	17.25
21.08	16.86
21.17	16.44
21.25	15.93
21.33	15.40
21.42	14.81
21.50	14.25
21.58	13.69
21.67	13.13
21.75	12.50
21.83	11.86
21.92	11.22
22.00	10.59
22.08	9.98
22.17	9.41
22.25	8.87
22.33	8.38
22.42	7.94
22.50	7.48
22.58	7.04
22.67	6.64
22.75	6.32
22.83	6.04
22.92	5.80
23.00	5.59
23.08	5.41
23.17	5.24
23.25	5.10
23.33	4.97
23.42	4.85
23.50	4.74
23.58	4.65
23.67	4.57
23.75	4.52
23.83	4.48
23.92	4.46
0.00	4.69
0.08	4.68
0.17	4.67
0.25	4.64
0.33	4.58
0.42	4.51
0.50	4.45
0.58	4.37
0.67	4.28
0.75	4.20
0.83	4.11
0.92	4.03
1.00	3.95
1.08	3.87
1.17	3.79
1.25	3.72
1.33	3.67
1.42	3.62
1.50	3.59
1.58	3.55
1.67	3.53
1.75	3.50
1.83	3.49
1.92	3.47
2.00	3.47
2.08	3.46
2.17	3.45
2.25	3.44
2.33	3.44
2.42	3.45
2.50	3.45
2.58	3.46
2.67	3.46
2.75	3.46
2.83	3.47
2.92	3.47
3.00	3.47
3.08	3.47
3.17	3.47
3.25	3.46
3.33	3.43
3.42	3.40
3.50	3.37
3.58	3.34
3.67	3.32
3.75	3.30
3.83	3.28
3.92	3.26
4.00	3.24
4.08	3.22
4.17	3.21
4.25	3.22
4.33	3.24
4.42	3.25
4.50	3.27
4.58	3.30
4.67	3.33
4.75	3.35
4.83	3.38
4.92	3.41
5.00	3.45
5.08	3.49
5.17	3.53
5.25	3.56
5.33	3.59
5.42	3.62
5.50	3.63
5.58	3.64
5.67	3.64
5.75	3.62
5.83	3.61
5.92	3.58
6.00	3.55
6.08	3.50
6.17	3.45
6.25	3.38
6.33	3.30
6.42	3.22
6.50	3.14
6.58	3.05
6.67	2.97
6.75	2.88
6.83	2.80
6.92	2.71
7.00	2.63
7.08	2.55
7.17	2.48
7.25	2.42
7.33	2.36
7.42	2.30
7.50	2.25
7.58	2.20
7.67	2.16
7.75	2.12
7.83	2.08
7.92	2.04
8.00	2.01
8.08	1.98
8.17	1.96
8.25	1.93
8.33	1.91
8.42	1.89
8.50	1.86
8.58	1.84
8.67	1.82
8.75	1.80
8.83	1.78
8.92	1.77
9.00	1.77
9.08	1.79
9.17	1.85
9.25	1.95
9.33	2.06
9.42	2.20
9.50	2.36
9.58	2.55
9.67	2.75
9.75	2.98
9.83	3.22
9.92	3.47
10.00	3.72
10.08	3.93
10.17	4.13
10.25	4.33
10.33	4.52
10.42	4.70
10.50	4.88
10.58	5.07
10.67	5.26
10.75	5.45
10.83	5.65
10.92	5.85
11.00	6.07
11.08	6.30
11.17	6.53
11.25	6.76
11.33	6.98
11.42	7.21
11.50	7.44
11.58	7.64
11.67	7.83
11.75	8.02
11.83	8.20
11.92	8.37
12.00	8.53
12.08	8.69
12.17	8.85
12.25	9.00
12.33	9.16
12.42	9.31
12.50	9.45
12.58	9.60
12.67	9.73
12.75	9.85
12.83	9.98
12.92	10.10
13.00	10.23
13.08	10.36
13.17	10.46
13.25	10.56
13.33	10.67
13.42	10.78
13.50	10.89
13.58	11.02
13.67	11.17
13.75	11.33
13.83	11.50
13.92	11.65
14.00	11.79
14.08	11.95
14.17	12.12
14.25	12.31
14.33	12.50
14.42	12.69
14.50	12.89
14.58	13.09
14.67	13.29
14.75	13.48
14.83	13.63
14.92	13.81
15.00	13.99
15.08	14.18
15.17	14.38
15.25	14.57
15.33	14.77
15.42	14.97
15.50	15.18
15.58	15.40
15.67	15.63
15.75	15.88
15.83	16.11
15.92	16.32
16.00	16.52
16.08	16.72
16.17	16.90
16.25	17.07
16.33	17.24
16.42	17.37
16.50	17.43
16.58	17.46
16.67	17.47
16.75	17.48
16.83	17.51
16.92	17.54
17.00	17.56
17.08	17.56
17.17	17.54
17.25	17.49
17.33	17.45
17.42	17.46
17.50	17.48
17.58	17.47
17.67	17.44
17.75	17.40
17.83	17.35
17.92	17.34
18.00	17.32
18.08	17.29
18.17	17.26
18.25	17.21
18.33	17.11
18.42	17.00
18.50	16.96
18.58	16.94
18.67	16.93
18.75	16.90
18.83	16.82
18.92	16.69
19.00	16.57
19.08	16.48
19.17	16.38
19.25	16.26
19.33	16.15
19.42	16.01
19.50	15.82
19.58	15.64
19.67	15.49
19.75	15.41
19.83	15.35
19.92	15.29
20.00	15.22
20.08	15.13
20.17	15.08
20.25	15.06
20.33	15.02
20.42	14.97
20.50	14.91
20.58	14.84
20.67	14.71
20.75	14.54
20.83	14.35
20.92	14.15
21.00	13.92
21.08	13.68
21.17	13.40
21.25	13.11
21.33	12.80
21.42	12.52
21.50	12.27
21.58	11.99
21.67	11.66
21.75	11.31
21.83	10.96
21.92	10.59
22.00	10.24
22.08	9.89
22.17	9.56
22.25	9.24
22.33	8.95
22.42	8.63
22.50	8.32
22.58	8.04
22.67	7.81
22.75	7.61
22.83	7.43
22.92	7.27
23.00	7.11
23.08	6.93
23.17	6.76
23.25	6.61
23.33	6.47
23.42	6.32
23.50	6.19
23.58	6.08
23.67	5.98
23.75	5.90
23.83	5.82
23.92	5.76
0.00	6.70
0.08	6.69
0.17	6.66
0.25	6.60
0.33	6.51
0.42	6.41
0.50	6.29
0.58	6.17
0.67	6.04
0.75	5.89
0.83	5.75
0.92	5.60
1.00	5.42
1.08	5.24
1.17	5.09
1.25	4.96
1.33	4.84
1.42	4.73
1.50	4.63
1.58	4.54
1.67	4.47
1.75	4.42
1.83	4.36
1.92	4.32
2.00	4.29
2.08	4.26
2.17	4.23
2.25	4.20
2.33	4.19
2.42	4.18
2.50	4.17
2.58	4.15
2.67	4.11
2.75	4.08
2.83	4.05
2.92	4.04
3.00	4.02
3.08	4.01
3.17	4.00
3.25	3.98
3.33	3.96
3.42	3.96
3.50	3.96
3.58	3.97
3.67	3.97
3.75	3.98
3.83	3.99
3.92	3.99
4.00	4.00
4.08	4.01
4.17	4.02
4.25	4.03
4.33	4.02
4.42	4.00
4.50	3.99
4.58	3.98
4.67	3.97
4.75	3.96
4.83	3.94
4.92	3.90
5.00	3.86
5.08	3.80
5.17	3.74
5.25	3.69
5.33	3.64
5.42	3.58
5.50	3.51
5.58	3.44
5.67	3.37
5.75	3.30
5.83	3.24
5.92	3.19
6.00	3.17
6.08	3.14
6.17	3.12
6.25	3.09
6.33	3.06
6.42	3.03
6.50	2.99
6.58	2.95
6.67	2.92
6.75	2.89
6.83	2.85
6.92	2.80
7.00	2.75
7.08	2.70
7.17	2.64
7.25	2.60
7.33	2.56
7.42	2.51
7.50	2.47
7.58	2.41
7.67	2.36
7.75	2.31
7.83	2.25
7.92	2.20
8.00	2.15
8.08	2.11
8.17	2.07
8.25	2.03
8.33	1.99
8.42	1.96
8.50	1.93
8.58	1.91
8.67	1.89
8.75	1.87
8.83	1.86
8.92	1.85
9.00	1.86
9.08	1.91
9.17	1.99
9.25	2.08
9.33	2.20
9.42	2.35
9.50	2.52
9.58	2.72
9.67	2.95
9.75	3.19
9.83	3.45
9.92	3.72
10.00	3.97
10.08	4.20
10.17	4.42
10.25	4.64
10.33	4.84
10.42	5.04
10.50	5.22
10.58	5.41
10.67	5.58
10.75	5.75
10.83	5.91
10.92	6.05
11.00	6.20
11.08	6.34
11.17	6.47
11.25	6.60
11.33	6.72
11.42	6.85
11.50	6.96
11.58	7.06
11.67	7.16
11.75	7.26
11.83	7.38
11.92	7.51
12.00	7.65
12.08	7.80
12.17	7.97
12.25	8.15
12.33	8.35
12.42	8.55
12.50	8.77
12.58	9.00
12.67	9.24
12.75	9.49
12.83	9.77
12.92	10.08
13.00	10.39
13.08	10.69
13.17	10.99
13.25	11.31
13.33	11.63
13.42	11.96
13.50	12.30
13.58	12.66
13.67	13.03
13.75	13.40
13.83	13.75
13.92	14.07
14.00	14.41
14.08	14.78
14.17	15.16
14.25	15.54
14.33	15.96
14.42	16.39
14.50	16.81
14.58	17.25
14.67	17.68
14.75	18.06
14.83	18.47
14.92	18.89
15.00	19.31
15.08	19.72
15.17	20.14
15.25	20.54
15.33	20.92
15.42	21.28
15.50	21.63
15.58	21.97
15.67	22.32
15.75	22.66
15.83	22.98
15.92	23.32
16.00	23.66
16.08	23.98
16.17	24.30
16.25	24.60
16.33	24.91
16.42	25.19
16.50	25.45
16.58	25.68
16.67	25.92
16.75	26.21
16.83	26.48
16.92	26.72
17.00	26.95
17.08	27.18
17.17	27.41
17.25	27.66
17.33	27.95
17.42	28.24
17.50	28.54
17.58	28.82
17.67	29.05
17.75	29.24
17.83	29.38
17.92	29.49
18.00	29.56
18.08	29.59
18.17	29.59
18.25	29.51
18.33	29.41
18.42	29.28
18.50	29.13
18.58	28.99
18.67	28.86
18.75	28.71
18.83	28.58
18.92	28.42
19.00	28.25
19.08	28.07
19.17	27.87
19.25	27.67
19.33	27.44
19.42	27.21
19.50	26.93
19.58	26.61
19.67	26.35
19.75	26.09
19.83	25.80
19.92	25.48
20.00	25.11
20.08	24.70
20.17	24.23
20.25	23.72
20.33	23.19
20.42	22.62
20.50	22.03
20.58	21.36
20.67	20.61
20.75	19.83
20.83	19.04
20.92	18.29
21.00	17.54
21.08	16.80
21.17	16.08
21.25	15.36
21.33	14.70
21.42	14.12
21.50	13.59
21.58	13.08
21.67	12.57
21.75	12.10
21.83	11.64
21.92	11.20
22.00	10.80
22.08	10.41
22.17	10.06
22.25	9.73
22.33	9.39
22.42	9.04
22.50	8.71
22.58	8.42
22.67	8.15
22.75	7.89
22.83	7.64
22.92	7.40
23.00	7.13
23.08	6.87
23.17	6.62
23.25	6.37
23.33	6.11
23.42	5.86
23.50	5.65
23.58	5.47
23.67	5.29
23.75	5.15
23.83	5.03
23.92	4.98
0.00	5.29
0.08	5.29
0.17	5.27
0.25	5.23
0.33	5.17
0.42	5.11
0.50	5.04
0.58	4.97
0.67	4.91
0.75	4.85
0.83	4.80
0.92	4.76
1.00	4.70
1.08	4.66
1.17	4.63
1.25	4.60
1.33	4.58
1.42	4.55
1.50	4.52
1.58	4.52
1.67	4.52
1.75	4.51
1.83	4.49
1.92	4.46
2.00	4.44
2.08	4.42
2.17	4.41
2.25	4.43
2.33	4.47
2.42	4.52
2.50	4.55
2.58	4.57
2.67	4.59
2.75	4.61
2.83	4.66
2.92	4.71
3.00	4.76
3.08	4.81
3.17	4.85
3.25	4.87
3.33	4.90
3.42	4.94
3.50	4.98
3.58	5.02
3.67	5.08
3.75	5.15
3.83	5.20
3.92	5.26
4.00	5.32
4.08	5.38
4.17	5.44
4.25	5.47
4.33	5.50
4.42	5.54
4.50	5.58
4.58	5.62
4.67	5.65
4.75	5.67
4.83	5.68
4.92	5.68
5.00	5.68
5.08	5.67
5.17	5.66
5.25	5.66
5.33	5.63
5.42	5.57
5.50	5.50
5.58	5.41
5.67	5.30
5.75	5.18
5.83	5.05
5.92	4.91
6.00	4.77
6.08	4.62
6.17	4.46
6.25	4.29
6.33	4.12
6.42	3.96
6.50	3.82
6.58	3.68
6.67	3.56
6.75	3.44
6.83	3.33
6.92	3.22
7.00	3.10
7.08	2.99
7.17	2.88
7.25	2.79
7.33	2.69
7.42	2.60
7.50	2.50
7.58	2.42
7.67	2.33
7.75	2.26
7.83	2.18
7.92	2.12
8.00	2.06
8.08	2.00
8.17	1.95
8.25	1.90
8.33	1.86
8.42	1.82
8.50	1.78
8.58	1.74
8.67	1.71
8.75	1.68
8.83	1.65
8.92	1.64
9.00	1.66
9.08	1.72
9.17	1.79
9.25	1.89
9.33	2.01
9.42	2.15
9.50	2.32
9.58	2.51
9.67	2.72
9.75	2.94
9.83	3.18
9.92	3.40
10.00	3.59
10.08	3.78
10.17	3.95
10.25	4.10
10.33	4.24
10.42	4.37
10.50	4.51
10.58	4.64
10.67	4.75
10.75	4.85
10.83	4.95
10.92	5.05
11.00	5.14
11.08	5.23
11.17	5.33
11.25	5.42
11.33	5.50
11.42	5.56
11.50	5.60
11.58	5.65
11.67	5.69
11.75	5.74
11.83	5.79
11.92	5.85
12.00	5.93
12.08	6.01
12.17	6.11
12.25	6.22
12.33	6.35
12.42	6.50
12.50	6.66
12.58	6.83
12.67	7.01
12.75	7.21
12.83	7.44
12.92	7.67
13.00	7.89
13.08	8.12
13.17	8.35
13.25	8.57
13.33	8.80
13.42	9.03
13.50	9.27
13.58	9.50
13.67	9.74
13.75	9.98
13.83	10.19
13.92	10.41
14.00	10.63
14.08	10.86
14.17	11.11
14.25	11.37
14.33	11.67
14.42	11.97
14.50	12.30
14.58	12.63
14.67	12.96
14.75	13.32
14.83	13.70
14.92	14.09
15.00	14.49
15.08	14.89
15.17	15.29
15.25	15.65
15.33	16.01
15.42	16.36
15.50	16.72
15.58	17.07
15.67	17.42
15.75	17.74
15.83	18.02
15.92	18.28
16.00	18.55
16.08	18.81
16.17	19.01
16.25	19.18
16.33	19.33
16.42	19.45
16.50	19.53
16.58	19.58
16.67	19.63
16.75	19.67
16.83	19.69
16.92	19.68
17.00	19.64
17.08	19.61
17.17	19.61
17.25	19.67
17.33	19.74
17.42	19.80
17.50	19.84
17.58	19.89
17.67	19.91
17.75	19.99
17.83	20.09
17.92	20.20
18.00	20.32
18.08	20.44
18.17	20.53
18.25	20.59
18.33	20.65
18.42	20.75
18.50	20.85
18.58	20.93
18.67	20.96
18.75	20.92
18.83	20.84
18.92	20.73
19.00	20.58
19.08	20.36
19.17	20.09
19.25	19.79
19.33	19.44
19.42	19.07
19.50	18.68
19.58	18.37
19.67	18.11
19.75	17.82
19.83	17.53
19.92	17.21
20.00	16.87
20.08	16.65
20.17	16.41
20.25	16.15
20.33	15.86
20.42	15.55
20.50	15.22
20.58	14.80
20.67	14.37
20.75	13.96
20.83	13.55
20.92	13.16
21.00	12.74
21.08	12.28
21.17	11.83
21.25	11.39
21.33	11.02
21.42	10.68
21.50	10.34
21.58	9.98
21.67	9.63
21.75	9.27
21.83	8.94
21.92	8.62
22.00	8.32
22.08	8.04
22.17	7.79
22.25	7.54
22.33	7.28
22.42	7.02
22.50	6.79
22.58	6.58
22.67	6.38
22.75	6.20
22.83	6.02
22.92	5.81
23.00	5.61
23.08	5.41
23.17	5.22
23.25	5.00
23.33	4.79
23.42	4.59
23.50	4.40
23.58	4.23
23.67	4.09
23.75	3.97
23.83	3.89
23.92	3.86
0.00	4.50
0.08	4.49
0.17	4.45
0.25	4.40
0.33	4.34
0.42	4.25
0.50	4.16
0.58	4.06
0.67	3.98
0.75	3.90
0.83	3.82
0.92	3.73
1.00	3.66
1.08	3.59
1.17	3.54
1.25	3.49
1.33	3.44
1.42	3.40
1.50	3.38
1.58	3.37
1.67	3.36
1.75	3.36
1.83	3.36
1.92	3.37
2.00	3.37
2.08	3.38
2.17	3.41
2.25	3.44
2.33	3.48
2.42	3.51
2.50	3.53
2.58	3.55
2.67	3.58
2.75	3.61
2.83	3.64
2.92	3.67
3.00	3.71
3.08	3.73
3.17	3.74
3.25	3.76
3.33	3.77
3.42	3.77
3.50	3.77
3.58	3.77
3.67	3.76
3.75	3.76
3.83	3.77
3.92	3.77
4.00	3.78
4.08	3.78
4.17	3.79
4.25	3.79
4.33	3.81
4.42	3.84
4.50	3.88
4.58	3.92
4.67	3.97
4.75	4.01
4.83	4.04
4.92	4.06
5.00	4.07
5.08	4.08
5.17	4.08
5.25	4.07
5.33	4.04
5.42	3.98
5.50	3.91
5.58	3.82
5.67	3.71
5.75	3.61
5.83	3.50
5.92	3.39
6.00	3.29
6.08	3.17
6.17	3.06
6.25	2.95
6.33	2.85
6.42	2.76
6.50	2.68
6.58	2.61
6.67	2.54
6.75	2.47
6.83	2.40
6.92	2.34
7.00	2.29
7.08	2.24
7.17	2.19
7.25	2.14
7.33	2.10
7.42	2.04
7.50	1.99
7.58	1.95
7.67	1.91
7.75	1.87
7.83	1.83
7.92	1.79
8.00	1.75
8.08	1.72
8.17	1.69
8.25	1.67
8.33	1.65
8.42	1.65
8.50	1.64
8.58	1.63
8.67	1.63
8.75	1.63
8.83	1.63
8.92	1.67
9.00	1.73
9.08	1.80
9.17	1.90
9.25	2.02
9.33	2.16
9.42	2.32
9.50	2.51
9.58	2.73
9.67	2.97
9.75	3.23
9.83	3.49
9.92	3.72
10.00	3.95
10.08	4.17
10.17	4.38
10.25	4.57
10.33	4.77
10.42	4.97
10.50	5.15
10.58	5.32
10.67	5.47
10.75	5.62
10.83	5.77
10.92	5.92
11.00	6.06
11.08	6.21
11.17	6.35
11.25	6.48
11.33	6.60
11.42	6.71
11.50	6.82
11.58	6.93
11.67	7.06
11.75	7.18
11.83	7.32
11.92	7.46
12.00	7.61
12.08	7.78
12.17	7.96
12.25	8.16
12.33	8.37
12.42	8.59
12.50	8.82
12.58	9.06
12.67	9.32
12.75	9.59
12.83	9.89
12.92	10.18
13.00	10.47
13.08	10.77
13.17	11.08
13.25	11.40
13.33	11.74
13.42	12.08
13.50	12.45
13.58	12.83
13.67	13.21
13.75	13.58
13.83	13.93
13.92	14.32
14.00	14.70
14.08	15.08
14.17	15.47
14.25	15.87
14.33	16.26
14.42	16.64
14.50	17.00
14.58	17.32
14.67	17.61
14.75	17.92
14.83	18.20
14.92	18.47
15.00	18.72
15.08	18.96
15.17	19.17
15.25	19.36
15.33	19.54
15.42	19.72
15.50	19.89
15.58	20.09
15.67	20.25
15.75	20.41
15.83	20.57
15.92	20.74
16.00	20.92
16.08	21.09
16.17	21.27
16.25	21.42
16.33	21.56
16.42	21.71
16.50	21.86
16.58	22.04
16.67	22.21
16.75	22.37
16.83	22.53
16.92	22.70
17.00	22.84
17.08	22.96
17.17	23.11
17.25	23.29
17.33	23.43
17.42	23.54
17.50	23.63
17.58	23.72
17.67	23.84
17.75	23.95
17.83	24.05
17.92	24.14
18.00	24.25
18.08	24.33
18.17	24.36
18.25	24.37
18.33	24.38
18.42	24.39
18.50	24.40
18.58	24.38
18.67	24.32
18.75	24.25
18.83	24.14
18.92	24.00
19.00	23.83
19.08	23.63
19.17	23.42
19.25	23.19
19.33	22.93
19.42	22.63
19.50	22.36
19.58	22.09
19.67	21.81
19.75	21.55
19.83	21.31
19.92	21.09
20.00	20.94
20.08	20.78
20.17	20.63
20.25	20.50
20.33	20.41
20.42	20.32
20.50	20.18
20.58	20.03
20.67	19.84
20.75	19.62
20.83	19.36
20.92	19.02
21.00	18.62
21.08	18.18
21.17	17.72
21.25	17.28
21.33	16.80
21.42	16.28
21.50	15.72
21.58	15.15
21.67	14.58
21.75	14.00
21.83	13.43
21.92	12.89
22.00	12.36
22.08	11.87
22.17	11.39
22.25	10.89
22.33	10.42
22.42	9.99
22.50	9.60
22.58	9.23
22.67	8.88
22.75	8.55
22.83	8.22
22.92	7.89
23.00	7.58
23.08	7.30
23.17	7.02
23.25	6.76
23.33	6.54
23.42	6.34
23.50	6.15
23.58	5.99
23.67	5.88
23.75	5.80
23.83	5.75
23.92	5.74
0.00	5.51
0.08	5.48
0.17	5.43
0.25	5.37
0.33	5.29
0.42	5.20
0.50	5.09
0.58	4.99
0.67	4.89
0.75	4.78
0.83	4.67
0.92	4.57
1.00	4.49
1.08	4.43
1.17	4.37
1.25	4.32
1.33	4.28
1.42	4.27
1.50	4.26
1.58	4.27
1.67	4.29
1.75	4.32
1.83	4.37
1.92	4.41
2.00	4.45
2.08	4.52
2.17	4.60
2.25	4.68
2.33	4.76
2.42	4.83
2.50	4.91
2.58	4.99
2.67	5.08
2.75	5.19
2.83	5.30
2.92	5.40
3.00	5.50
3.08	5.56
3.17	5.61
3.25	5.64
3.33	5.65
3.42	5.64
3.50	5.62
3.58	5.58
3.67	5.51
3.75	5.41
3.83	5.30
3.92	5.19
4.00	5.08
4.08	4.98
4.17	4.89
4.25	4.81
4.33	4.74
4.42	4.68
4.50	4.64
4.58	4.60
4.67	4.58
4.75	4.57
4.83	4.56
4.92	4.55
5.00	4.53
5.08	4.51
5.17	4.47
5.25	4.42
5.33	4.37
5.42	4.30
5.50	4.21
5.58	4.11
5.67	4.00
5.75	3.89
5.83	3.77
5.92	3.65
6.00	3.53
6.08	3.40
6.17	3.28
6.25	3.15
6.33	3.02
6.42	2.92
6.50	2.82
6.58	2.72
6.67	2.63
6.75	2.54
6.83	2.46
6.92	2.39
7.00	2.33
7.08	2.27
7.17	2.22
7.25	2.17
7.33	2.12
7.42	2.07
7.50	2.03
7.58	1.99
7.67	1.95
7.75	1.92
7.83	1.89
7.92	1.86
8.00	1.83
8.08	1.81
8.17	1.80
8.25	1.78
8.33	1.77
8.42	1.75
8.50	1.74
8.58	1.73
8.67	1.72
8.75	1.71
8.83	1.73
8.92	1.78
9.00	1.83
9.08	1.91
9.17	2.00
9.25	2.12
9.33	2.26
9.42	2.43
9.50	2.62
9.58	2.83
9.67	3.05
9.75	3.27
9.83	3.46
9.92	3.66
10.00	3.84
10.08	4.03
10.17	4.20
10.25	4.37
10.33	4.54
10.42	4.70
10.50	4.80
10.58	NaN
10.67	NaN
10.75	NaN
10.83	NaN
10.92	NaN
11.00	NaN
11.08	NaN
11.17	NaN
11.25	NaN
11.33	NaN
11.42	NaN
11.50	NaN
11.58	NaN
11.67	NaN
11.75	NaN
11.83	NaN
11.92	NaN
12.00	NaN
12.08	NaN
12.17	NaN
12.25	NaN
12.33	NaN
12.42	NaN
12.50	NaN
12.58	NaN
12.67	NaN
12.75	NaN
12.83	NaN
12.92	NaN
13.00	NaN
13.08	NaN
13.17	NaN
13.25	NaN
13.33	NaN
13.42	NaN
13.50	NaN
13.58	NaN
13.67	NaN
13.75	NaN
13.83	NaN
13.92	NaN
14.00	NaN
14.08	NaN
14.17	NaN
14.25	NaN
14.33	NaN
14.42	NaN
14.50	NaN
14.58	NaN
14.67	NaN
14.75	NaN
14.83	NaN
14.92	NaN
15.00	NaN
15.08	NaN
15.17	NaN
15.25	NaN
15.33	NaN
15.42	NaN
15.50	NaN
15.58	NaN
15.67	NaN
15.75	NaN
15.83	NaN
15.92	NaN
16.00	NaN
16.08	NaN
16.17	NaN
16.25	NaN
16.33	NaN
16.42	NaN
16.50	NaN
16.58	NaN
16.67	NaN
16.75	NaN
16.83	NaN
16.92	NaN
17.00	NaN
17.08	NaN
17.17	NaN
17.25	NaN
17.33	NaN
17.42	NaN
17.50	NaN
17.58	NaN
17.67	NaN
17.75	NaN
17.83	NaN
17.92	NaN
18.00	NaN
18.08	NaN
18.17	NaN
18.25	NaN
18.33	NaN
18.42	NaN
18.50	NaN
18.58	NaN
18.67	NaN
18.75	NaN
18.83	NaN
18.92	NaN
19.00	NaN
19.08	NaN
19.17	NaN
19.25	NaN
19.33	NaN
19.42	NaN
19.50	NaN
19.58	NaN
19.67	NaN
19.75	NaN
19.83	NaN
19.92	NaN
20.00	NaN
20.08	NaN
20.17	NaN
20.25	NaN
20.33	NaN
20.42	NaN
20.50	NaN
20.58	NaN
20.67	NaN
20.75	NaN
20.83	NaN
20.92	NaN
21.00	NaN
21.08	NaN
21.17	NaN
21.25	NaN
21.33	NaN
21.42	NaN
21.50	NaN
21.58	NaN
21.67	NaN
21.75	NaN
21.83	NaN
21.92	NaN
22.00	NaN
22.08	NaN
22.17	NaN
22.25	NaN
22.33	NaN
22.42	NaN
22.50	NaN
22.58	NaN
22.67	NaN
22.75	NaN
22.83	NaN
22.92	NaN
23.00	NaN
23.08	NaN
23.17	NaN
23.25	NaN
23.33	NaN
23.42	NaN
23.50	NaN
23.58	NaN
23.67	NaN
23.75	NaN
23.83	NaN
23.92	NaN
0.00	NaN
0.08	NaN
0.17	NaN
0.25	NaN
0.33	NaN
0.42	NaN
0.50	NaN
0.58	NaN
0.67	NaN
0.75	NaN
0.83	NaN
0.92	NaN
1.00	NaN
1.08	NaN
1.17	NaN
1.25	NaN
1.33	NaN
1.42	NaN
1.50	NaN
1.58	NaN
1.67	NaN
1.75	NaN
1.83	NaN
1.92	NaN
2.00	NaN
2.08	NaN
2.17	NaN
2.25	NaN
2.33	NaN
2.42	NaN
2.50	NaN
2.58	NaN
2.67	NaN
2.75	NaN
2.83	NaN
2.92	NaN
3.00	NaN
3.08	NaN
3.17	NaN
3.25	NaN
3.33	NaN
3.42	NaN
3.50	NaN
3.58	NaN
3.67	NaN
3.75	NaN
3.83	NaN
3.92	NaN
4.00	NaN
4.08	NaN
4.17	NaN
4.25	NaN
4.33	NaN
4.42	NaN
4.50	NaN
4.58	NaN
4.67	NaN
4.75	NaN
4.83	NaN
4.92	NaN
5.00	NaN
5.08	NaN
5.17	NaN
5.25	NaN
5.33	NaN
5.42	NaN
5.50	NaN
5.58	NaN
5.67	NaN
5.75	NaN
5.83	NaN
5.92	NaN
6.00	NaN
6.08	NaN
6.17	NaN
6.25	NaN
6.33	NaN
6.42	NaN
6.50	NaN
6.58	NaN
6.67	NaN
6.75	NaN
6.83	NaN
6.92	NaN
7.00	NaN
7.08	NaN
7.17	NaN
7.25	NaN
7.33	NaN
7.42	NaN
7.50	NaN
7.58	NaN
7.67	NaN
7.75	NaN
7.83	NaN
7.92	NaN
8.00	NaN
8.08	NaN
8.17	NaN
8.25	NaN
8.33	NaN
8.42	NaN
8.50	NaN
8.58	NaN
8.67	NaN
8.75	NaN
8.83	NaN
8.92	NaN
9.00	NaN
9.08	NaN
9.17	NaN
9.25	NaN
9.33	NaN
9.42	NaN
9.50	NaN
9.58	NaN
9.67	NaN
9.75	NaN
9.83	NaN
9.92	NaN
10.00	NaN
10.08	NaN
10.17	NaN
10.25	NaN
10.33	NaN
10.42	NaN
10.50	NaN
10.58	NaN
10.67	NaN
10.75	NaN
10.83	NaN
10.92	NaN
11.00	NaN
11.08	NaN
11.17	NaN
11.25	NaN
11.33	NaN
11.42	NaN
11.50	NaN
11.58	NaN
11.67	NaN
11.75	NaN
11.83	NaN
11.92	NaN
12.00	NaN
12.08	NaN
12.17	NaN
12.25	NaN
12.33	NaN
12.42	NaN
12.50	NaN
12.58	NaN
12.67	NaN
12.75	NaN
12.83	NaN
12.92	NaN
13.00	NaN
13.08	NaN
13.17	NaN
13.25	NaN
13.33	NaN
13.42	NaN
13.50	NaN
13.58	NaN
13.67	NaN
13.75	NaN
13.83	NaN
13.92	NaN
14.00	NaN
14.08	NaN
14.17	NaN
14.25	NaN
14.33	NaN
14.42	NaN
14.50	NaN
14.58	NaN
14.67	NaN
14.75	NaN
14.83	NaN
14.92	NaN
15.00	NaN
15.08	NaN
15.17	NaN
15.25	NaN
15.33	NaN
15.42	NaN
15.50	NaN
15.58	NaN
15.67	NaN
15.75	NaN
15.83	NaN
15.92	NaN
16.00	NaN
16.08	NaN
16.17	NaN
16.25	NaN
16.33	NaN
16.42	NaN
16.50	NaN
16.58	NaN
16.67	NaN
16.75	NaN
16.83	NaN
16.92	NaN
17.00	NaN
17.08	NaN
17.17	NaN
17.25	NaN
17.33	NaN
17.42	NaN
17.50	NaN
17.58	NaN
17.67	NaN
17.75	NaN
17.83	NaN
17.92	NaN
18.00	NaN
18.08	NaN
18.17	NaN
18.25	NaN
18.33	NaN
18.42	NaN
18.50	NaN
18.58	NaN
18.67	NaN
18.75	NaN
18.83	NaN
18.92	NaN
19.00	NaN
19.08	NaN
19.17	NaN
19.25	NaN
19.33	NaN
19.42	NaN
19.50	NaN
19.58	NaN
19.67	NaN
19.75	NaN
19.83	NaN
19.92	NaN
20.00	NaN
20.08	NaN
20.17	NaN
20.25	NaN
20.33	NaN
20.42	NaN
20.50	NaN
20.58	NaN
20.67	NaN
20.75	NaN
20.83	NaN
20.92	NaN
21.00	NaN
21.08	NaN
21.17	NaN
21.25	NaN
21.33	NaN
21.42	NaN
21.50	NaN
21.58	NaN
21.67	NaN
21.75	NaN
21.83	NaN
21.92	NaN
22.00	NaN
22.08	NaN
22.17	NaN
22.25	NaN
22.33	NaN
22.42	NaN
22.50	NaN
22.58	NaN
22.67	NaN
22.75	NaN
22.83	NaN
22.92	NaN
23.00	NaN
23.08	NaN
23.17	NaN
23.25	NaN
23.33	NaN
23.42	NaN
23.50	NaN
23.58	NaN
23.67	NaN
23.75	NaN
23.83	NaN
23.92	NaN
0.00	NaN
0.08	NaN
0.17	NaN
0.25	NaN
0.33	NaN
0.42	NaN
0.50	NaN
0.58	NaN
0.67	NaN
0.75	NaN
0.83	NaN
0.92	NaN
1.00	NaN
1.08	NaN
1.17	NaN
1.25	NaN
1.33	NaN
1.42	4.57
1.50	4.55
1.58	4.53
1.67	4.49
1.75	4.46
1.83	4.43
1.92	4.41
2.00	4.43
2.08	4.46
2.17	4.49
2.25	4.51
2.33	4.55
2.42	4.59
2.50	4.65
2.58	4.73
2.67	4.83
2.75	4.96
2.83	5.09
2.92	5.21
3.00	5.30
3.08	5.39
3.17	5.47
3.25	5.55
3.33	5.61
3.42	5.64
3.50	5.68
3.58	5.76
3.67	5.81
3.75	5.85
3.83	5.87
3.92	5.89
4.00	5.90
4.08	5.92
4.17	5.94
4.25	5.95
4.33	5.95
4.42	5.95
4.50	5.89
4.58	5.79
4.67	5.65
4.75	5.51
4.83	5.35
4.92	5.19
5.00	5.03
5.08	4.86
5.17	4.68
5.25	4.51
5.33	4.34
5.42	4.18
5.50	4.04
5.58	3.93
5.67	3.84
5.75	3.76
5.83	3.67
5.92	3.58
6.00	3.48
6.08	3.38
6.17	3.27
6.25	3.18
6.33	3.11
6.42	3.03
6.50	2.94
6.58	2.85
6.67	2.75
6.75	2.66
6.83	2.57
6.92	2.50
7.00	2.43
7.08	2.37
7.17	2.30
7.25	2.24
7.33	2.17
7.42	2.10
7.50	2.04
7.58	1.97
7.67	1.92
7.75	1.88
7.83	1.84
7.92	1.81
8.00	1.78
8.08	1.75
8.17	1.74
8.25	1.72
8.33	1.71
8.42	1.70
8.50	1.69
8.58	1.68
8.67	1.68
8.75	1.71
8.83	1.76
8.92	1.82
9.00	1.89
9.08	1.98
9.17	2.09
9.25	2.24
9.33	2.41
9.42	2.61
9.50	2.84
9.58	3.10
9.67	3.36
9.75	3.63
9.83	3.91
9.92	4.21
10.00	4.52
10.08	4.82
10.17	5.14
10.25	5.46
10.33	5.77
10.42	6.08
10.50	6.38
10.58	6.68
10.67	6.96
10.75	7.23
10.83	7.49
10.92	7.74
11.00	7.97
11.08	8.19
11.17	8.38
11.25	8.55
11.33	8.71
11.42	8.85
11.50	8.99
11.58	9.14
11.67	9.30
11.75	9.47
11.83	9.65
11.92	9.85
12.00	10.07
12.08	10.32
12.17	10.58
12.25	10.86
12.33	11.16
12.42	11.46
12.50	11.77
12.58	12.09
12.67	12.40
12.75	12.69
12.83	12.95
12.92	13.20
13.00	13.45
13.08	13.69
13.17	13.90
13.25	14.10
13.33	14.29
13.42	14.47
13.50	14.62
13.58	14.74
13.67	14.86
13.75	14.99
13.83	15.13
13.92	15.27
14.00	15.44
14.08	15.63
14.17	15.83
14.25	16.01
14.33	16.20
14.42	16.35
14.50	16.52
14.58	16.70
14.67	16.88
14.75	17.04
14.83	17.18
14.92	17.28
15.00	17.33
15.08	17.34
15.17	17.34
15.25	17.35
15.33	17.36
15.42	17.35
15.50	17.31
15.58	17.22
15.67	17.09
15.75	16.95
15.83	16.82
15.92	16.69
16.00	16.57
16.08	16.45
16.17	16.31
16.25	16.15
16.33	15.99
16.42	15.85
16.50	15.76
16.58	15.70
16.67	15.64
16.75	15.57
16.83	15.49
16.92	15.43
17.00	15.41
17.08	15.42
17.17	15.46
17.25	15.51
17.33	15.57
17.42	15.66
17.50	15.83
17.58	16.02
17.67	16.24
17.75	16.48
17.83	16.71
17.92	16.89
18.00	17.05
18.08	17.25
18.17	17.46
18.25	17.70
18.33	17.91
18.42	18.01
18.50	18.02
18.58	18.03
18.67	18.02
18.75	17.99
18.83	17.91
18.92	17.82
19.00	17.70
19.08	17.52
19.17	17.33
19.25	17.13
19.33	17.02
19.42	16.93
19.50	16.82
19.58	16.69
19.67	16.54
19.75	16.41
19.83	16.26
19.92	16.08
20.00	15.89
20.08	15.69
20.17	15.47
20.25	15.20
20.33	14.90
20.42	14.61
20.50	14.35
20.58	14.15
20.67	13.96
20.75	13.80
20.83	13.70
20.92	13.59
21.00	13.49
21.08	13.42
21.17	13.39
21.25	13.33
21.33	13.22
21.42	13.09
21.50	12.92
21.58	12.72
21.67	12.52
21.75	12.30
21.83	12.08
21.92	11.86
22.00	11.65
22.08	11.41
22.17	11.14
22.25	10.90
22.33	10.67
22.42	10.45
22.50	10.23
22.58	9.99
22.67	9.72
22.75	9.45
22.83	9.21
22.92	8.99
23.00	8.76
23.08	8.58
23.17	8.44
23.25	8.33
23.33	8.20
23.42	8.08
23.50	7.95
23.58	7.89
23.67	7.89
23.75	7.92
23.83	7.96
23.92	8.00
0.00	7.43
0.08	7.40
0.17	7.34
0.25	7.22
0.33	7.07
0.42	6.88
0.50	6.68
0.58	6.50
0.67	6.32
0.75	6.19
0.83	6.07
0.92	5.98
1.00	5.89
1.08	5.82
1.17	5.78
1.25	5.78
1.33	5.78
1.42	5.80
1.50	5.82
1.58	5.84
1.67	5.87
1.75	5.89
1.83	5.94
1.92	6.03
2.00	6.15
2.08	6.28
2.17	6.39
2.25	6.50
2.33	6.63
2.42	6.76
2.50	6.89
2.58	7.01
2.67	7.14
2.75	7.25
2.83	7.32
2.92	7.35
3.00	7.33
3.08	7.29
3.17	7.24
3.25	7.15
3.33	7.05
3.42	6.97
3.50	6.91
3.58	6.84
3.67	6.75
3.75	6.66
3.83	6.57
3.92	6.48
4.00	6.41
4.08	6.32
4.17	6.22
4.25	6.12
4.33	6.01
4.42	5.88
4.50	5.73
4.58	5.60
4.67	5.47
4.75	5.36
4.83	5.26
4.92	5.17
5.00	5.09
5.08	5.02
5.17	4.97
5.25	4.92
5.33	4.86
5.42	4.78
5.50	4.71
5.58	4.63
5.67	4.53
5.75	4.41
5.83	4.29
5.92	4.16
6.00	4.02
6.08	3.87
6.17	3.72
6.25	3.58
6.33	3.45
6.42	3.32
6.50	3.19
6.58	3.07
6.67	2.95
6.75	2.84
6.83	2.75
6.92	2.67
7.00	2.59
7.08	2.52
7.17	2.45
7.25	2.39
7.33	2.33
7.42	2.27
7.50	2.22
7.58	2.18
7.67	2.14
7.75	2.10
7.83	2.07
7.92	2.04
8.00	2.01
8.08	1.98
8.17	1.96
8.25	1.94
8.33	1.91
8.42	1.89
8.50	1.87
8.58	1.85
8.67	1.87
8.75	1.91
8.83	1.96
8.92	2.04
9.00	2.13
9.08	2.25
9.17	2.41
9.25	2.60
9.33	2.82
9.42	3.06
9.50	3.33
9.58	3.61
9.67	3.89
9.75	4.18
9.83	4.47
9.92	4.76
10.00	5.05
10.08	5.32
10.17	5.59
10.25	5.85
10.33	6.09
10.42	6.33
10.50	6.55
10.58	6.77
10.67	6.98
10.75	7.18
10.83	7.39
10.92	7.60
11.00	7.81
11.08	8.03
11.17	8.23
11.25	8.45
11.33	8.67
11.42	8.91
11.50	9.15
11.58	9.39
11.67	9.61
11.75	9.82
11.83	10.02
11.92	10.20
12.00	10.37
12.08	10.54
12.17	10.72
12.25	10.91
12.33	11.08
12.42	11.27
12.50	11.48
12.58	11.71
12.67	11.95
12.75	12.21
12.83	12.49
12.92	12.78
13.00	13.08
13.08	13.38
13.17	13.68
13.25	13.98
13.33	14.27
13.42	14.55
13.50	14.79
13.58	15.02
13.67	15.27
13.75	15.53
13.83	15.79
13.92	16.09
14.00	16.40
14.08	16.71
14.17	17.02
14.25	17.32
14.33	17.63
14.42	17.94
14.50	18.27
14.58	18.61
14.67	18.96
14.75	19.32
14.83	19.68
14.92	20.01
15.00	20.35
15.08	20.71
15.17	21.09
15.25	21.47
15.33	21.83
15.42	22.17
15.50	22.49
15.58	22.77
15.67	22.99
15.75	23.15
15.83	23.28
15.92	23.38
16.00	23.42
16.08	23.42
16.17	23.36
16.25	23.27
16.33	23.15
16.42	23.03
16.50	22.92
16.58	22.81
16.67	22.69
16.75	22.58
16.83	22.47
16.92	22.41
17.00	22.34
17.08	22.26
17.17	22.16
17.25	22.03
17.33	21.89
17.42	21.78
17.50	21.67
17.58	21.57
17.67	21.45
17.75	21.32
17.83	21.12
17.92	20.89
18.00	20.72
18.08	20.59
18.17	20.50
18.25	20.42
18.33	20.30
18.42	20.12
18.50	19.95
18.58	19.79
18.67	19.63
18.75	19.45
18.83	19.28
18.92	19.09
19.00	18.85
19.08	18.60
19.17	18.36
19.25	18.20
19.33	18.07
19.42	17.92
19.50	17.76
19.58	17.59
19.67	17.42
19.75	17.29
19.83	17.14
19.92	16.98
20.00	16.81
20.08	16.64
20.17	16.43
20.25	16.17
20.33	15.90
20.42	15.62
20.50	15.36
20.58	15.09
20.67	14.83
20.75	14.57
20.83	14.32
20.92	14.09
21.00	13.94
21.08	13.82
21.17	13.70
21.25	13.55
21.33	13.42
21.42	13.29
21.50	13.18
21.58	13.08
21.67	13.00
21.75	12.94
21.83	12.90
21.92	12.90
22.00	12.89
22.08	12.84
22.17	12.79
22.25	12.75
22.33	12.72
22.42	12.69
22.50	12.61
22.58	12.40
22.67	12.15
22.75	11.88
22.83	11.61
22.92	11.25
23.00	10.92
23.08	10.66
23.17	10.38
23.25	10.07
23.33	9.73
23.42	9.38
23.50	9.11
23.58	8.95
23.67	8.85
23.75	8.78
23.83	8.73
23.92	8.74
0.00	7.84
0.08	7.82
0.17	7.77
0.25	7.69
0.33	7.57
0.42	7.43
0.50	7.26
0.58	7.11
0.67	7.00
0.75	6.94
0.83	6.90
0.92	6.88
1.00	6.88
1.08	6.89
1.17	6.97
1.25	7.05
1.33	7.14
1.42	7.25
1.50	7.36
1.58	7.46
1.67	7.53
1.75	7.60
1.83	7.69
1.92	7.79
2.00	7.86
2.08	7.89
2.17	7.87
2.25	7.85
2.33	7.81
2.42	7.79
2.50	7.76
2.58	7.72
2.67	7.65
2.75	7.56
2.83	7.42
2.92	7.28
3.00	7.13
3.08	6.99
3.17	6.85
3.25	6.70
3.33	6.56
3.42	6.40
3.50	6.26
3.58	6.14
3.67	6.02
3.75	5.92
3.83	5.81
3.92	5.71
4.00	5.64
4.08	5.57
4.17	5.49
4.25	5.40
4.33	5.30
4.42	5.18
4.50	5.06
4.58	4.93
4.67	4.81
4.75	4.69
4.83	4.58
4.92	4.47
5.00	4.36
5.08	4.25
5.17	4.13
5.25	4.02
5.33	3.92
5.42	3.83
5.50	3.76
5.58	3.69
5.67	3.61
5.75	3.53
5.83	3.43
5.92	3.34
6.00	3.25
6.08	3.19
6.17	3.14
6.25	3.10
6.33	3.05
6.42	2.99
6.50	2.93
6.58	2.87
6.67	2.81
6.75	2.76
6.83	2.71
6.92	2.66
7.00	2.60
7.08	2.51
7.17	2.42
7.25	2.33
7.33	2.24
7.42	2.16
7.50	2.08
7.58	2.01
7.67	1.94
7.75	1.89
7.83	1.83
7.92	1.78
8.00	1.74
8.08	1.72
8.17	1.70
8.25	1.68
8.33	1.67
8.42	1.66
8.50	1.65
8.58	1.67
8.67	1.70
8.75	1.74
8.83	1.79
8.92	1.86
9.00	1.94
9.08	2.05
9.17	2.18
9.25	2.34
9.33	2.53
9.42	2.75
9.50	2.98
9.58	3.21
9.67	3.46
9.75	3.72
9.83	4.00
9.92	4.29
10.00	4.59
10.08	4.91
10.17	5.22
10.25	5.53
10.33	5.82
10.42	6.11
10.50	6.40
10.58	6.67
10.67	6.94
10.75	7.20
10.83	7.45
10.92	7.69
11.00	7.92
11.08	8.12
11.17	8.33
11.25	8.54
11.33	8.75
11.42	8.97
11.50	9.20
11.58	9.42
11.67	9.65
11.75	9.90
11.83	10.15
11.92	10.40
12.00	10.64
12.08	10.90
12.17	11.15
12.25	11.38
12.33	11.60
12.42	11.83
12.50	12.04
12.58	12.23
12.67	12.40
12.75	12.54
12.83	12.69
12.92	12.84
13.00	12.98
13.08	13.12
13.17	13.26
13.25	13.43
13.33	13.60
13.42	13.74
13.50	13.91
13.58	14.10
13.67	14.32
13.75	14.55
13.83	14.81
13.92	15.08
14.00	15.36
14.08	15.62
14.17	15.89
14.25	16.14
14.33	16.38
14.42	16.63
14.50	16.87
14.58	17.10
14.67	17.31
14.75	17.51
14.83	17.68
14.92	17.84
15.00	18.00
15.08	18.20
15.17	18.41
15.25	18.62
15.33	18.81
15.42	19.00
15.50	19.18
15.58	19.36
15.67	19.54
15.75	19.73
15.83	19.93
15.92	20.10
16.00	20.25
16.08	20.36
16.17	20.45
16.25	20.56
16.33	20.68
16.42	20.80
16.50	20.92
16.58	21.03
16.67	21.13
16.75	21.22
16.83	21.35
16.92	21.48
17.00	21.60
17.08	21.68
17.17	21.73
17.25	21.77
17.33	21.82
17.42	21.88
17.50	21.94
17.58	21.99
17.67	22.03
17.75	22.02
17.83	21.99
17.92	22.01
18.00	22.08
18.08	22.17
18.17	22.27
18.25	22.29
18.33	22.26
18.42	22.22
18.50	22.16
18.58	22.10
18.67	22.00
18.75	21.87
18.83	21.71
18.92	21.49
19.00	21.24
19.08	20.97
19.17	20.78
19.25	20.65
19.33	20.52
19.42	20.36
19.50	20.19
19.58	20.00
19.67	19.89
19.75	19.74
19.83	19.58
19.92	19.40
20.00	19.21
20.08	18.97
20.17	18.65
20.25	18.33
20.33	18.00
20.42	17.68
20.50	17.38
20.58	17.04
20.67	16.70
20.75	16.34
20.83	16.00
20.92	15.74
21.00	15.52
21.08	15.30
21.17	15.03
21.25	14.73
21.33	14.42
21.42	14.08
21.50	13.74
21.58	13.40
21.67	13.07
21.75	12.73
21.83	12.40
21.92	12.03
22.00	11.60
22.08	11.16
22.17	10.71
22.25	10.28
22.33	9.87
22.42	9.48
22.50	9.02
22.58	8.56
22.67	8.13
22.75	7.73
22.83	7.31
22.92	6.92
23.00	6.62
23.08	6.39
23.17	6.18
23.25	5.98
23.33	5.78
23.42	5.62
23.50	5.53
23.58	5.46
23.67	5.40
23.75	5.36
23.83	5.35
23.92	5.32
0.00	4.99
0.08	4.98
0.17	4.94
0.25	4.89
0.33	4.81
0.42	4.72
0.50	4.61
0.58	4.51
0.67	4.44
0.75	4.37
0.83	4.31
0.92	4.26
1.00	4.22
1.08	4.21
1.17	4.20
1.25	4.19
1.33	4.19
1.42	4.17
1.50	4.16
1.58	4.14
1.67	4.12
1.75	4.11
1.83	4.10
1.92	4.09
2.00	4.07
2.08	4.04
2.17	4.01
2.25	3.99
2.33	3.99
2.42	3.99
2.50	4.00
2.58	4.01
2.67	4.02
2.75	4.02
2.83	4.03
2.92	4.04
3.00	4.04
3.08	4.05
3.17	4.05
3.25	4.07
3.33	4.07
3.42	4.09
3.50	4.10
3.58	4.12
3.67	4.14
3.75	4.15
3.83	4.17
3.92	4.20
4.00	4.24
4.08	4.28
4.17	4.31
4.25	4.33
4.33	4.34
4.42	4.35
4.50	4.37
4.58	4.40
4.67	4.43
4.75	4.46
4.83	4.49
4.92	4.51
5.00	4.53
5.08	4.57
5.17	4.63
5.25	4.69
5.33	4.76
5.42	4.83
5.50	4.91
5.58	4.99
5.67	5.06
5.75	5.12
5.83	5.17
5.92	5.22
6.00	5.26
6.08	5.28
6.17	5.27
6.25	5.23
6.33	5.17
6.42	5.09
6.50	4.97
6.58	4.82
6.67	4.67
6.75	4.51
6.83	4.34
6.92	4.15
7.00	3.95
7.08	3.75
7.17	3.56
7.25	3.37
7.33	3.20
7.42	3.03
7.50	2.89
7.58	2.76
7.67	2.64
7.75	2.53
7.83	2.42
7.92	2.32
8.00	2.25
8.08	2.17
8.17	2.10
8.25	2.03
8.33	1.97
8.42	1.92
8.50	1.90
8.58	1.90
8.67	1.91
8.75	1.94
8.83	1.99
8.92	2.05
9.00	2.13
9.08	2.23
9.17	2.36
9.25	2.51
9.33	2.69
9.42	2.88
9.50	3.07
9.58	3.28
9.67	3.50
9.75	3.75
9.83	4.01
9.92	4.27
10.00	4.56
10.08	4.86
10.17	5.16
10.25	5.47
10.33	5.76
10.42	6.05
10.50	6.34
10.58	6.63
10.67	6.92
10.75	7.20
10.83	7.48
10.92	7.77
11.00	8.04
11.08	8.30
11.17	8.57
11.25	8.86
11.33	9.18
11.42	9.53
11.50	9.89
11.58	10.28
11.67	10.69
11.75	11.13
11.83	11.60
11.92	12.09
12.00	12.62
12.08	13.16
12.17	13.72
12.25	14.28
12.33	14.88
12.42	15.50
12.50	16.12
12.58	16.71
12.67	17.30
12.75	17.89
12.83	18.47
12.92	19.03
13.00	19.59
13.08	20.15
13.17	20.70
13.25	21.23
13.33	21.71
13.42	22.18
13.50	22.65
13.58	23.12
13.67	23.57
13.75	24.00
13.83	24.40
13.92	24.79
14.00	25.16
14.08	25.50
14.17	25.82
14.25	26.10
14.33	26.38
14.42	26.62
14.50	26.83
14.58	27.01
14.67	27.15
14.75	27.28
14.83	27.38
14.92	27.48
15.00	27.56
15.08	27.62
15.17	27.71
15.25	27.81
15.33	27.92
15.42	28.04
15.50	28.19
15.58	28.36
15.67	28.56
15.75	28.77
15.83	28.97
15.92	29.16
16.00	29.38
16.08	29.60
16.17	29.81
16.25	29.99
16.33	30.17
16.42	30.31
16.50	30.43
16.58	30.52
16.67	30.57
16.75	30.70
16.83	30.88
16.92	31.02
17.00	31.13
17.08	31.21
17.17	31.27
17.25	31.31
17.33	31.32
17.42	31.34
17.50	31.37
17.58	31.40
17.67	31.38
17.75	31.24
17.83	31.05
17.92	30.83
18.00	30.59
18.08	30.35
18.17	30.12
18.25	29.89
18.33	29.63
18.42	29.32
18.50	28.98
18.58	28.61
18.67	28.22
18.75	27.82
18.83	27.43
18.92	27.05
19.00	26.63
19.08	26.26
19.17	25.90
19.25	25.53
19.33	25.18
19.42	24.84
19.50	24.50
19.58	24.21
19.67	23.93
19.75	23.65
19.83	23.37
19.92	23.09
20.00	22.79
20.08	22.39
20.17	21.96
20.25	21.49
20.33	21.04
20.42	20.61
20.50	20.15
20.58	19.68
20.67	19.20
20.75	18.72
20.83	18.32
20.92	17.97
21.00	17.65
21.08	17.30
21.17	16.96
21.25	16.65
21.33	16.32
21.42	15.97
21.50	15.65
21.58	15.35
21.67	15.08
21.75	14.85
21.83	14.58
21.92	14.28
22.00	13.97
22.08	13.67
22.17	13.36
22.25	13.04
22.33	12.70
22.42	12.30
22.50	11.84
22.58	11.35
22.67	10.85
22.75	10.30
22.83	9.74
22.92	9.26
23.00	8.81
23.08	8.36
23.17	7.93
23.25	7.52
23.33	7.15
23.42	6.86
23.50	6.62
23.58	6.43
23.67	6.25
23.75	6.13
23.83	6.02
23.92	5.94
0.00	5.62
0.08	5.61
0.17	5.58
0.25	5.53
0.33	5.46
0.42	5.37
0.50	5.26
0.58	5.16
0.67	5.09
0.75	5.02
0.83	4.97
0.92	4.92
1.00	4.88
1.08	4.86
1.17	4.83
1.25	4.81
1.33	4.79
1.42	4.77
1.50	4.75
1.58	4.73
1.67	4.71
1.75	4.69
1.83	4.67
1.92	4.65
2.00	4.63
2.08	4.61
2.17	4.58
2.25	4.56
2.33	4.54
2.42	4.53
2.50	4.52
2.58	4.50
2.67	4.48
2.75	4.46
2.83	4.43
2.92	4.41
3.00	4.38
3.08	4.36
3.17	4.34
3.25	4.32
3.33	4.30
3.42	4.27
3.50	4.25
3.58	4.23
3.67	4.22
3.75	4.21
3.83	4.21
3.92	4.21
4.00	4.22
4.08	4.23
4.17	4.23
4.25	4.24
4.33	4.25
4.42	4.26
4.50	4.25
4.58	4.24
4.67	4.22
4.75	4.20
4.83	4.16
4.92	4.12
5.00	4.07
5.08	4.00
5.17	3.93
5.25	3.87
5.33	3.79
5.42	3.72
5.50	3.66
5.58	3.59
5.67	3.52
5.75	3.45
5.83	3.37
5.92	3.29
6.00	3.22
6.08	3.14
6.17	3.06
6.25	2.99
6.33	2.91
6.42	2.84
6.50	2.77
6.58	2.70
6.67	2.63
6.75	2.57
6.83	2.50
6.92	2.44
7.00	2.39
7.08	2.35
7.17	2.31
7.25	2.26
7.33	2.21
7.42	2.17
7.50	2.13
7.58	2.09
7.67	2.04
7.75	2.00
7.83	1.96
7.92	1.93
8.00	1.89
8.08	1.85
8.17	1.82
8.25	1.79
8.33	1.77
8.42	1.77
8.50	1.80
8.58	1.84
8.67	1.89
8.75	1.96
8.83	2.04
8.92	2.14
9.00	2.26
9.08	2.40
9.17	2.56
9.25	2.75
9.33	2.96
9.42	3.18
9.50	3.42
9.58	3.70
9.67	4.00
9.75	4.34
9.83	4.69
9.92	5.07
10.00	5.47
10.08	5.89
10.17	6.33
10.25	6.77
10.33	7.22
10.42	7.67
10.50	8.10
10.58	8.53
10.67	8.94
10.75	9.34
10.83	9.75
10.92	10.14
11.00	10.49
11.08	10.84
11.17	11.18
11.25	11.51
11.33	11.85
11.42	12.19
11.50	12.51
11.58	12.84
11.67	13.18
11.75	13.52
11.83	13.87
11.92	14.23
12.00	14.60
12.08	14.97
12.17	15.36
12.25	15.76
12.33	16.18
12.42	16.62
12.50	17.06
12.58	17.52
12.67	18.00
12.75	18.46
12.83	18.94
12.92	19.45
13.00	19.97
13.08	20.50
13.17	21.02
13.25	21.51
13.33	21.98
13.42	22.47
13.50	22.96
13.58	23.44
13.67	23.92
13.75	24.40
13.83	24.86
13.92	25.31
14.00	25.76
14.08	26.20
14.17	26.60
14.25	27.00
14.33	27.39
14.42	27.76
14.50	28.09
14.58	28.40
14.67	28.68
14.75	28.93
14.83	29.14
14.92	29.32
15.00	29.44
15.08	29.56
15.17	29.64
15.25	29.70
15.33	29.76
15.42	29.81
15.50	29.85
15.58	29.90
15.67	29.94
15.75	29.98
15.83	30.01
15.92	30.05
16.00	30.08
16.08	30.09
16.17	30.08
16.25	30.01
16.33	29.89
16.42	29.78
16.50	29.68
16.58	29.56
16.67	29.53
16.75	29.57
16.83	29.59
16.92	29.63
17.00	29.68
17.08	29.76
17.17	29.89
17.25	30.05
17.33	30.22
17.42	30.36
17.50	30.47
17.58	30.52
17.67	30.39
17.75	30.21
17.83	30.03
17.92	29.81
18.00	29.51
18.08	29.13
18.17	28.67
18.25	28.17
18.33	27.63
18.42	27.04
18.50	26.39
18.58	25.72
18.67	25.03
18.75	24.30
18.83	23.52
18.92	22.76
19.00	22.06
19.08	21.45
19.17	20.85
19.25	20.26
19.33	19.66
19.42	19.07
19.50	18.56
19.58	18.06
19.67	17.58
19.75	17.11
19.83	16.65
19.92	16.20
20.00	15.69
20.08	15.18
20.17	14.67
20.25	14.20
20.33	13.76
20.42	13.34
20.50	12.93
20.58	12.55
20.67	12.18
20.75	11.86
20.83	11.57
20.92	11.30
21.00	11.00
21.08	10.70
21.17	10.41
21.25	10.09
21.33	9.79
21.42	9.48
21.50	9.19
21.58	8.92
21.67	8.65
21.75	8.37
21.83	8.08
21.92	7.81
22.00	7.58
22.08	7.38
22.17	7.19
22.25	7.01
22.33	6.85
22.42	6.69
22.50	6.54
22.58	6.40
22.67	6.26
22.75	6.13
22.83	6.05
22.92	5.99
23.00	5.94
23.08	5.90
23.17	5.86
23.25	5.83
23.33	5.81
23.42	5.79
23.50	5.77
23.58	5.76
23.67	5.76
23.75	5.76
23.83	5.74
23.92	5.72
0.00	4.02
0.08	4.02
0.17	4.01
0.25	3.98
0.33	3.95
0.42	3.91
0.50	3.86
0.58	3.82
0.67	3.80
0.75	3.77
0.83	3.76
0.92	3.75
1.00	3.75
1.08	3.76
1.17	3.78
1.25	3.80
1.33	3.82
1.42	3.85
1.50	3.87
1.58	3.87
1.67	3.88
1.75	3.89
1.83	3.90
1.92	3.89
2.00	3.87
2.08	3.86
2.17	3.84
2.25	3.83
2.33	3.81
2.42	3.79
2.50	3.77
2.58	3.75
2.67	3.72
2.75	3.69
2.83	3.66
2.92	3.63
3.00	3.60
3.08	3.56
3.17	3.52
3.25	3.47
3.33	3.43
3.42	3.38
3.50	3.34
3.58	3.29
3.67	3.23
3.75	3.18
3.83	3.12
3.92	3.06
4.00	3.00
4.08	2.93
4.17	2.87
4.25	2.81
4.33	2.74
4.42	2.68
4.50	2.63
4.58	2.58
4.67	2.54
4.75	2.51
4.83	2.48
4.92	2.44
5.00	2.40
5.08	2.36
5.17	2.33
5.25	2.30
5.33	2.28
5.42	2.26
5.50	2.24
5.58	2.21
5.67	2.18
5.75	2.15
5.83	2.13
5.92	2.12
6.00	2.11
6.08	2.10
6.17	2.10
6.25	2.08
6.33	2.07
6.42	2.04
6.50	2.02
6.58	2.00
6.67	1.98
6.75	1.96
6.83	1.93
6.92	1.91
7.00	1.87
7.08	1.84
7.17	1.81
7.25	1.78
7.33	1.76
7.42	1.73
7.50	1.70
7.58	1.67
7.67	1.64
7.75	1.61
7.83	1.58
7.92	1.55
8.00	1.52
8.08	1.50
8.17	1.47
8.25	1.44
8.33	1.42
8.42	1.43
8.50	1.45
8.58	1.48
8.67	1.52
8.75	1.57
8.83	1.63
8.92	1.71
9.00	1.81
9.08	1.93
9.17	2.07
9.25	2.24
9.33	2.41
9.42	2.61
9.50	2.83
9.58	3.06
9.67	3.32
9.75	3.59
9.83	3.88
9.92	4.19
10.00	4.51
10.08	4.82
10.17	5.13
10.25	5.45
10.33	5.77
10.42	6.08
10.50	6.39
10.58	6.70
10.67	7.01
10.75	7.32
10.83	7.61
10.92	7.89
11.00	8.16
11.08	8.44
11.17	8.72
11.25	8.99
11.33	9.26
11.42	9.53
11.50	9.81
11.58	10.10
11.67	10.40
11.75	10.71
11.83	11.03
11.92	11.37
12.00	11.71
12.08	12.08
12.17	12.45
12.25	12.84
12.33	13.22
12.42	13.59
12.50	13.96
12.58	14.33
12.67	14.67
12.75	15.00
12.83	15.32
12.92	15.62
13.00	15.89
13.08	16.14
13.17	16.38
13.25	16.61
13.33	16.82
13.42	17.01
13.50	17.18
13.58	17.34
13.67	17.47
13.75	17.57
13.83	17.66
13.92	17.74
14.00	17.82
14.08	17.89
14.17	17.93
14.25	17.96
14.33	17.99
14.42	18.01
14.50	18.03
14.58	18.06
14.67	18.12
14.75	18.20
14.83	18.31
14.92	18.43
15.00	18.55
15.08	18.68
15.17	18.81
15.25	18.95
15.33	19.07
15.42	19.18
15.50	19.27
15.58	19.35
15.67	19.39
15.75	19.39
15.83	19.36
15.92	19.31
16.00	19.25
16.08	19.19
16.17	19.12
16.25	19.05
16.33	18.99
16.42	18.92
16.50	18.87
16.58	18.83
16.67	18.84
16.75	18.88
16.83	18.91
16.92	18.95
17.00	18.99
17.08	19.02
17.17	19.09
17.25	19.18
17.33	19.27
17.42	19.36
17.50	19.46
17.58	19.53
17.67	19.60
17.75	19.70
17.83	19.82
17.92	19.93
18.00	20.04
18.08	20.13
18.17	20.19
18.25	20.24
18.33	20.29
18.42	20.31
18.50	20.26
18.58	20.17
18.67	20.01
18.75	19.78
18.83	19.50
18.92	19.18
19.00	18.87
19.08	18.52
19.17	18.12
19.25	17.68
19.33	17.21
19.42	16.77
19.50	16.34
19.58	15.93
19.67	15.52
19.75	15.12
19.83	14.76
19.92	14.37
20.00	13.99
20.08	13.64
20.17	13.32
20.25	13.04
20.33	12.77
20.42	12.51
20.50	12.28
20.58	12.06
20.67	11.88
20.75	11.74
20.83	11.62
20.92	11.47
21.00	11.33
21.08	11.18
21.17	11.01
21.25	10.84
21.33	10.66
21.42	10.47
21.50	10.28
21.58	10.07
21.67	9.84
21.75	9.59
21.83	9.34
21.92	9.10
22.00	8.87
22.08	8.63
22.17	8.40
22.25	8.17
22.33	7.94
22.42	7.71
22.50	7.51
22.58	7.31
22.67	7.11
22.75	6.95
22.83	6.81
22.92	6.67
23.00	6.55
23.08	6.42
23.17	6.31
23.25	6.21
23.33	6.12
23.42	6.03
23.50	5.94
23.58	5.85
23.67	5.77
23.75	5.70
23.83	5.65
23.92	5.62
0.00	4.12
0.08	4.11
0.17	4.08
0.25	4.04
0.33	3.99
0.42	3.93
0.50	3.86
0.58	3.79
0.67	3.74
0.75	3.68
0.83	3.64
0.92	3.62
1.00	3.60
1.08	3.59
1.17	3.60
1.25	3.60
1.33	3.61
1.42	3.63
1.50	3.65
1.58	3.68
1.67	3.71
1.75	3.75
1.83	3.79
1.92	3.81
2.00	3.83
2.08	3.85
2.17	3.86
2.25	3.87
2.33	3.88
2.42	3.89
2.50	3.90
2.58	3.90
2.67	3.91
2.75	3.91
2.83	3.90
2.92	3.90
3.00	3.89
3.08	3.88
3.17	3.86
3.25	3.83
3.33	3.80
3.42	3.76
3.50	3.71
3.58	3.65
3.67	3.60
3.75	3.55
3.83	3.50
3.92	3.45
4.00	3.41
4.08	3.37
4.17	3.34
4.25	3.31
4.33	3.28
4.42	3.25
4.50	3.24
4.58	3.23
4.67	3.23
4.75	3.21
4.83	3.21
4.92	3.20
5.00	3.20
5.08	3.20
5.17	3.20
5.25	3.19
5.33	3.19
5.42	3.17
5.50	3.14
5.58	3.09
5.67	3.03
5.75	2.98
5.83	2.91
5.92	2.84
6.00	2.76
6.08	2.68
6.17	2.61
6.25	2.54
6.33	2.47
6.42	2.40
6.50	2.35
6.58	2.29
6.67	2.25
6.75	2.20
6.83	2.16
6.92	2.12
7.00	2.09
7.08	2.06
7.17	2.03
7.25	2.01
7.33	1.99
7.42	1.98
7.50	1.97
7.58	1.97
7.67	1.97
7.75	1.97
7.83	1.97
7.92	1.97
8.00	1.97
8.08	1.97
8.17	1.96
8.25	1.96
8.33	1.97
8.42	1.98
8.50	1.99
8.58	2.00
8.67	2.02
8.75	2.04
8.83	2.08
8.92	2.13
9.00	2.20
9.08	2.29
9.17	2.39
9.25	2.50
9.33	2.63
9.42	2.79
9.50	2.96
9.58	3.15
9.67	3.35
9.75	3.56
9.83	3.79
9.92	4.02
10.00	4.23
10.08	4.45
10.17	4.70
10.25	4.96
10.33	5.20
10.42	5.43
10.50	5.66
10.58	5.88
10.67	6.11
10.75	6.32
10.83	6.52
10.92	6.72
11.00	6.94
11.08	7.13
11.17	7.31
11.25	7.48
11.33	7.66
11.42	7.85
11.50	8.04
11.58	8.24
11.67	8.45
11.75	8.67
11.83	8.90
11.92	9.15
12.00	9.40
12.08	9.68
12.17	9.99
12.25	10.32
12.33	10.64
12.42	10.97
12.50	11.31
12.58	11.67
12.67	12.04
12.75	12.42
12.83	12.80
12.92	13.20
13.00	13.61
13.08	14.02
13.17	14.42
13.25	14.82
13.33	15.26
13.42	15.71
13.50	16.15
13.58	16.59
13.67	17.01
13.75	17.44
13.83	17.87
13.92	18.27
14.00	18.64
14.08	18.99
14.17	19.33
14.25	19.66
14.33	19.97
14.42	20.26
14.50	20.56
14.58	20.85
14.67	21.15
14.75	21.45
14.83	21.77
14.92	22.09
15.00	22.42
15.08	22.73
15.17	23.04
15.25	23.35
15.33	23.66
15.42	23.95
15.50	24.24
15.58	24.52
15.67	24.77
15.75	24.97
15.83	25.14
15.92	25.28
16.00	25.45
16.08	25.62
16.17	25.78
16.25	25.91
16.33	26.00
16.42	26.09
16.50	26.18
16.58	26.33
16.67	26.50
16.75	26.67
16.83	26.83
16.92	26.98
17.00	27.10
17.08	27.25
17.17	27.40
17.25	27.53
17.33	27.63
17.42	27.67
17.50	27.63
17.58	27.50
17.67	27.35
17.75	27.19
17.83	26.99
17.92	26.74
18.00	26.40
18.08	25.97
18.17	25.49
18.25	25.01
18.33	24.50
18.42	23.93
18.50	23.32
18.58	22.70
18.67	22.03
18.75	21.33
18.83	20.61
18.92	19.96
19.00	19.33
19.08	18.71
19.17	18.09
19.25	17.48
19.33	16.91
19.42	16.36
19.50	15.81
19.58	15.27
19.67	14.75
19.75	14.27
19.83	13.79
19.92	13.30
20.00	12.85
20.08	12.43
20.17	12.05
20.25	11.70
20.33	11.36
20.42	11.08
20.50	10.82
20.58	10.60
20.67	10.43
20.75	10.28
20.83	10.11
20.92	9.92
21.00	9.73
21.08	9.52
21.17	9.30
21.25	9.09
21.33	8.88
21.42	8.67
21.50	8.47
21.58	8.27
21.67	8.06
21.75	7.85
21.83	7.66
21.92	7.49
22.00	7.32
22.08	7.15
22.17	6.98
22.25	6.80
22.33	6.63
22.42	6.47
22.50	6.33
22.58	6.17
22.67	6.05
22.75	5.96
22.83	5.88
22.92	5.80
23.00	5.72
23.08	5.64
23.17	5.59
23.25	5.53
23.33	5.48
23.42	5.40
23.50	5.31
23.58	5.22
23.67	5.12
23.75	5.04
23.83	4.98
23.92	4.96
0.00	4.18
0.08	4.17
0.17	4.15
0.25	4.11
0.33	4.07
0.42	4.01
0.50	3.95
0.58	3.88
0.67	3.83
0.75	3.79
0.83	3.76
0.92	3.74
1.00	3.72
1.08	3.71
1.17	3.71
1.25	3.70
1.33	3.69
1.42	3.69
1.50	3.69
1.58	3.69
1.67	3.70
1.75	3.71
1.83	3.71
1.92	3.71
2.00	3.71
2.08	3.71
2.17	3.71
2.25	3.71
2.33	3.70
2.42	3.70
2.50	3.68
2.58	3.66
2.67	3.64
2.75	3.61
2.83	3.58
2.92	3.55
3.00	3.52
3.08	3.48
3.17	3.44
3.25	3.40
3.33	3.36
3.42	3.33
3.50	3.29
3.58	3.26
3.67	3.23
3.75	3.21
3.83	3.19
3.92	3.17
4.00	3.15
4.08	3.13
4.17	3.12
4.25	3.11
4.33	3.09
4.42	3.07
4.50	3.05
4.58	3.02
4.67	2.99
4.75	2.95
4.83	2.89
4.92	2.83
5.00	2.78
5.08	2.72
5.17	2.67
5.25	2.62
5.33	2.58
5.42	2.53
5.50	2.48
5.58	2.44
5.67	2.39
5.75	2.36
5.83	2.34
5.92	2.32
6.00	2.30
6.08	2.28
6.17	2.25
6.25	2.22
6.33	2.20
6.42	2.17
6.50	2.15
6.58	2.13
6.67	2.11
6.75	2.09
6.83	2.08
6.92	2.07
7.00	2.06
7.08	2.06
7.17	2.05
7.25	2.05
7.33	2.04
7.42	2.04
7.50	2.04
7.58	2.04
7.67	2.04
7.75	2.03
7.83	2.01
7.92	2.00
8.00	1.98
8.08	1.97
8.17	1.95
8.25	1.95
8.33	1.96
8.42	1.96
8.50	1.97
8.58	1.98
8.67	2.00
8.75	2.03
8.83	2.07
8.92	2.12
9.00	2.19
9.08	2.29
9.17	2.39
9.25	2.50
9.33	2.64
9.42	2.81
9.50	3.00
9.58	3.21
9.67	3.44
9.75	3.69
9.83	3.95
9.92	4.22
10.00	4.49
10.08	4.76
10.17	5.04
10.25	5.30
10.33	5.55
10.42	5.80
10.50	6.02
10.58	6.24
10.67	6.44
10.75	6.62
10.83	6.78
10.92	6.94
11.00	7.10
11.08	7.26
11.17	7.42
11.25	7.58
11.33	7.75
11.42	7.92
11.50	8.11
11.58	8.30
11.67	8.50
11.75	8.73
11.83	8.98
11.92	9.24
12.00	9.51
12.08	9.78
12.17	10.07
12.25	10.36
12.33	10.65
12.42	10.95
12.50	11.27
12.58	11.61
12.67	11.96
12.75	12.32
12.83	12.69
12.92	13.07
13.00	13.48
13.08	13.89
13.17	14.31
13.25	14.75
13.33	15.20
13.42	15.67
13.50	16.14
13.58	16.61
13.67	17.08
13.75	17.57
13.83	18.05
13.92	18.49
14.00	18.88
14.08	19.27
14.17	19.65
14.25	20.02
14.33	20.39
14.42	20.74
14.50	21.10
14.58	21.46
14.67	21.80
14.75	22.13
14.83	22.44
14.92	22.77
15.00	23.09
15.08	23.41
15.17	23.74
15.25	24.05
15.33	24.37
15.42	24.69
15.50	25.01
15.58	25.28
15.67	25.52
15.75	25.78
15.83	26.05
15.92	26.36
16.00	26.68
16.08	27.01
16.17	27.35
16.25	27.67
16.33	27.96
16.42	28.24
16.50	28.61
16.58	29.01
16.67	29.39
16.75	29.74
16.83	30.05
16.92	30.34
17.00	30.57
17.08	30.76
17.17	30.93
17.25	31.09
17.33	31.22
17.42	31.25
17.50	31.18
17.58	31.06
17.67	30.86
17.75	30.63
17.83	30.33
17.92	29.96
18.00	29.53
18.08	29.03
18.17	28.46
18.25	27.83
18.33	27.11
18.42	26.33
18.50	25.51
18.58	24.72
18.67	23.90
18.75	23.10
18.83	22.38
18.92	21.71
19.00	21.07
19.08	20.45
19.17	19.84
19.25	19.29
19.33	18.85
19.42	18.45
19.50	18.05
19.58	17.65
19.67	17.26
19.75	16.82
19.83	16.32
19.92	15.82
20.00	15.32
20.08	14.82
20.17	14.32
20.25	13.82
20.33	13.26
20.42	12.74
20.50	12.26
20.58	11.85
20.67	11.48
20.75	11.12
20.83	10.77
20.92	10.44
21.00	10.14
21.08	9.85
21.17	9.57
21.25	9.31
21.33	9.07
21.42	8.84
21.50	8.61
21.58	8.38
21.67	8.15
21.75	7.96
21.83	7.78
21.92	7.62
22.00	7.47
22.08	7.33
22.17	7.17
22.25	7.01
22.33	6.86
22.42	6.74
22.50	6.61
22.58	6.53
22.67	6.48
22.75	6.44
22.83	6.39
22.92	6.34
23.00	6.28
23.08	6.25
23.17	6.23
23.25	6.21
23.33	6.17
23.42	6.09
23.50	6.00
23.58	5.87
23.67	5.75
23.75	5.67
23.83	5.61
23.92	5.59
0.00	3.86
0.08	3.84
0.17	3.81
0.25	3.76
0.33	3.70
0.42	3.63
0.50	3.55
0.58	3.47
0.67	3.41
0.75	3.36
0.83	3.33
0.92	3.30
1.00	3.28
1.08	3.27
1.17	3.27
1.25	3.27
1.33	3.28
1.42	3.29
1.50	3.32
1.58	3.34
1.67	3.37
1.75	3.40
1.83	3.43
1.92	3.46
2.00	3.50
2.08	3.54
2.17	3.58
2.25	3.62
2.33	3.66
2.42	3.68
2.50	3.70
2.58	3.73
2.67	3.74
2.75	3.76
2.83	3.77
2.92	3.78
3.00	3.78
3.08	3.78
3.17	3.79
3.25	3.79
3.33	3.80
3.42	3.80
3.50	3.80
3.58	3.82
3.67	3.83
3.75	3.85
3.83	3.88
3.92	3.92
4.00	3.94
4.08	3.97
4.17	3.98
4.25	3.99
4.33	4.01
4.42	4.03
4.50	4.06
4.58	4.07
4.67	4.08
4.75	4.08
4.83	4.07
4.92	4.04
5.00	4.03
5.08	4.03
5.17	4.03
5.25	4.02
5.33	4.00
5.42	3.96
5.50	3.91
5.58	3.86
5.67	3.83
5.75	3.79
5.83	3.76
5.92	3.73
6.00	3.68
6.08	3.62
6.17	3.57
6.25	3.52
6.33	3.47
6.42	3.42
6.50	3.38
6.58	3.32
6.67	3.24
6.75	3.15
6.83	3.06
6.92	2.97
7.00	2.89
7.08	2.80
7.17	2.72
7.25	2.64
7.33	2.57
7.42	2.51
7.50	2.46
7.58	2.41
7.67	2.38
7.75	2.35
7.83	2.32
7.92	2.30
8.00	2.27
8.08	2.25
8.17	2.24
8.25	2.24
8.33	2.23
8.42	2.23
8.50	2.23
8.58	2.23
8.67	2.23
8.75	2.24
8.83	2.26
8.92	2.30
9.00	2.36
9.08	2.42
9.17	2.49
9.25	2.58
9.33	2.69
9.42	2.83
9.50	2.98
9.58	3.16
9.67	3.37
9.75	3.59
9.83	3.81
9.92	4.03
10.00	4.25
10.08	4.47
10.17	4.68
10.25	4.88
10.33	5.06
10.42	5.22
10.50	5.38
10.58	5.51
10.67	5.63
10.75	5.73
10.83	5.84
10.92	5.95
11.00	6.06
11.08	6.17
11.17	6.29
11.25	6.42
11.33	6.55
11.42	6.69
11.50	6.84
11.58	7.00
11.67	7.17
11.75	7.36
11.83	7.55
11.92	7.77
12.00	8.01
12.08	8.26
12.17	8.52
12.25	8.78
12.33	9.06
12.42	9.35
12.50	9.65
12.58	9.96
12.67	10.29
12.75	10.63
12.83	10.98
12.92	11.34
13.00	11.69
13.08	12.04
13.17	12.42
13.25	12.81
13.33	13.22
13.42	13.64
13.50	14.08
13.58	14.53
13.67	14.99
13.75	15.48
13.83	15.94
13.92	16.38
14.00	16.85
14.08	17.32
14.17	17.80
14.25	18.30
14.33	18.80
14.42	19.31
14.50	19.82
14.58	20.34
14.67	20.86
14.75	21.37
14.83	21.93
14.92	22.48
15.00	23.04
15.08	23.61
15.17	24.20
15.25	24.79
15.33	25.38
15.42	25.96
15.50	26.50
15.58	27.00
15.67	27.47
15.75	27.90
15.83	28.33
15.92	28.72
16.00	29.07
16.08	29.37
16.17	29.62
16.25	29.83
16.33	30.02
16.42	30.18
16.50	30.37
16.58	30.56
16.67	30.76
16.75	30.98
16.83	31.20
16.92	31.38
17.00	31.47
17.08	31.57
17.17	31.67
17.25	31.77
17.33	31.86
17.42	31.94
17.50	31.99
17.58	31.96
17.67	31.92
17.75	31.85
17.83	31.78
17.92	31.80
18.00	31.81
18.08	31.79
18.17	31.73
18.25	31.67
18.33	31.57
18.42	31.42
18.50	31.27
18.58	31.11
18.67	30.88
18.75	30.63
18.83	30.33
18.92	30.00
19.00	29.64
19.08	29.25
19.17	28.82
19.25	28.37
19.33	27.90
19.42	27.41
19.50	26.90
19.58	26.36
19.67	25.80
19.75	25.18
19.83	24.52
19.92	23.84
20.00	23.15
20.08	22.44
20.17	21.69
20.25	20.90
20.33	20.11
20.42	19.32
20.50	18.63
20.58	17.97
20.67	17.33
20.75	16.68
20.83	16.05
20.92	15.45
21.00	14.87
21.08	14.31
21.17	13.77
21.25	13.26
21.33	12.78
21.42	12.31
21.50	11.82
21.58	11.33
21.67	10.88
21.75	10.46
21.83	10.06
21.92	9.68
22.00	9.32
22.08	8.95
22.17	8.60
22.25	8.27
22.33	7.97
22.42	7.66
22.50	7.39
22.58	7.18
22.67	7.00
22.75	6.82
22.83	6.66
22.92	6.50
23.00	6.37
23.08	6.27
23.17	6.18
23.25	6.08
23.33	5.96
23.42	5.83
23.50	5.66
23.58	5.49
23.67	5.36
23.75	5.26
23.83	5.19
23.92	5.16
0.00	4.13
0.08	4.12
0.17	4.10
0.25	4.07
0.33	4.02
0.42	3.95
0.50	3.87
0.58	3.80
0.67	3.75
0.75	3.71
0.83	3.68
0.92	3.65
1.00	3.63
1.08	3.61
1.17	3.59
1.25	3.57
1.33	3.56
1.42	3.55
1.50	3.56
1.58	3.56
1.67	3.56
1.75	3.57
1.83	3.57
1.92	3.58
2.00	3.58
2.08	3.59
2.17	3.60
2.25	3.60
2.33	3.60
2.42	3.59
2.50	3.59
2.58	3.57
2.67	3.55
2.75	3.52
2.83	3.50
2.92	3.47
3.00	3.45
3.08	3.43
3.17	3.41
3.25	3.39
3.33	3.38
3.42	3.38
3.50	3.39
3.58	3.41
3.67	3.45
3.75	3.50
3.83	3.55
3.92	3.61
4.00	3.68
4.08	3.75
4.17	3.83
4.25	3.92
4.33	4.01
4.42	4.10
4.50	4.17
4.58	4.24
4.67	4.31
4.75	4.37
4.83	4.43
4.92	4.49
5.00	4.54
5.08	4.59
5.17	4.62
5.25	4.64
5.33	4.64
5.42	4.62
5.50	4.60
5.58	4.59
5.67	4.57
5.75	4.55
5.83	4.51
5.92	4.47
6.00	4.42
6.08	4.37
6.17	4.33
6.25	4.29
6.33	4.25
6.42	4.21
6.50	4.16
6.58	4.09
6.67	4.01
6.75	3.92
6.83	3.83
6.92	3.72
7.00	3.62
7.08	3.49
7.17	3.36
7.25	3.24
7.33	3.12
7.42	3.00
7.50	2.89
7.58	2.78
7.67	2.67
7.75	2.57
7.83	2.47
7.92	2.38
8.00	2.30
8.08	2.23
8.17	2.19
8.25	2.14
8.33	2.10
8.42	2.07
8.50	2.05
8.58	2.04
8.67	2.04
8.75	2.06
8.83	2.10
8.92	2.16
9.00	2.22
9.08	2.29
9.17	2.37
9.25	2.48
9.33	2.62
9.42	2.78
9.50	2.97
9.58	3.18
9.67	3.41
9.75	3.63
9.83	3.86
9.92	4.09
10.00	4.33
10.08	4.55
10.17	4.76
10.25	4.95
10.33	5.12
10.42	5.27
10.50	5.41
10.58	5.53
10.67	5.64
10.75	5.74
10.83	5.84
10.92	5.94
11.00	6.03
11.08	6.12
11.17	6.21
11.25	6.30
11.33	6.40
11.42	6.50
11.50	6.61
11.58	6.72
11.67	6.84
11.75	6.97
11.83	7.10
11.92	7.24
12.00	7.39
12.08	7.55
12.17	7.70
12.25	7.86
12.33	8.02
12.42	8.18
12.50	8.35
12.58	8.51
12.67	8.68
12.75	8.86
12.83	9.05
12.92	9.24
13.00	9.45
13.08	9.67
13.17	9.90
13.25	10.15
13.33	10.42
13.42	10.71
13.50	11.01
13.58	11.33
13.67	11.67
13.75	12.02
13.83	12.34
13.92	12.67
14.00	13.01
14.08	13.36
14.17	13.72
14.25	14.09
14.33	14.46
14.42	14.85
14.50	15.24
14.58	15.65
14.67	16.08
14.75	16.54
14.83	16.98
14.92	17.42
15.00	17.84
15.08	18.26
15.17	18.67
15.25	19.06
15.33	19.43
15.42	19.76
15.50	20.01
15.58	20.21
15.67	20.36
15.75	20.51
15.83	20.67
15.92	20.82
16.00	20.96
16.08	21.11
16.17	21.27
16.25	21.44
16.33	21.66
16.42	21.95
16.50	22.26
16.58	22.57
16.67	22.86
16.75	23.15
16.83	23.44
16.92	23.76
17.00	24.06
17.08	24.34
17.17	24.61
17.25	24.80
17.33	24.90
17.42	24.97
17.50	25.08
17.58	25.19
17.67	25.30
17.75	25.38
17.83	25.40
17.92	25.40
18.00	25.39
18.08	25.36
18.17	25.29
18.25	25.25
18.33	25.21
18.42	25.15
18.50	25.07
18.58	24.98
18.67	24.99
18.75	25.09
18.83	25.20
18.92	25.31
19.00	25.41
19.08	25.53
19.17	25.70
19.25	25.82
19.33	25.93
19.42	26.01
19.50	26.05
19.58	26.03
19.67	25.87
19.75	25.64
19.83	25.37
19.92	25.05
20.00	24.70
20.08	24.27
20.17	23.82
20.25	23.33
20.33	22.82
20.42	22.41
20.50	22.05
20.58	21.69
20.67	21.29
20.75	20.89
20.83	20.48
20.92	20.08
21.00	19.68
21.08	19.31
21.17	18.96
21.25	18.62
21.33	18.31
21.42	17.97
21.50	17.59
21.58	17.21
21.67	16.82
21.75	16.41
21.83	16.00
21.92	15.56
22.00	15.06
22.08	14.52
22.17	13.97
22.25	13.43
22.33	12.85
22.42	12.27
22.50	11.77
22.58	11.32
22.67	10.88
22.75	10.45
22.83	10.03
22.92	9.62
23.00	9.29
23.08	8.98
23.17	8.68
23.25	8.34
23.33	7.99
23.42	7.58
23.50	7.15
23.58	6.76
23.67	6.44
23.75	6.20
23.83	6.04
23.92	5.96
0.00	5.22
0.08	5.19
0.17	5.13
0.25	5.05
0.33	4.93
0.42	4.79
0.50	4.64
0.58	4.52
0.67	4.43
0.75	4.36
0.83	4.30
0.92	4.26
1.00	4.23
1.08	4.21
1.17	4.20
1.25	4.20
1.33	4.23
1.42	4.28
1.50	4.33
1.58	4.36
1.67	4.39
1.75	4.42
1.83	4.47
1.92	4.52
2.00	4.57
2.08	4.62
2.17	4.68
2.25	4.73
2.33	4.77
2.42	4.79
2.50	4.81
2.58	4.81
2.67	4.81
2.75	4.81
2.83	4.80
2.92	4.80
3.00	4.80
3.08	4.80
3.17	4.80
3.25	4.78
3.33	4.77
3.42	4.78
3.50	4.81
3.58	4.84
3.67	4.87
3.75	4.90
3.83	4.93
3.92	4.96
4.00	4.98
4.08	5.01
4.17	5.05
4.25	5.09
4.33	5.15
4.42	5.19
4.50	5.22
4.58	5.26
4.67	5.30
4.75	5.35
4.83	5.39
4.92	5.42
5.00	5.44
5.08	5.45
5.17	5.44
5.25	5.42
5.33	5.37
5.42	5.30
5.50	5.22
5.58	5.12
5.67	4.99
5.75	4.84
5.83	4.68
5.92	4.53
6.00	4.37
6.08	4.22
6.17	4.07
6.25	3.93
6.33	3.79
6.42	3.66
6.50	3.53
6.58	3.41
6.67	3.31
6.75	3.23
6.83	3.17
6.92	3.10
7.00	3.04
7.08	2.98
7.17	2.93
7.25	2.87
7.33	2.82
7.42	2.76
7.50	2.71
7.58	2.65
7.67	2.59
7.75	2.52
7.83	2.44
7.92	2.36
8.00	2.30
8.08	2.25
8.17	2.21
8.25	2.18
8.33	2.16
8.42	2.15
8.50	2.15
8.58	2.15
8.67	2.17
8.75	2.22
8.83	2.28
8.92	2.35
9.00	2.42
9.08	2.51
9.17	2.61
9.25	2.74
9.33	2.89
9.42	3.07
9.50	3.29
9.58	3.52
9.67	3.77
9.75	4.01
9.83	4.25
9.92	4.51
10.00	4.76
10.08	5.00
10.17	5.22
10.25	5.43
10.33	5.62
10.42	5.80
10.50	5.95
10.58	6.09
10.67	6.22
10.75	6.36
10.83	6.49
10.92	6.62
11.00	6.76
11.08	6.90
11.17	7.05
11.25	7.21
11.33	7.37
11.42	7.53
11.50	7.70
11.58	7.88
11.67	8.06
11.75	8.23
11.83	8.41
11.92	8.59
12.00	8.76
12.08	8.94
12.17	9.11
12.25	9.29
12.33	9.47
12.42	9.66
12.50	9.85
12.58	10.04
12.67	10.24
12.75	10.45
12.83	10.66
12.92	10.89
13.00	11.12
13.08	11.38
13.17	11.64
13.25	11.90
13.33	12.16
13.42	12.42
13.50	12.69
13.58	12.98
13.67	13.27
13.75	13.54
13.83	13.81
13.92	14.09
14.00	14.39
14.08	14.69
14.17	15.01
14.25	15.34
14.33	15.69
14.42	16.03
14.50	16.38
14.58	16.72
14.67	17.07
14.75	17.42
14.83	17.77
14.92	18.09
15.00	18.40
15.08	18.69
15.17	18.98
15.25	19.26
15.33	19.54
15.42	19.79
15.50	20.04
15.58	20.29
15.67	20.55
15.75	20.82
15.83	21.10
15.92	21.39
16.00	21.68
16.08	21.98
16.17	22.29
16.25	22.61
16.33	22.96
16.42	23.33
16.50	23.68
16.58	24.01
16.67	24.32
16.75	24.62
16.83	24.92
16.92	25.19
17.00	25.45
17.08	25.69
17.17	25.87
17.25	25.97
17.33	26.05
17.42	26.18
17.50	26.31
17.58	26.43
17.67	26.52
17.75	26.56
17.83	26.59
17.92	26.61
18.00	26.61
18.08	26.56
18.17	26.49
18.25	26.40
18.33	26.26
18.42	26.05
18.50	25.79
18.58	25.54
18.67	25.36
18.75	25.17
18.83	24.94
18.92	24.69
19.00	24.42
19.08	24.25
19.17	24.09
19.25	23.91
19.33	23.72
19.42	23.52
19.50	23.29
19.58	22.96
19.67	22.59
19.75	22.20
19.83	21.80
19.92	21.40
20.00	20.97
20.08	20.46
20.17	19.95
20.25	19.43
20.33	18.99
20.42	18.64
20.50	18.35
20.58	18.02
20.67	17.69
20.75	17.37
20.83	17.02
20.92	16.66
21.00	16.31
21.08	15.97
21.17	15.63
21.25	15.30
21.33	14.94
21.42	14.51
21.50	14.06
21.58	13.60
21.67	13.13
21.75	12.67
21.83	12.22
21.92	11.72
22.00	11.20
22.08	10.68
22.17	10.20
22.25	9.72
22.33	9.24
22.42	8.86
22.50	8.53
22.58	8.25
22.67	7.97
22.75	7.69
22.83	7.42
22.92	7.23
23.00	7.05
23.08	6.87
23.17	6.66
23.25	6.42
23.33	6.12
23.42	5.80
23.50	5.49
23.58	5.22
23.67	5.00
23.75	4.84
23.83	4.72
23.92	4.66
0.00	5.31
0.08	5.30
0.17	5.27
0.25	5.21
0.33	5.13
0.42	5.02
0.50	4.91
0.58	4.83
0.67	4.76
0.75	4.70
0.83	4.67
0.92	4.64
1.00	4.62
1.08	4.61
1.17	4.61
1.25	4.61
1.33	4.63
1.42	4.65
1.50	4.66
1.58	4.66
1.67	4.67
1.75	4.67
1.83	4.67
1.92	4.67
2.00	4.66
2.08	4.65
2.17	4.63
2.25	4.60
2.33	4.56
2.42	4.53
2.50	4.49
2.58	4.45
2.67	4.40
2.75	4.36
2.83	4.30
2.92	4.25
3.00	4.19
3.08	4.14
3.17	4.08
3.25	4.03
3.33	3.97
3.42	3.93
3.50	3.88
3.58	3.84
3.67	3.79
3.75	3.76
3.83	3.73
3.92	3.70
4.00	3.67
4.08	3.65
4.17	3.62
4.25	3.61
4.33	3.58
4.42	3.55
4.50	3.52
4.58	3.49
4.67	3.45
4.75	3.42
4.83	3.39
4.92	3.36
5.00	3.33
5.08	3.30
5.17	3.27
5.25	3.24
5.33	3.22
5.42	3.19
5.50	3.17
5.58	3.14
5.67	3.13
5.75	3.11
5.83	3.10
5.92	3.08
6.00	3.06
6.08	3.03
6.17	3.00
6.25	2.97
6.33	2.95
6.42	2.92
6.50	2.90
6.58	2.89
6.67	2.87
6.75	2.84
6.83	2.81
6.92	2.78
7.00	2.74
7.08	2.68
7.17	2.63
7.25	2.57
7.33	2.50
7.42	2.42
7.50	2.34
7.58	2.24
7.67	2.15
7.75	2.06
7.83	1.99
7.92	1.92
8.00	1.88
8.08	1.85
8.17	1.85
8.25	1.85
8.33	1.85
8.42	1.86
8.50	1.88
8.58	1.91
8.67	1.95
8.75	2.01
8.83	2.07
8.92	2.13
9.00	2.20
9.08	2.30
9.17	2.41
9.25	2.55
9.33	2.72
9.42	2.92
9.50	3.15
9.58	3.40
9.67	3.66
9.75	3.91
9.83	4.19
9.92	4.47
10.00	4.74
10.08	4.99
10.17	5.24
10.25	5.46
10.33	5.67
10.42	5.86
10.50	6.01
10.58	6.15
10.67	6.29
10.75	6.42
10.83	6.56
10.92	6.69
11.00	6.83
11.08	6.96
11.17	7.11
11.25	7.27
11.33	7.43
11.42	7.61
11.50	7.81
11.58	8.02
11.67	8.23
11.75	8.45
11.83	8.68
11.92	8.91
12.00	9.13
12.08	9.35
12.17	9.58
12.25	9.81
12.33	10.04
12.42	10.27
12.50	10.49
12.58	10.71
12.67	10.93
12.75	11.15
12.83	11.35
12.92	11.56
13.00	11.78
13.08	12.00
13.17	12.23
13.25	12.48
13.33	12.73
13.42	13.01
13.50	13.29
13.58	13.59
13.67	13.86
13.75	14.14
13.83	14.43
13.92	14.74
14.00	15.06
14.08	15.38
14.17	15.70
14.25	16.00
14.33	16.31
14.42	16.61
14.50	16.92
14.58	17.22
14.67	17.52
14.75	17.80
14.83	18.06
14.92	18.31
15.00	18.55
15.08	18.78
15.17	19.01
15.25	19.22
15.33	19.36
15.42	19.46
15.50	19.54
15.58	19.62
15.67	19.71
15.75	19.80
15.83	19.88
15.92	19.96
16.00	20.03
16.08	20.09
16.17	20.17
16.25	20.31
16.33	20.51
16.42	20.72
16.50	20.93
16.58	21.13
16.67	21.34
16.75	21.62
16.83	21.91
16.92	22.21
17.00	22.53
17.08	22.79
17.17	22.97
17.25	23.14
17.33	23.38
17.42	23.65
17.50	23.95
17.58	24.23
17.67	24.44
17.75	24.61
17.83	24.78
17.92	24.94
18.00	25.07
18.08	25.23
18.17	25.38
18.25	25.47
18.33	25.44
18.42	25.37
18.50	25.29
18.58	25.31
18.67	25.32
18.75	25.28
18.83	25.21
18.92	25.11
19.00	25.03
19.08	24.93
19.17	24.82
19.25	24.72
19.33	24.62
19.42	24.54
19.50	24.39
19.58	24.20
19.67	24.00
19.75	23.81
19.83	23.64
19.92	23.45
20.00	23.24
20.08	23.03
20.17	22.80
20.25	22.62
20.33	22.54
20.42	22.50
20.50	22.37
20.58	22.19
20.67	22.00
20.75	21.78
20.83	21.54
20.92	21.29
21.00	21.03
21.08	20.76
21.17	20.47
21.25	20.14
21.33	19.71
21.42	19.21
21.50	18.69
21.58	18.15
21.67	17.58
21.75	17.00
21.83	16.36
21.92	15.65
22.00	14.94
22.08	14.26
22.17	13.60
22.25	12.92
22.33	12.36
22.42	11.88
22.50	11.50
22.58	11.14
22.67	10.80
22.75	10.49
22.83	10.30
22.92	10.16
23.00	10.03
23.08	9.87
23.17	9.68
23.25	9.44
23.33	9.15
23.42	8.86
23.50	8.58
23.58	8.34
23.67	8.14
23.75	7.99
23.83	7.88
23.92	7.82
0.00	5.92
0.08	5.89
0.17	5.83
0.25	5.74
0.33	5.60
0.42	5.43
0.50	5.25
0.58	5.09
0.67	4.94
0.75	4.81
0.83	4.70
0.92	4.59
1.00	4.49
1.08	4.41
1.17	4.34
1.25	4.29
1.33	4.25
1.42	4.20
1.50	4.15
1.58	4.09
1.67	4.05
1.75	4.02
1.83	3.99
1.92	3.97
2.00	3.94
2.08	3.92
2.17	3.89
2.25	3.87
2.33	3.84
2.42	3.82
2.50	3.81
2.58	3.80
2.67	3.79
2.75	3.78
2.83	3.77
2.92	3.76
3.00	3.76
3.08	3.76
3.17	3.76
3.25	3.76
3.33	3.78
3.42	3.80
3.50	3.83
3.58	3.85
3.67	3.86
3.75	3.86
3.83	3.86
3.92	3.88
4.00	3.89
4.08	3.90
4.17	3.88
4.25	3.86
4.33	3.84
4.42	3.79
4.50	3.73
4.58	3.68
4.67	3.66
4.75	3.66
4.83	3.65
4.92	3.63
5.00	3.64
5.08	3.67
5.17	3.72
5.25	3.74
5.33	3.77
5.42	3.81
5.50	3.86
5.58	3.88
5.67	3.89
5.75	3.90
5.83	3.92
5.92	3.90
6.00	3.87
6.08	3.83
6.17	3.80
6.25	3.79
6.33	3.81
6.42	3.80
6.50	3.80
6.58	3.78
6.67	3.77
6.75	3.75
6.83	3.72
6.92	3.69
7.00	3.66
7.08	3.61
7.17	3.54
7.25	3.43
7.33	3.32
7.42	3.23
7.50	3.14
7.58	3.04
7.67	2.94
7.75	2.84
7.83	2.75
7.92	2.67
8.00	2.60
8.08	2.54
8.17	2.49
8.25	2.44
8.33	2.39
8.42	2.35
8.50	2.31
8.58	2.28
8.67	2.25
8.75	2.22
8.83	2.18
8.92	2.15
9.00	2.15
9.08	2.16
9.17	2.20
9.25	2.26
9.33	2.35
9.42	2.49
9.50	2.67
9.58	2.87
9.67	3.11
9.75	3.37
9.83	3.65
9.92	3.92
10.00	4.19
10.08	4.46
10.17	4.70
10.25	4.94
10.33	5.15
10.42	5.34
10.50	5.49
10.58	5.64
10.67	5.77
10.75	5.89
10.83	6.02
10.92	6.14
11.00	6.27
11.08	6.41
11.17	6.57
11.25	6.72
11.33	6.89
11.42	7.06
11.50	7.25
11.58	7.43
11.67	7.62
11.75	7.82
11.83	8.03
11.92	8.23
12.00	8.44
12.08	8.65
12.17	8.86
12.25	9.08
12.33	9.30
12.42	9.52
12.50	9.74
12.58	9.98
12.67	10.21
12.75	10.45
12.83	10.70
12.92	10.96
13.00	11.22
13.08	11.49
13.17	11.75
13.25	12.02
13.33	12.29
13.42	12.57
13.50	12.85
13.58	13.12
13.67	13.36
13.75	13.60
13.83	13.84
13.92	14.06
14.00	14.28
14.08	14.48
14.17	14.67
14.25	14.85
14.33	15.02
14.42	15.17
14.50	15.30
14.58	15.43
14.67	15.53
14.75	15.63
14.83	15.73
14.92	15.82
15.00	15.92
15.08	16.03
15.17	16.14
15.25	16.23
15.33	16.31
15.42	16.39
15.50	16.50
15.58	16.63
15.67	16.78
15.75	16.95
15.83	17.12
15.92	17.30
16.00	17.49
16.08	17.68
16.17	17.92
16.25	18.20
16.33	18.49
16.42	18.77
16.50	19.05
16.58	19.33
16.67	19.61
16.75	19.85
16.83	20.08
16.92	20.30
17.00	20.48
17.08	20.60
17.17	20.68
17.25	20.79
17.33	20.91
17.42	21.02
17.50	21.11
17.58	21.15
17.67	21.17
17.75	21.20
17.83	21.22
17.92	21.21
18.00	21.22
18.08	21.20
18.17	21.15
18.25	21.02
18.33	20.86
18.42	20.67
18.50	20.54
18.58	20.40
18.67	20.23
18.75	20.02
18.83	19.78
18.92	19.53
19.00	19.27
19.08	18.98
19.17	18.68
19.25	18.37
19.33	18.06
19.42	17.71
19.50	17.31
19.58	16.91
19.67	16.52
19.75	16.18
19.83	15.84
19.92	15.49
20.00	15.16
20.08	14.83
20.17	14.51
20.25	14.27
20.33	14.05
20.42	13.81
20.50	13.53
20.58	13.26
20.67	12.97
20.75	12.67
20.83	12.38
20.92	12.11
21.00	11.86
21.08	11.64
21.17	11.43
21.25	11.21
21.33	10.97
21.42	10.76
21.50	10.58
21.58	10.40
21.67	10.23
21.75	10.04
21.83	9.79
21.92	9.53
22.00	9.28
22.08	9.05
22.17	8.79
22.25	8.59
22.33	8.43
22.42	8.29
22.50	8.16
22.58	8.02
22.67	7.87
22.75	7.79
22.83	7.74
22.92	7.69
23.00	7.62
23.08	7.51
23.17	7.38
23.25	7.19
23.33	7.01
23.42	6.83
23.50	6.66
23.58	6.50
23.67	6.38
23.75	6.29
23.83	6.23
23.92	6.19
0.00	6.31
0.08	6.30
0.17	6.29
0.25	6.27
0.33	6.27
0.42	6.29
0.50	6.27
0.58	6.24
0.67	6.21
0.75	6.14
0.83	6.06
0.92	5.97
1.00	5.87
1.08	5.78
1.17	5.71
1.25	5.64
1.33	5.55
1.42	5.45
1.50	5.38
1.58	5.33
1.67	5.33
1.75	5.36
1.83	5.40
1.92	5.44
2.00	5.48
2.08	5.50
2.17	5.52
2.25	5.55
2.33	5.59
2.42	5.62
2.50	5.65
2.58	5.67
2.67	5.67
2.75	5.68
2.83	5.71
2.92	5.72
3.00	5.73
3.08	5.71
3.17	5.70
3.25	5.69
3.33	5.65
3.42	5.57
3.50	5.52
3.58	5.46
3.67	5.39
3.75	5.36
3.83	5.32
3.92	5.24
4.00	5.18
4.08	5.16
4.17	5.13
4.25	5.12
4.33	5.11
4.42	5.05
4.50	4.98
4.58	4.95
4.67	4.88
4.75	4.73
4.83	4.63
4.92	4.57
5.00	4.51
5.08	4.45
5.17	4.39
5.25	4.34
5.33	4.34
5.42	4.37
5.50	4.38
5.58	4.35
5.67	4.34
5.75	4.33
5.83	4.35
5.92	4.35
6.00	4.34
6.08	4.31
6.17	4.27
6.25	4.21
6.33	4.14
6.42	4.06
6.50	3.97
6.58	3.88
6.67	3.79
6.75	3.67
6.83	3.54
6.92	3.41
7.00	3.28
7.08	3.16
7.17	3.03
7.25	2.92
7.33	2.84
7.42	2.77
7.50	2.71
7.58	2.65
7.67	2.60
7.75	2.56
7.83	2.52
7.92	2.49
8.00	2.45
8.08	2.42
8.17	2.38
8.25	2.34
8.33	2.30
8.42	2.25
8.50	2.21
8.58	2.17
8.67	2.14
8.75	2.11
8.83	2.09
8.92	2.08
9.00	2.08
9.08	2.11
9.17	2.16
9.25	2.23
9.33	2.35
9.42	2.48
9.50	2.64
9.58	2.83
9.67	3.04
9.75	3.27
9.83	3.51
9.92	3.76
10.00	4.01
10.08	4.25
10.17	4.49
10.25	4.71
10.33	4.92
10.42	5.11
10.50	5.30
10.58	5.47
10.67	5.64
10.75	5.80
10.83	5.95
10.92	6.11
11.00	6.28
11.08	6.46
11.17	6.66
11.25	6.87
11.33	7.11
11.42	7.36
11.50	7.61
11.58	7.88
11.67	8.16
11.75	8.44
11.83	8.72
11.92	8.98
12.00	9.23
12.08	9.46
12.17	9.67
12.25	9.84
12.33	10.00
12.42	10.13
12.50	10.24
12.58	10.34
12.67	10.43
12.75	10.51
12.83	10.60
12.92	10.68
13.00	10.76
13.08	10.84
13.17	10.92
13.25	11.00
13.33	11.10
13.42	11.21
13.50	11.32
13.58	11.44
13.67	11.57
13.75	11.72
13.83	11.88
13.92	12.05
14.00	12.24
14.08	12.45
14.17	12.67
14.25	12.91
14.33	13.15
14.42	13.40
14.50	13.66
14.58	13.89
14.67	14.12
14.75	14.36
14.83	14.60
14.92	14.86
15.00	15.13
15.08	15.41
15.17	15.69
15.25	15.95
15.33	16.22
15.42	16.50
15.50	16.83
15.58	17.18
15.67	17.52
15.75	17.87
15.83	18.23
15.92	18.58
16.00	18.93
16.08	19.31
16.17	19.74
16.25	20.18
16.33	20.61
16.42	21.03
16.50	21.42
16.58	21.80
16.67	22.16
16.75	22.51
16.83	22.82
16.92	23.11
17.00	23.33
17.08	23.51
17.17	23.67
17.25	23.82
17.33	23.95
17.42	24.08
17.50	24.16
17.58	24.23
17.67	24.31
17.75	24.38
17.83	24.45
17.92	24.49
18.00	24.54
18.08	24.57
18.17	24.57
18.25	24.56
18.33	24.54
18.42	24.59
18.50	24.68
18.58	24.76
18.67	24.81
18.75	24.85
18.83	24.90
18.92	24.99
19.00	25.08
19.08	25.17
19.17	25.26
19.25	25.38
19.33	25.48
19.42	25.54
19.50	25.61
19.58	25.68
19.67	25.80
19.75	25.94
19.83	26.06
19.92	26.16
20.00	26.25
20.08	26.33
20.17	26.52
20.25	26.71
20.33	26.87
20.42	26.94
20.50	26.99
20.58	27.02
20.67	26.97
20.75	26.91
20.83	26.83
20.92	26.74
21.00	26.64
21.08	26.58
21.17	26.48
21.25	26.36
21.33	26.22
21.42	26.08
21.50	25.94
21.58	25.79
21.67	25.62
21.75	25.40
21.83	25.16
21.92	24.90
22.00	24.70
22.08	24.41
22.17	24.11
22.25	23.86
22.33	23.65
22.42	23.42
22.50	23.18
22.58	22.92
22.67	22.66
22.75	22.43
22.83	22.17
22.92	21.86
23.00	21.38
23.08	20.83
23.17	20.16
23.25	19.44
23.33	18.66
23.42	17.84
23.50	16.98
23.58	16.21
23.67	15.56
23.75	15.06
23.83	14.72
23.92	14.53
