0.00	3.62
0.08	3.61
0.17	3.59
0.25	3.56
0.33	3.53
0.42	3.51
0.50	3.47
0.58	3.44
0.67	3.38
0.75	3.29
0.83	3.20
0.92	3.11
1.00	3.04
1.08	2.97
1.17	2.91
1.25	2.85
1.33	2.81
1.42	2.77
1.50	2.73
1.58	2.71
1.67	2.70
1.75	2.71
1.83	2.71
1.92	2.72
2.00	2.71
2.08	2.71
2.17	2.71
2.25	2.71
2.33	2.70
2.42	2.69
2.50	2.69
2.58	2.70
2.67	2.72
2.75	2.73
2.83	2.75
2.92	2.77
3.00	2.79
3.08	2.80
3.17	2.83
3.25	2.85
3.33	2.88
3.42	2.90
3.50	2.90
3.58	2.90
3.67	2.90
3.75	2.90
3.83	2.90
3.92	2.91
4.00	2.94
4.08	2.96
4.17	2.95
4.25	2.93
4.33	2.91
4.42	2.90
4.50	2.88
4.58	2.85
4.67	2.84
4.75	2.82
4.83	2.80
4.92	2.76
5.00	2.71
5.08	2.68
5.17	2.66
5.25	2.64
5.33	2.62
5.42	2.60
5.50	2.58
5.58	2.56
5.67	2.54
5.75	2.52
5.83	2.49
5.92	2.47
6.00	2.44
6.08	2.42
6.17	2.41
6.25	2.40
6.33	2.40
6.42	2.40
6.50	2.41
6.58	2.41
6.67	2.41
6.75	2.41
6.83	2.41
6.92	2.41
7.00	2.42
7.08	2.42
7.17	2.41
7.25	2.40
7.33	2.39
7.42	2.38
7.50	2.36
7.58	2.35
7.67	2.34
7.75	2.32
7.83	2.31
7.92	2.30
8.00	2.29
8.08	2.28
8.17	2.28
8.25	2.28
8.33	2.28
8.42	2.30
8.50	2.33
8.58	2.35
8.67	2.39
8.75	2.45
8.83	2.51
8.92	2.59
9.00	2.70
9.08	2.82
9.17	2.96
9.25	3.11
9.33	3.27
9.42	3.43
9.50	3.59
9.58	3.76
9.67	3.93
9.75	4.09
9.83	4.25
9.92	4.42
10.00	4.57
10.08	4.70
10.17	4.80
10.25	4.91
10.33	5.00
10.42	5.09
10.50	5.17
10.58	5.26
10.67	5.34
10.75	5.41
10.83	5.46
10.92	5.51
11.00	5.56
11.08	5.60
11.17	5.64
11.25	5.68
11.33	5.71
11.42	5.76
11.50	5.80
11.58	5.85
11.67	5.91
11.75	5.99
11.83	6.07
11.92	6.15
12.00	6.24
12.08	6.36
12.17	6.49
12.25	6.62
12.33	6.74
12.42	6.87
12.50	7.00
12.58	7.13
12.67	7.25
12.75	7.35
12.83	7.46
12.92	7.57
13.00	7.68
13.08	7.78
13.17	7.88
13.25	7.97
13.33	8.07
13.42	8.15
13.50	8.23
13.58	8.29
13.67	8.36
13.75	8.44
13.83	8.51
13.92	8.57
14.00	8.63
14.08	8.68
14.17	8.73
14.25	8.79
14.33	8.85
14.42	8.92
14.50	9.00
14.58	9.09
14.67	9.16
14.75	9.24
14.83	9.33
14.92	9.41
15.00	9.50
15.08	9.58
15.17	9.66
15.25	9.73
15.33	9.80
15.42	9.86
15.50	9.89
15.58	9.92
15.67	9.94
15.75	9.94
15.83	9.94
15.92	9.95
16.00	9.95
16.08	9.95
16.17	9.95
16.25	9.95
16.33	9.96
16.42	9.96
16.50	9.98
16.58	10.01
16.67	10.04
16.75	10.08
16.83	10.13
16.92	10.18
17.00	10.23
17.08	10.29
17.17	10.34
17.25	10.39
17.33	10.42
17.42	10.47
17.50	10.52
17.58	10.54
17.67	10.56
17.75	10.55
17.83	10.53
17.92	10.49
18.00	10.45
18.08	10.41
18.17	10.36
18.25	10.31
18.33	10.26
18.42	10.21
18.50	10.16
18.58	10.11
18.67	10.06
18.75	10.01
18.83	9.96
18.92	9.93
19.00	9.89
19.08	9.84
19.17	9.74
19.25	9.63
19.33	9.50
19.42	9.36
19.50	9.19
19.58	9.01
19.67	8.82
19.75	8.63
19.83	8.41
19.92	8.17
20.00	7.93
20.08	7.70
20.17	7.49
20.25	7.28
20.33	7.07
20.42	6.88
20.50	6.70
20.58	6.53
20.67	6.37
20.75	6.22
20.83	6.08
20.92	5.95
21.00	5.84
21.08	5.76
21.17	5.70
21.25	5.64
21.33	5.59
21.42	5.54
21.50	5.50
21.58	5.46
21.67	5.42
21.75	5.37
21.83	5.32
21.92	5.27
22.00	5.21
22.08	5.12
22.17	5.04
22.25	4.96
22.33	4.87
22.42	4.78
22.50	4.68
22.58	4.59
22.67	4.52
22.75	4.44
22.83	4.37
22.92	4.30
23.00	4.23
23.08	4.16
23.17	4.10
23.25	4.03
23.33	3.96
23.42	3.89
23.50	3.82
23.58	3.76
23.67	3.70
23.75	3.66
23.83	3.64
23.92	3.63
0.00	3.42
0.08	3.41
0.17	3.39
0.25	3.35
0.33	3.29
0.42	3.25
0.50	3.20
0.58	3.13
0.67	3.03
0.75	2.92
0.83	2.81
0.92	2.72
1.00	2.64
1.08	2.56
1.17	2.48
1.25	2.43
1.33	2.39
1.42	2.36
1.50	2.34
1.58	2.33
1.67	2.35
1.75	2.36
1.83	2.38
1.92	2.39
2.00	2.39
2.08	2.40
2.17	2.41
2.25	2.40
2.33	2.39
2.42	2.39
2.50	2.39
2.58	2.40
2.67	2.40
2.75	2.41
2.83	2.42
2.92	2.43
3.00	2.44
3.08	2.46
3.17	2.47
3.25	2.49
3.33	2.51
3.42	2.51
3.50	2.51
3.58	2.51
3.67	2.51
3.75	2.51
3.83	2.52
3.92	2.54
4.00	2.56
4.08	2.55
4.17	2.54
4.25	2.53
4.33	2.52
4.42	2.50
4.50	2.49
4.58	2.48
4.67	2.46
4.75	2.45
4.83	2.43
4.92	2.40
5.00	2.38
5.08	2.37
5.17	2.35
5.25	2.35
5.33	2.34
5.42	2.34
5.50	2.34
5.58	2.34
5.67	2.34
5.75	2.34
5.83	2.33
5.92	2.33
6.00	2.32
6.08	2.33
6.17	2.33
6.25	2.34
6.33	2.34
6.42	2.34
6.50	2.34
6.58	2.34
6.67	2.33
6.75	2.32
6.83	2.32
6.92	2.31
7.00	2.31
7.08	2.30
7.17	2.29
7.25	2.28
7.33	2.27
7.42	2.26
7.50	2.26
7.58	2.25
7.67	2.25
7.75	2.25
7.83	2.25
7.92	2.25
8.00	2.25
8.08	2.26
8.17	2.27
8.25	2.29
8.33	2.31
8.42	2.34
8.50	2.37
8.58	2.40
8.67	2.44
8.75	2.49
8.83	2.56
8.92	2.63
9.00	2.73
9.08	2.84
9.17	2.96
9.25	3.10
9.33	3.24
9.42	3.38
9.50	3.54
9.58	3.71
9.67	3.88
9.75	4.05
9.83	4.23
9.92	4.41
10.00	4.56
10.08	4.70
10.17	4.83
10.25	4.94
10.33	5.06
10.42	5.17
10.50	5.28
10.58	5.38
10.67	5.47
10.75	5.54
10.83	5.59
10.92	5.65
11.00	5.72
11.08	5.78
11.17	5.84
11.25	5.90
11.33	5.96
11.42	6.01
11.50	6.07
11.58	6.13
11.67	6.21
11.75	6.29
11.83	6.38
11.92	6.46
12.00	6.55
12.08	6.65
12.17	6.75
12.25	6.86
12.33	6.97
12.42	7.09
12.50	7.21
12.58	7.34
12.67	7.45
12.75	7.56
12.83	7.68
12.92	7.79
13.00	7.91
13.08	8.03
13.17	8.14
13.25	8.24
13.33	8.34
13.42	8.42
13.50	8.50
13.58	8.57
13.67	8.66
13.75	8.74
13.83	8.82
13.92	8.88
14.00	8.94
14.08	8.99
14.17	9.03
14.25	9.06
14.33	9.09
14.42	9.11
14.50	9.12
14.58	9.13
14.67	9.12
14.75	9.10
14.83	9.09
14.92	9.08
15.00	9.07
15.08	9.07
15.17	9.07
15.25	9.09
15.33	9.11
15.42	9.12
15.50	9.14
15.58	9.16
15.67	9.18
15.75	9.22
15.83	9.28
15.92	9.34
16.00	9.42
16.08	9.49
16.17	9.58
16.25	9.67
16.33	9.76
16.42	9.86
16.50	9.96
16.58	10.07
16.67	10.18
16.75	10.29
16.83	10.39
16.92	10.49
17.00	10.58
17.08	10.67
17.17	10.76
17.25	10.85
17.33	10.94
17.42	11.03
17.50	11.11
17.58	11.17
17.67	11.21
17.75	11.23
17.83	11.23
17.92	11.22
18.00	11.20
18.08	11.17
18.17	11.12
18.25	11.06
18.33	10.98
18.42	10.89
18.50	10.79
18.58	10.66
18.67	10.54
18.75	10.40
18.83	10.29
18.92	10.16
19.00	10.02
19.08	9.82
19.17	9.61
19.25	9.38
19.33	9.15
19.42	8.92
19.50	8.69
19.58	8.47
19.67	8.25
19.75	8.03
19.83	7.78
19.92	7.52
20.00	7.29
20.08	7.11
20.17	6.93
20.25	6.75
20.33	6.57
20.42	6.40
20.50	6.22
20.58	6.05
20.67	5.88
20.75	5.72
20.83	5.57
20.92	5.42
21.00	5.30
21.08	5.20
21.17	5.09
21.25	4.99
21.33	4.89
21.42	4.80
21.50	4.72
21.58	4.64
21.67	4.56
21.75	4.49
21.83	4.41
21.92	4.34
22.00	4.25
22.08	4.16
22.17	4.09
22.25	4.02
22.33	3.96
22.42	3.89
22.50	3.83
22.58	3.77
22.67	3.72
22.75	3.67
22.83	3.62
22.92	3.58
23.00	3.54
23.08	3.51
23.17	3.47
23.25	3.43
23.33	3.38
23.42	3.34
23.50	3.29
23.58	3.25
23.67	3.22
23.75	3.20
23.83	3.18
23.92	3.18
0.00	3.19
0.08	3.18
0.17	3.16
0.25	3.14
0.33	3.10
0.42	3.05
0.50	3.00
0.58	2.91
0.67	2.82
0.75	2.74
0.83	2.66
0.92	2.59
1.00	2.53
1.08	2.47
1.17	2.42
1.25	2.37
1.33	2.34
1.42	2.31
1.50	2.30
1.58	2.30
1.67	2.31
1.75	2.33
1.83	2.33
1.92	2.33
2.00	2.34
2.08	2.35
2.17	2.35
2.25	2.34
2.33	2.35
2.42	2.37
2.50	2.39
2.58	2.41
2.67	2.43
2.75	2.45
2.83	2.47
2.92	2.48
3.00	2.51
3.08	2.53
3.17	2.56
3.25	2.58
3.33	2.58
3.42	2.59
3.50	2.59
3.58	2.59
3.67	2.58
3.75	2.58
3.83	2.60
3.92	2.62
4.00	2.60
4.08	2.59
4.17	2.57
4.25	2.55
4.33	2.54
4.42	2.52
4.50	2.51
4.58	2.49
4.67	2.48
4.75	2.46
4.83	2.42
4.92	2.39
5.00	2.39
5.08	2.37
5.17	2.36
5.25	2.34
5.33	2.32
5.42	2.30
5.50	2.28
5.58	2.26
5.67	2.24
5.75	2.21
5.83	2.19
5.92	2.17
6.00	2.16
6.08	2.15
6.17	2.15
6.25	2.16
6.33	2.16
6.42	2.17
6.50	2.17
6.58	2.18
6.67	2.19
6.75	2.19
6.83	2.20
6.92	2.20
7.00	2.20
7.08	2.18
7.17	2.17
7.25	2.17
7.33	2.15
7.42	2.14
7.50	2.14
7.58	2.12
7.67	2.11
7.75	2.10
7.83	2.10
7.92	2.10
8.00	2.10
8.08	2.11
8.17	2.12
8.25	2.13
8.33	2.15
8.42	2.18
8.50	2.22
8.58	2.27
8.67	2.32
8.75	2.38
8.83	2.46
8.92	2.55
9.00	2.66
9.08	2.79
9.17	2.94
9.25	3.10
9.33	3.26
9.42	3.43
9.50	3.60
9.58	3.77
9.67	3.95
9.75	4.13
9.83	4.31
9.92	4.46
10.00	4.60
10.08	4.71
10.17	4.82
10.25	4.91
10.33	5.00
10.42	5.08
10.50	5.15
10.58	5.22
10.67	5.29
10.75	5.34
10.83	5.39
10.92	5.45
11.00	5.50
11.08	5.56
11.17	5.61
11.25	5.66
11.33	5.73
11.42	5.79
11.50	5.85
11.58	5.93
11.67	6.01
11.75	6.10
11.83	6.19
11.92	6.28
12.00	6.39
12.08	6.49
12.17	6.60
12.25	6.71
12.33	6.82
12.42	6.93
12.50	7.04
12.58	7.15
12.67	7.26
12.75	7.37
12.83	7.48
12.92	7.60
13.00	7.73
13.08	7.86
13.17	7.99
13.25	8.13
13.33	8.26
13.42	8.39
13.50	8.52
13.58	8.67
13.67	8.82
13.75	8.96
13.83	9.08
13.92	9.21
14.00	9.30
14.08	9.40
14.17	9.49
14.25	9.56
14.33	9.62
14.42	9.69
14.50	9.75
14.58	9.78
14.67	9.81
14.75	9.85
14.83	9.88
14.92	9.93
15.00	9.99
15.08	10.05
15.17	10.12
15.25	10.19
15.33	10.27
15.42	10.33
15.50	10.41
15.58	10.48
15.67	10.56
15.75	10.64
15.83	10.73
15.92	10.81
16.00	10.89
16.08	10.96
16.17	11.02
16.25	11.08
16.33	11.14
16.42	11.19
16.50	11.23
16.58	11.27
16.67	11.32
16.75	11.36
16.83	11.41
16.92	11.44
17.00	11.47
17.08	11.50
17.17	11.52
17.25	11.53
17.33	11.55
17.42	11.55
17.50	11.53
17.58	11.49
17.67	11.40
17.75	11.30
17.83	11.19
17.92	11.07
18.00	10.93
18.08	10.80
18.17	10.67
18.25	10.54
18.33	10.41
18.42	10.28
18.50	10.17
18.58	10.07
18.67	9.99
18.75	9.94
18.83	9.91
18.92	9.88
19.00	9.83
19.08	9.78
19.17	9.74
19.25	9.70
19.33	9.64
19.42	9.57
19.50	9.50
19.58	9.43
19.67	9.34
19.75	9.21
19.83	9.07
19.92	8.93
20.00	8.79
20.08	8.63
20.17	8.46
20.25	8.26
20.33	8.08
20.42	7.87
20.50	7.64
20.58	7.41
20.67	7.16
20.75	6.91
20.83	6.66
20.92	6.43
21.00	6.22
21.08	6.01
21.17	5.81
21.25	5.62
21.33	5.44
21.42	5.28
21.50	5.13
21.58	5.00
21.67	4.88
21.75	4.76
21.83	4.66
21.92	4.54
22.00	4.43
22.08	4.33
22.17	4.24
22.25	4.15
22.33	4.07
22.42	3.99
22.50	3.92
22.58	3.85
22.67	3.78
22.75	3.71
22.83	3.65
22.92	3.59
23.00	3.54
23.08	3.49
23.17	3.44
23.25	3.40
23.33	3.36
23.42	3.32
23.50	3.30
23.58	3.27
23.67	3.25
23.75	3.23
23.83	3.22
23.92	3.21
0.00	3.07
0.08	3.06
0.17	3.04
0.25	3.00
0.33	2.95
0.42	2.89
0.50	2.80
0.58	2.69
0.67	2.58
0.75	2.49
0.83	2.41
0.92	2.35
1.00	2.28
1.08	2.24
1.17	2.21
1.25	2.19
1.33	2.18
1.42	2.18
1.50	2.21
1.58	2.25
1.67	2.29
1.75	2.32
1.83	2.34
1.92	2.36
2.00	2.37
2.08	2.37
2.17	2.36
2.25	2.35
2.33	2.36
2.42	2.37
2.50	2.37
2.58	2.38
2.67	2.38
2.75	2.39
2.83	2.40
2.92	2.43
3.00	2.47
3.08	2.51
3.17	2.54
3.25	2.56
3.33	2.58
3.42	2.60
3.50	2.62
3.58	2.63
3.67	2.65
3.75	2.67
3.83	2.70
3.92	2.71
4.00	2.71
4.08	2.71
4.17	2.71
4.25	2.71
4.33	2.71
4.42	2.72
4.50	2.71
4.58	2.70
4.67	2.68
4.75	2.65
4.83	2.61
4.92	2.58
5.00	2.55
5.08	2.51
5.17	2.48
5.25	2.44
5.33	2.41
5.42	2.37
5.50	2.34
5.58	2.32
5.67	2.29
5.75	2.27
5.83	2.25
5.92	2.23
6.00	2.22
6.08	2.22
6.17	2.22
6.25	2.23
6.33	2.23
6.42	2.24
6.50	2.25
6.58	2.25
6.67	2.25
6.75	2.26
6.83	2.27
6.92	2.26
7.00	2.24
7.08	2.22
7.17	2.19
7.25	2.15
7.33	2.11
7.42	2.07
7.50	2.03
7.58	2.00
7.67	1.96
7.75	1.92
7.83	1.89
7.92	1.87
8.00	1.85
8.08	1.84
8.17	1.84
8.25	1.86
8.33	1.90
8.42	1.94
8.50	1.99
8.58	2.04
8.67	2.11
8.75	2.19
8.83	2.29
8.92	2.41
9.00	2.54
9.08	2.70
9.17	2.86
9.25	3.02
9.33	3.19
9.42	3.38
9.50	3.57
9.58	3.76
9.67	3.97
9.75	4.18
9.83	4.37
9.92	4.54
10.00	4.69
10.08	4.83
10.17	4.96
10.25	5.09
10.33	5.22
10.42	5.34
10.50	5.46
10.58	5.56
10.67	5.64
10.75	5.72
10.83	5.82
10.92	5.92
11.00	6.03
11.08	6.15
11.17	6.28
11.25	6.43
11.33	6.59
11.42	6.76
11.50	6.97
11.58	7.20
11.67	7.45
11.75	7.71
11.83	8.00
11.92	8.29
12.00	8.59
12.08	8.90
12.17	9.21
12.25	9.52
12.33	9.83
12.42	10.14
12.50	10.44
12.58	10.71
12.67	10.97
12.75	11.20
12.83	11.42
12.92	11.61
13.00	11.75
13.08	11.85
13.17	11.89
13.25	11.87
13.33	11.81
13.42	11.70
13.50	11.59
13.58	11.47
13.67	11.35
13.75	11.22
13.83	11.11
13.92	10.99
14.00	10.91
14.08	10.85
14.17	10.82
14.25	10.82
14.33	10.85
14.42	10.90
14.50	10.93
14.58	10.96
14.67	11.00
14.75	11.04
14.83	11.08
14.92	11.14
15.00	11.19
15.08	11.26
15.17	11.34
15.25	11.42
15.33	11.50
15.42	11.60
15.50	11.71
15.58	11.84
15.67	11.99
15.75	12.16
15.83	12.33
15.92	12.52
16.00	12.71
16.08	12.90
16.17	13.10
16.25	13.27
16.33	13.44
16.42	13.60
16.50	13.76
16.58	13.95
16.67	14.14
16.75	14.34
16.83	14.55
16.92	14.77
17.00	15.00
17.08	15.24
17.17	15.51
17.25	15.82
17.33	16.13
17.42	16.43
17.50	16.71
17.58	16.94
17.67	17.12
17.75	17.25
17.83	17.34
17.92	17.36
18.00	17.33
18.08	17.23
18.17	17.08
18.25	16.88
18.33	16.62
18.42	16.33
18.50	15.99
18.58	15.62
18.67	15.26
18.75	14.91
18.83	14.53
18.92	14.14
19.00	13.73
19.08	13.30
19.17	12.88
19.25	12.48
19.33	12.11
19.42	11.77
19.50	11.44
19.58	11.12
19.67	10.78
19.75	10.45
19.83	10.14
19.92	9.87
20.00	9.62
20.08	9.39
20.17	9.15
20.25	8.92
20.33	8.67
20.42	8.41
20.50	8.17
20.58	7.92
20.67	7.67
20.75	7.42
20.83	7.20
20.92	7.01
21.00	6.79
21.08	6.58
21.17	6.37
21.25	6.16
21.33	5.96
21.42	5.77
21.50	5.59
21.58	5.42
21.67	5.26
21.75	5.11
21.83	4.94
21.92	4.77
22.00	4.64
22.08	4.51
22.17	4.39
22.25	4.28
22.33	4.17
22.42	4.07
22.50	3.97
22.58	3.88
22.67	3.79
22.75	3.70
22.83	3.61
22.92	3.53
23.00	3.45
23.08	3.38
23.17	3.32
23.25	3.26
23.33	3.20
23.42	3.16
23.50	3.13
23.58	3.10
23.67	3.08
23.75	3.05
23.83	3.04
23.92	3.03
0.00	3.51
0.08	3.50
0.17	3.49
0.25	3.46
0.33	3.42
0.42	3.35
0.50	3.25
0.58	3.16
0.67	3.06
0.75	2.98
0.83	2.90
0.92	2.83
1.00	2.76
1.08	2.71
1.17	2.67
1.25	2.63
1.33	2.60
1.42	2.61
1.50	2.62
1.58	2.64
1.67	2.65
1.75	2.66
1.83	2.68
1.92	2.70
2.00	2.70
2.08	2.70
2.17	2.70
2.25	2.71
2.33	2.72
2.42	2.74
2.50	2.76
2.58	2.78
2.67	2.80
2.75	2.83
2.83	2.86
2.92	2.89
3.00	2.92
3.08	2.95
3.17	2.97
3.25	2.98
3.33	2.99
3.42	3.00
3.50	3.01
3.58	3.01
3.67	3.02
3.75	3.04
3.83	3.04
3.92	3.02
4.00	3.00
4.08	2.98
4.17	2.96
4.25	2.94
4.33	2.91
4.42	2.89
4.50	2.87
4.58	2.85
4.67	2.82
4.75	2.79
4.83	2.77
4.92	2.75
5.00	2.74
5.08	2.72
5.17	2.70
5.25	2.68
5.33	2.67
5.42	2.64
5.50	2.62
5.58	2.59
5.67	2.56
5.75	2.52
5.83	2.49
5.92	2.47
6.00	2.45
6.08	2.44
6.17	2.42
6.25	2.41
6.33	2.39
6.42	2.37
6.50	2.34
6.58	2.31
6.67	2.29
6.75	2.27
6.83	2.25
6.92	2.23
7.00	2.21
7.08	2.20
7.17	2.18
7.25	2.16
7.33	2.16
7.42	2.15
7.50	2.14
7.58	2.14
7.67	2.14
7.75	2.13
7.83	2.13
7.92	2.12
8.00	2.12
8.08	2.12
8.17	2.14
8.25	2.16
8.33	2.17
8.42	2.19
8.50	2.22
8.58	2.26
8.67	2.30
8.75	2.37
8.83	2.45
8.92	2.55
9.00	2.67
9.08	2.81
9.17	2.96
9.25	3.12
9.33	3.31
9.42	3.51
9.50	3.72
9.58	3.96
9.67	4.21
9.75	4.44
9.83	4.66
9.92	4.87
10.00	5.07
10.08	5.27
10.17	5.46
10.25	5.65
10.33	5.83
10.42	6.01
10.50	6.19
10.58	6.34
10.67	6.48
10.75	6.65
10.83	6.81
10.92	6.96
11.00	7.12
11.08	7.27
11.17	7.43
11.25	7.58
11.33	7.74
11.42	7.90
11.50	8.08
11.58	8.27
11.67	8.45
11.75	8.64
11.83	8.85
11.92	9.07
12.00	9.30
12.08	9.53
12.17	9.78
12.25	10.04
12.33	10.30
12.42	10.58
12.50	10.85
12.58	11.15
12.67	11.47
12.75	11.81
12.83	12.17
12.92	12.55
13.00	12.94
13.08	13.36
13.17	13.78
13.25	14.22
13.33	14.68
13.42	15.17
13.50	15.67
13.58	16.18
13.67	16.69
13.75	17.20
13.83	17.68
13.92	18.16
14.00	18.62
14.08	19.06
14.17	19.47
14.25	19.85
14.33	20.19
14.42	20.46
14.50	20.67
14.58	20.82
14.67	20.90
14.75	20.93
14.83	20.89
14.92	20.79
15.00	20.65
15.08	20.46
15.17	20.23
15.25	19.92
15.33	19.60
15.42	19.27
15.50	18.95
15.58	18.68
15.67	18.49
15.75	18.30
15.83	18.11
15.92	17.93
16.00	17.75
16.08	17.57
16.17	17.39
16.25	17.20
16.33	16.99
16.42	16.76
16.50	16.54
16.58	16.28
16.67	16.01
16.75	15.74
16.83	15.48
16.92	15.24
17.00	15.01
17.08	14.80
17.17	14.64
17.25	14.51
17.33	14.41
17.42	14.32
17.50	14.20
17.58	14.07
17.67	13.95
17.75	13.85
17.83	13.75
17.92	13.66
18.00	13.58
18.08	13.51
18.17	13.44
18.25	13.37
18.33	13.29
18.42	13.20
18.50	13.09
18.58	12.97
18.67	12.84
18.75	12.69
18.83	12.49
18.92	12.27
19.00	12.02
19.08	11.75
19.17	11.47
19.25	11.17
19.33	10.87
19.42	10.58
19.50	10.31
19.58	10.02
19.67	9.73
19.75	9.46
19.83	9.23
19.92	9.02
20.00	8.81
20.08	8.61
20.17	8.42
20.25	8.24
20.33	8.06
20.42	7.89
20.50	7.71
20.58	7.53
20.67	7.35
20.75	7.17
20.83	7.01
20.92	6.84
21.00	6.65
21.08	6.47
21.17	6.29
21.25	6.11
21.33	5.94
21.42	5.78
21.50	5.62
21.58	5.47
21.67	5.34
21.75	5.20
21.83	5.05
21.92	4.94
22.00	4.83
22.08	4.73
22.17	4.62
22.25	4.52
22.33	4.42
22.42	4.33
22.50	4.24
22.58	4.16
22.67	4.08
22.75	4.01
22.83	3.94
22.92	3.88
23.00	3.81
23.08	3.76
23.17	3.70
23.25	3.65
23.33	3.61
23.42	3.58
23.50	3.55
23.58	3.53
23.67	3.51
23.75	3.48
23.83	3.45
23.92	3.43
0.00	4.17
0.08	4.16
0.17	4.15
0.25	4.13
0.33	4.08
0.42	4.00
0.50	3.91
0.58	3.82
0.67	3.74
0.75	3.66
0.83	3.58
0.92	3.51
1.00	3.45
1.08	3.39
1.17	3.34
1.25	3.29
1.33	3.28
1.42	3.27
1.50	3.28
1.58	3.28
1.67	3.28
1.75	3.29
1.83	3.30
1.92	3.30
2.00	3.30
2.08	3.30
2.17	3.32
2.25	3.34
2.33	3.37
2.42	3.39
2.50	3.42
2.58	3.45
2.67	3.48
2.75	3.51
2.83	3.55
2.92	3.60
3.00	3.64
3.08	3.67
3.17	3.70
3.25	3.72
3.33	3.74
3.42	3.76
3.50	3.78
3.58	3.80
3.67	3.85
3.75	3.89
3.83	3.89
3.92	3.90
4.00	3.90
4.08	3.91
4.17	3.91
4.25	3.91
4.33	3.91
4.42	3.90
4.50	3.90
4.58	3.87
4.67	3.82
4.75	3.79
4.83	3.76
4.92	3.73
5.00	3.69
5.08	3.63
5.17	3.57
5.25	3.51
5.33	3.44
5.42	3.37
5.50	3.30
5.58	3.23
5.67	3.15
5.75	3.07
5.83	3.02
5.92	2.97
6.00	2.93
6.08	2.91
6.17	2.89
6.25	2.88
6.33	2.87
6.42	2.87
6.50	2.87
6.58	2.87
6.67	2.87
6.75	2.86
6.83	2.84
6.92	2.82
7.00	2.80
7.08	2.78
7.17	2.75
7.25	2.72
7.33	2.69
7.42	2.66
7.50	2.63
7.58	2.60
7.67	2.57
7.75	2.54
7.83	2.51
7.92	2.49
8.00	2.47
8.08	2.47
8.17	2.49
8.25	2.51
8.33	2.53
8.42	2.56
8.50	2.59
8.58	2.64
8.67	2.70
8.75	2.78
8.83	2.87
8.92	2.99
9.00	3.13
9.08	3.27
9.17	3.42
9.25	3.60
9.33	3.78
9.42	3.98
9.50	4.19
9.58	4.41
9.67	4.63
9.75	4.83
9.83	5.01
9.92	5.17
10.00	5.32
10.08	5.46
10.17	5.59
10.25	5.71
10.33	5.83
10.42	5.93
10.50	6.02
10.58	6.10
10.67	6.18
10.75	6.27
10.83	6.35
10.92	6.44
11.00	6.52
11.08	6.61
11.17	6.71
11.25	6.81
11.33	6.92
11.42	7.05
11.50	7.19
11.58	7.33
11.67	7.48
11.75	7.66
11.83	7.85
11.92	8.06
12.00	8.27
12.08	8.50
12.17	8.74
12.25	8.99
12.33	9.26
12.42	9.54
12.50	9.83
12.58	10.13
12.67	10.44
12.75	10.77
12.83	11.11
12.92	11.45
13.00	11.79
13.08	12.14
13.17	12.50
13.25	12.85
13.33	13.21
13.42	13.59
13.50	13.96
13.58	14.33
13.67	14.69
13.75	15.05
13.83	15.39
13.92	15.73
14.00	16.04
14.08	16.34
14.17	16.62
14.25	16.87
14.33	17.07
14.42	17.24
14.50	17.35
14.58	17.42
14.67	17.44
14.75	17.41
14.83	17.32
14.92	17.17
15.00	16.97
15.08	16.71
15.17	16.38
15.25	16.01
15.33	15.62
15.42	15.22
15.50	14.81
15.58	14.42
15.67	14.05
15.75	13.70
15.83	13.39
15.92	13.13
16.00	12.91
16.08	12.71
16.17	12.55
16.25	12.43
16.33	12.35
16.42	12.32
16.50	12.32
16.58	12.35
16.67	12.42
16.75	12.50
16.83	12.61
16.92	12.74
17.00	12.89
17.08	13.09
17.17	13.32
17.25	13.55
17.33	13.79
17.42	14.01
17.50	14.21
17.58	14.38
17.67	14.51
17.75	14.61
17.83	14.64
17.92	14.62
18.00	14.54
18.08	14.39
18.17	14.19
18.25	13.94
18.33	13.65
18.42	13.32
18.50	12.97
18.58	12.65
18.67	12.32
18.75	11.98
18.83	11.64
18.92	11.33
19.00	11.04
19.08	10.79
19.17	10.55
19.25	10.32
19.33	10.12
19.42	9.93
19.50	9.73
19.58	9.52
19.67	9.33
19.75	9.17
19.83	9.03
19.92	8.88
20.00	8.72
20.08	8.56
20.17	8.40
20.25	8.23
20.33	8.05
20.42	7.86
20.50	7.66
20.58	7.45
20.67	7.25
20.75	7.07
20.83	6.89
20.92	6.70
21.00	6.52
21.08	6.35
21.17	6.20
21.25	6.07
21.33	5.94
21.42	5.84
21.50	5.74
21.58	5.66
21.67	5.56
21.75	5.45
21.83	5.37
21.92	5.28
22.00	5.20
22.08	5.12
22.17	5.03
22.25	4.94
22.33	4.86
22.42	4.78
22.50	4.70
22.58	4.63
22.67	4.56
22.75	4.50
22.83	4.45
22.92	4.40
23.00	4.36
23.08	4.32
23.17	4.29
23.25	4.26
23.33	4.25
23.42	4.25
23.50	4.25
23.58	4.24
23.67	4.24
23.75	4.24
23.83	4.23
23.92	4.22
0.00	3.69
0.08	3.68
0.17	3.66
0.25	3.63
0.33	3.55
0.42	3.46
0.50	3.36
0.58	3.29
0.67	3.21
0.75	3.14
0.83	3.08
0.92	3.03
1.00	2.98
1.08	2.94
1.17	2.90
1.25	2.89
1.33	2.90
1.42	2.92
1.50	2.93
1.58	2.93
1.67	2.94
1.75	2.94
1.83	2.95
1.92	2.95
2.00	2.94
2.08	2.95
2.17	2.97
2.25	2.98
2.33	2.99
2.42	3.00
2.50	3.00
2.58	3.01
2.67	3.01
2.75	3.02
2.83	3.03
2.92	3.04
3.00	3.05
3.08	3.04
3.17	3.03
3.25	3.02
3.33	3.01
3.42	3.00
3.50	2.99
3.58	3.01
3.67	3.02
3.75	3.00
3.83	2.99
3.92	2.97
4.00	2.95
4.08	2.94
4.17	2.93
4.25	2.93
4.33	2.92
4.42	2.92
4.50	2.90
4.58	2.87
4.67	2.84
4.75	2.82
4.83	2.81
4.92	2.79
5.00	2.78
5.08	2.76
5.17	2.74
5.25	2.72
5.33	2.70
5.42	2.68
5.50	2.66
5.58	2.64
5.67	2.63
5.75	2.64
5.83	2.64
5.92	2.65
6.00	2.66
6.08	2.66
6.17	2.67
6.25	2.67
6.33	2.67
6.42	2.67
6.50	2.67
6.58	2.67
6.67	2.65
6.75	2.63
6.83	2.61
6.92	2.60
7.00	2.58
7.08	2.56
7.17	2.54
7.25	2.53
7.33	2.52
7.42	2.51
7.50	2.50
7.58	2.49
7.67	2.48
7.75	2.48
7.83	2.47
7.92	2.47
8.00	2.47
8.08	2.49
8.17	2.51
8.25	2.54
8.33	2.57
8.42	2.60
8.50	2.64
8.58	2.69
8.67	2.74
8.75	2.81
8.83	2.89
8.92	2.99
9.00	3.11
9.08	3.23
9.17	3.38
9.25	3.54
9.33	3.72
9.42	3.93
9.50	4.16
9.58	4.39
9.67	4.62
9.75	4.84
9.83	5.05
9.92	5.25
10.00	5.44
10.08	5.61
10.17	5.78
10.25	5.94
10.33	6.08
10.42	6.20
10.50	6.31
10.58	6.42
10.67	6.53
10.75	6.63
10.83	6.74
10.92	6.85
11.00	6.96
11.08	7.06
11.17	7.17
11.25	7.28
11.33	7.41
11.42	7.54
11.50	7.67
11.58	7.80
11.67	7.94
11.75	8.08
11.83	8.23
11.92	8.37
12.00	8.53
12.08	8.68
12.17	8.84
12.25	9.01
12.33	9.17
12.42	9.34
12.50	9.51
12.58	9.72
12.67	9.94
12.75	10.17
12.83	10.41
12.92	10.65
13.00	10.89
13.08	11.14
13.17	11.39
13.25	11.64
13.33	11.91
13.42	12.18
13.50	12.43
13.58	12.66
13.67	12.86
13.75	13.03
13.83	13.20
13.92	13.33
14.00	13.44
14.08	13.52
14.17	13.60
14.25	13.64
14.33	13.65
14.42	13.65
14.50	13.63
14.58	13.59
14.67	13.56
14.75	13.51
14.83	13.44
14.92	13.38
15.00	13.32
15.08	13.23
15.17	13.12
15.25	13.02
15.33	12.90
15.42	12.79
15.50	12.69
15.58	12.60
15.67	12.52
15.75	12.44
15.83	12.37
15.92	12.29
16.00	12.21
16.08	12.13
16.17	12.03
16.25	11.93
16.33	11.83
16.42	11.75
16.50	11.65
16.58	11.54
16.67	11.43
16.75	11.31
16.83	11.21
16.92	11.10
17.00	11.04
17.08	11.00
17.17	10.97
17.25	10.96
17.33	10.94
17.42	10.92
17.50	10.91
17.58	10.92
17.67	10.94
17.75	10.98
17.83	11.01
17.92	11.04
18.00	11.07
18.08	11.09
18.17	11.09
18.25	11.08
18.33	11.06
18.42	11.03
18.50	11.01
18.58	10.98
18.67	10.92
18.75	10.82
18.83	10.70
18.92	10.57
19.00	10.44
19.08	10.29
19.17	10.13
19.25	9.97
19.33	9.81
19.42	9.62
19.50	9.41
19.58	9.19
19.67	8.98
19.75	8.78
19.83	8.58
19.92	8.36
20.00	8.13
20.08	7.91
20.17	7.68
20.25	7.45
20.33	7.21
20.42	6.96
20.50	6.72
20.58	6.49
20.67	6.28
20.75	6.09
20.83	5.90
20.92	5.72
21.00	5.56
21.08	5.41
21.17	5.27
21.25	5.15
21.33	5.05
21.42	4.96
21.50	4.88
21.58	4.80
21.67	4.70
21.75	4.62
21.83	4.54
21.92	4.46
22.00	4.38
22.08	4.30
22.17	4.23
22.25	4.16
22.33	4.09
22.42	4.01
22.50	3.94
22.58	3.85
22.67	3.77
22.75	3.70
22.83	3.63
22.92	3.56
23.00	3.49
23.08	3.43
23.17	3.37
23.25	3.32
23.33	3.28
23.42	3.24
23.50	3.21
23.58	3.20
23.67	3.18
23.75	3.18
23.83	3.17
23.92	3.17
0.00	3.19
0.08	3.18
0.17	3.15
0.25	3.09
0.33	3.01
0.42	2.93
0.50	2.84
0.58	2.77
0.67	2.70
0.75	2.63
0.83	2.59
0.92	2.55
1.00	2.51
1.08	2.49
1.17	2.47
1.25	2.49
1.33	2.50
1.42	2.51
1.50	2.51
1.58	2.52
1.67	2.52
1.75	2.52
1.83	2.50
1.92	2.49
2.00	2.50
2.08	2.50
2.17	2.51
2.25	2.53
2.33	2.54
2.42	2.56
2.50	2.57
2.58	2.58
2.67	2.62
2.75	2.65
2.83	2.68
2.92	2.71
3.00	2.72
3.08	2.73
3.17	2.74
3.25	2.75
3.33	2.76
3.42	2.77
3.50	2.81
3.58	2.84
3.67	2.83
3.75	2.82
3.83	2.80
3.92	2.78
4.00	2.76
4.08	2.74
4.17	2.72
4.25	2.70
4.33	2.67
4.42	2.65
4.50	2.60
4.58	2.56
4.67	2.54
4.75	2.52
4.83	2.51
4.92	2.49
5.00	2.47
5.08	2.44
5.17	2.42
5.25	2.40
5.33	2.38
5.42	2.35
5.50	2.33
5.58	2.31
5.67	2.30
5.75	2.30
5.83	2.30
5.92	2.32
6.00	2.33
6.08	2.35
6.17	2.37
6.25	2.39
6.33	2.41
6.42	2.43
6.50	2.45
6.58	2.46
6.67	2.46
6.75	2.45
6.83	2.44
6.92	2.42
7.00	2.40
7.08	2.38
7.17	2.35
7.25	2.32
7.33	2.29
7.42	2.27
7.50	2.24
7.58	2.22
7.67	2.20
7.75	2.19
7.83	2.18
7.92	2.18
8.00	2.21
8.08	2.24
8.17	2.27
8.25	2.31
8.33	2.35
8.42	2.40
8.50	2.44
8.58	2.50
8.67	2.56
8.75	2.63
8.83	2.72
8.92	2.82
9.00	2.91
9.08	3.02
9.17	3.14
9.25	3.27
9.33	3.42
9.42	3.58
9.50	3.76
9.58	3.92
9.67	4.08
9.75	4.24
9.83	4.39
9.92	4.54
10.00	4.68
10.08	4.82
10.17	4.96
10.25	5.08
10.33	5.19
10.42	5.29
10.50	5.38
10.58	5.47
10.67	5.55
10.75	5.64
10.83	5.71
10.92	5.79
11.00	5.86
11.08	5.92
11.17	5.99
11.25	6.06
11.33	6.15
11.42	6.25
11.50	6.35
11.58	6.46
11.67	6.58
11.75	6.70
11.83	6.83
11.92	6.98
12.00	7.13
12.08	7.29
12.17	7.45
12.25	7.61
12.33	7.77
12.42	7.93
12.50	8.11
12.58	8.29
12.67	8.47
12.75	8.65
12.83	8.83
12.92	9.01
13.00	9.19
13.08	9.36
13.17	9.53
13.25	9.72
13.33	9.91
13.42	10.09
13.50	10.26
13.58	10.42
13.67	10.56
13.75	10.70
13.83	10.82
13.92	10.93
14.00	11.04
14.08	11.14
14.17	11.22
14.25	11.29
14.33	11.35
14.42	11.41
14.50	11.47
14.58	11.54
14.67	11.62
14.75	11.70
14.83	11.77
14.92	NaN
15.00	NaN
15.08	NaN
15.17	NaN
15.25	NaN
15.33	NaN
15.42	NaN
15.50	NaN
15.58	NaN
15.67	NaN
15.75	NaN
15.83	12.91
15.92	12.99
16.00	13.09
16.08	13.18
16.17	13.26
16.25	13.34
16.33	13.41
16.42	13.46
16.50	13.49
16.58	13.50
16.67	13.48
16.75	13.45
16.83	13.40
16.92	13.34
17.00	13.29
17.08	13.23
17.17	13.15
17.25	13.06
17.33	12.95
17.42	12.82
17.50	12.69
17.58	12.54
17.67	12.38
17.75	12.22
17.83	12.04
17.92	11.85
18.00	11.65
18.08	11.44
18.17	11.23
18.25	11.01
18.33	10.78
18.42	10.59
18.50	10.42
18.58	10.26
18.67	10.09
18.75	9.92
18.83	9.77
18.92	9.64
19.00	9.52
19.08	9.39
19.17	9.28
19.25	9.17
19.33	9.07
19.42	8.94
19.50	8.80
19.58	8.68
19.67	8.56
19.75	8.44
19.83	8.31
19.92	8.16
20.00	8.02
20.08	7.88
20.17	7.72
20.25	7.56
20.33	7.40
20.42	7.22
20.50	7.04
20.58	6.89
20.67	6.75
20.75	6.61
20.83	6.46
20.92	6.32
21.00	6.18
21.08	6.05
21.17	5.92
21.25	5.80
21.33	5.69
21.42	5.58
21.50	5.48
21.58	5.35
21.67	5.24
21.75	5.14
21.83	5.04
21.92	4.93
22.00	4.83
22.08	4.73
22.17	4.63
22.25	4.54
22.33	4.46
22.42	4.37
22.50	4.28
22.58	4.19
22.67	4.11
22.75	4.03
22.83	3.96
22.92	3.89
23.00	3.82
23.08	3.75
23.17	3.70
23.25	3.65
23.33	3.61
23.42	3.57
23.50	3.53
23.58	3.50
23.67	3.48
23.75	3.47
23.83	3.48
23.92	3.47
0.00	2.83
0.08	2.82
0.17	2.78
0.25	2.71
0.33	2.64
0.42	2.56
0.50	2.49
0.58	2.43
0.67	2.37
0.75	2.32
0.83	2.29
0.92	2.26
1.00	2.24
1.08	2.23
1.17	2.25
1.25	2.27
1.33	2.29
1.42	2.30
1.50	2.31
1.58	2.32
1.67	2.33
1.75	2.33
1.83	2.33
1.92	2.34
2.00	2.36
2.08	2.38
2.17	2.39
2.25	2.41
2.33	2.43
2.42	2.45
2.50	2.46
2.58	2.48
2.67	2.50
2.75	2.52
2.83	2.54
2.92	2.54
3.00	2.54
3.08	2.54
3.17	2.54
3.25	2.54
3.33	2.54
3.42	2.56
3.50	2.59
3.58	2.59
3.67	2.59
3.75	2.58
3.83	2.58
3.92	2.57
4.00	2.56
4.08	2.55
4.17	2.54
4.25	2.52
4.33	2.51
4.42	2.47
4.50	2.44
4.58	2.42
4.67	2.39
4.75	2.36
4.83	2.34
4.92	2.30
5.00	2.27
5.08	2.24
5.17	2.21
5.25	2.17
5.33	2.14
5.42	2.11
5.50	2.08
5.58	2.07
5.67	2.06
5.75	2.07
5.83	2.08
5.92	2.10
6.00	2.12
6.08	2.14
6.17	2.16
6.25	2.18
6.33	2.19
6.42	2.21
6.50	2.22
6.58	2.22
6.67	2.23
6.75	2.22
6.83	2.21
6.92	2.19
7.00	2.17
7.08	2.16
7.17	2.13
7.25	2.11
7.33	2.08
7.42	2.06
7.50	2.04
7.58	2.02
7.67	2.00
7.75	1.98
7.83	1.96
7.92	1.97
8.00	1.98
8.08	1.99
8.17	2.01
8.25	2.03
8.33	2.05
8.42	2.07
8.50	2.10
8.58	2.14
8.67	2.20
8.75	2.27
8.83	2.35
8.92	2.44
9.00	2.56
9.08	2.69
9.17	2.84
9.25	3.01
9.33	3.20
9.42	3.41
9.50	3.62
9.58	3.82
9.67	4.01
9.75	4.20
9.83	4.38
9.92	4.54
10.00	4.69
10.08	4.83
10.17	4.96
10.25	5.07
10.33	5.16
10.42	5.23
10.50	5.31
10.58	5.37
10.67	5.43
10.75	5.47
10.83	5.51
10.92	5.55
11.00	5.59
11.08	5.62
11.17	5.66
11.25	5.71
11.33	5.76
11.42	5.81
11.50	5.87
11.58	5.93
11.67	6.00
11.75	6.06
11.83	6.13
11.92	6.19
12.00	6.26
12.08	6.32
12.17	6.39
12.25	6.44
12.33	6.50
12.42	6.57
12.50	6.65
12.58	6.75
12.67	6.86
12.75	6.98
12.83	7.11
12.92	7.24
13.00	7.38
13.08	7.53
13.17	7.70
13.25	7.89
13.33	8.08
13.42	8.26
13.50	8.44
13.58	8.60
13.67	8.77
13.75	8.92
13.83	9.06
13.92	9.19
14.00	9.32
14.08	9.44
14.17	9.52
14.25	9.59
14.33	9.63
14.42	9.66
14.50	9.67
14.58	9.67
14.67	9.64
14.75	9.61
14.83	9.58
14.92	9.53
15.00	9.46
15.08	9.37
15.17	9.29
15.25	9.22
15.33	9.16
15.42	9.12
15.50	9.09
15.58	9.09
15.67	9.09
15.75	9.11
15.83	9.15
15.92	9.20
16.00	9.27
16.08	9.35
16.17	9.44
16.25	9.54
16.33	9.65
16.42	9.77
16.50	9.88
16.58	10.00
16.67	10.13
16.75	10.25
16.83	10.37
16.92	10.51
17.00	10.63
17.08	10.74
17.17	10.84
17.25	10.91
17.33	10.97
17.42	11.03
17.50	11.07
17.58	11.10
17.67	11.13
17.75	11.15
17.83	11.17
17.92	11.19
18.00	11.20
18.08	11.21
18.17	11.22
18.25	11.23
18.33	11.24
18.42	11.26
18.50	11.27
18.58	11.24
18.67	11.18
18.75	11.12
18.83	11.05
18.92	10.95
19.00	10.84
19.08	10.73
19.17	10.62
19.25	10.50
19.33	10.36
19.42	10.22
19.50	10.08
19.58	9.97
19.67	9.86
19.75	9.75
19.83	9.63
19.92	9.53
20.00	9.41
20.08	9.29
20.17	9.17
20.25	9.03
20.33	8.88
20.42	8.71
20.50	8.55
20.58	8.41
20.67	8.23
20.75	8.05
20.83	7.86
20.92	7.66
21.00	7.47
21.08	7.27
21.17	7.08
21.25	6.88
21.33	6.68
21.42	6.49
21.50	6.26
21.58	6.03
21.67	5.82
21.75	5.62
21.83	5.42
21.92	5.23
22.00	5.05
22.08	4.88
22.17	4.72
22.25	4.58
22.33	4.45
22.42	4.32
22.50	4.20
22.58	4.09
22.67	3.99
22.75	3.89
22.83	3.81
22.92	3.72
23.00	3.64
23.08	3.56
23.17	3.49
23.25	3.43
23.33	3.38
23.42	3.33
23.50	3.28
23.58	3.24
23.67	3.21
23.75	3.20
23.83	3.21
23.92	3.22
0.00	3.48
0.08	3.45
0.17	3.38
0.25	3.30
0.33	3.21
0.42	3.12
0.50	3.03
0.58	2.93
0.67	2.85
0.75	2.78
0.83	2.73
0.92	2.67
1.00	2.64
1.08	2.63
1.17	2.63
1.25	2.63
1.33	2.63
1.42	2.63
1.50	2.63
1.58	2.63
1.67	2.61
1.75	2.60
1.83	2.59
1.92	2.59
2.00	2.59
2.08	2.60
2.17	2.60
2.25	2.61
2.33	2.62
2.42	2.62
2.50	2.64
2.58	2.67
2.67	2.69
2.75	2.72
2.83	2.72
2.92	2.72
3.00	2.72
3.08	2.72
3.17	2.72
3.25	2.72
3.33	2.74
3.42	2.76
3.50	2.76
3.58	2.75
3.67	2.74
3.75	2.73
3.83	2.73
3.92	2.72
4.00	2.71
4.08	2.70
4.17	2.68
4.25	2.66
4.33	2.62
4.42	2.58
4.50	2.55
4.58	2.52
4.67	2.48
4.75	2.45
4.83	2.41
4.92	2.38
5.00	2.35
5.08	2.32
5.17	2.30
5.25	2.27
5.33	2.25
5.42	2.23
5.50	2.21
5.58	2.20
5.67	2.19
5.75	2.19
5.83	2.19
5.92	2.20
6.00	2.20
6.08	2.20
6.17	2.20
6.25	2.21
6.33	2.21
6.42	2.22
6.50	2.23
6.58	2.25
6.67	2.25
6.75	2.26
6.83	2.27
6.92	2.27
7.00	2.27
7.08	2.28
7.17	2.28
7.25	2.27
7.33	2.27
7.42	2.27
7.50	2.26
7.58	2.25
7.67	2.24
7.75	2.24
7.83	2.25
7.92	2.26
8.00	2.26
8.08	2.27
8.17	2.28
8.25	2.29
8.33	2.31
8.42	2.34
8.50	2.37
8.58	2.41
8.67	2.47
8.75	2.54
8.83	2.62
8.92	2.73
9.00	2.87
9.08	3.02
9.17	3.19
9.25	3.39
9.33	3.61
9.42	3.83
9.50	4.03
9.58	4.23
9.67	4.42
9.75	4.60
9.83	4.77
9.92	4.92
10.00	5.06
10.08	5.17
10.17	5.27
10.25	5.33
10.33	5.38
10.42	5.45
10.50	5.51
10.58	5.56
10.67	5.61
10.75	5.66
10.83	5.71
10.92	5.75
11.00	5.80
11.08	5.87
11.17	5.94
11.25	6.02
11.33	6.11
11.42	6.20
11.50	6.30
11.58	6.39
11.67	6.50
11.75	6.61
11.83	6.73
11.92	6.85
12.00	6.98
12.08	7.12
12.17	7.25
12.25	7.39
12.33	7.54
12.42	7.70
12.50	7.88
12.58	8.06
12.67	8.25
12.75	8.45
12.83	8.65
12.92	8.85
13.00	9.07
13.08	9.31
13.17	9.57
13.25	9.84
13.33	10.11
13.42	10.37
13.50	10.61
13.58	10.84
13.67	11.06
13.75	11.28
13.83	11.49
13.92	11.71
14.00	11.92
14.08	12.09
14.17	12.25
14.25	12.40
14.33	12.55
14.42	12.69
14.50	12.83
14.58	12.97
14.67	13.09
14.75	13.20
14.83	13.28
14.92	13.34
15.00	13.37
15.08	13.39
15.17	13.39
15.25	13.39
15.33	13.38
15.42	13.37
15.50	13.36
15.58	13.33
15.67	13.31
15.75	13.28
15.83	13.23
15.92	13.19
16.00	13.14
16.08	13.11
16.17	13.10
16.25	13.11
16.33	13.14
16.42	13.17
16.50	13.23
16.58	13.30
16.67	13.40
16.75	13.52
16.83	13.67
16.92	13.82
17.00	13.97
17.08	14.10
17.17	14.19
17.25	14.26
17.33	14.30
17.42	14.31
17.50	14.29
17.58	14.24
17.67	14.16
17.75	14.04
17.83	13.91
17.92	13.76
18.00	13.60
18.08	13.41
18.17	13.21
18.25	13.03
18.33	12.87
18.42	12.70
18.50	12.50
18.58	12.28
18.67	12.06
18.75	11.84
18.83	11.62
18.92	11.38
19.00	11.13
19.08	10.89
19.17	10.65
19.25	10.37
19.33	10.08
19.42	9.80
19.50	9.55
19.58	9.31
19.67	9.08
19.75	8.84
19.83	8.62
19.92	8.41
20.00	8.20
20.08	7.99
20.17	7.79
20.25	7.58
20.33	7.38
20.42	7.19
20.50	7.03
20.58	6.85
20.67	6.67
20.75	6.49
20.83	6.32
20.92	6.15
21.00	6.00
21.08	5.86
21.17	5.73
21.25	5.62
21.33	5.51
21.42	5.40
21.50	5.28
21.58	5.19
21.67	5.10
21.75	5.02
21.83	4.94
21.92	4.86
22.00	4.79
22.08	4.72
22.17	4.65
22.25	4.59
22.33	4.52
22.42	4.47
22.50	4.41
22.58	4.36
22.67	4.30
22.75	4.24
22.83	4.18
22.92	4.13
23.00	4.07
23.08	4.03
23.17	3.99
23.25	3.94
23.33	3.89
23.42	3.83
23.50	3.78
23.58	3.73
23.67	3.70
23.75	3.69
23.83	3.69
23.92	3.70
0.00	3.36
0.08	3.32
0.17	3.25
0.25	3.18
0.33	3.11
0.42	3.02
0.50	2.93
0.58	2.84
0.67	2.77
0.75	2.71
0.83	2.66
0.92	2.62
1.00	2.61
1.08	2.62
1.17	2.63
1.25	2.63
1.33	2.64
1.42	2.66
1.50	2.68
1.58	2.70
1.67	2.71
1.75	2.72
1.83	2.74
1.92	2.76
2.00	2.78
2.08	2.80
2.17	2.83
2.25	2.86
2.33	2.88
2.42	2.89
2.50	2.91
2.58	2.93
2.67	2.95
2.75	2.95
2.83	2.94
2.92	2.94
3.00	2.94
3.08	2.94
3.17	2.93
3.25	2.93
3.33	2.95
3.42	2.95
3.50	2.94
3.58	2.92
3.67	2.92
3.75	2.91
3.83	2.90
3.92	2.89
4.00	2.88
4.08	2.87
4.17	2.86
4.25	2.84
4.33	2.81
4.42	2.80
4.50	2.78
4.58	2.76
4.67	2.74
4.75	2.72
4.83	2.69
4.92	2.66
5.00	2.63
5.08	2.59
5.17	2.56
5.25	2.52
5.33	2.47
5.42	2.44
5.50	2.41
5.58	2.39
5.67	2.37
5.75	2.35
5.83	2.33
5.92	2.31
6.00	2.28
6.08	2.27
6.17	2.26
6.25	2.25
6.33	2.24
6.42	2.23
6.50	2.23
6.58	2.23
6.67	2.22
6.75	2.23
6.83	2.24
6.92	2.25
7.00	2.26
7.08	2.25
7.17	2.25
7.25	2.25
7.33	2.24
7.42	2.23
7.50	2.22
7.58	2.21
7.67	2.20
7.75	2.19
7.83	2.18
7.92	2.17
8.00	2.17
8.08	2.18
8.17	2.18
8.25	2.19
8.33	2.20
8.42	2.21
8.50	2.23
8.58	2.26
8.67	2.30
8.75	2.35
8.83	2.42
8.92	2.51
9.00	2.62
9.08	2.74
9.17	2.89
9.25	3.06
9.33	3.24
9.42	3.41
9.50	3.57
9.58	3.73
9.67	3.89
9.75	4.04
9.83	4.18
9.92	4.31
10.00	4.44
10.08	4.55
10.17	4.63
10.25	4.71
10.33	4.80
10.42	4.88
10.50	4.95
10.58	5.02
10.67	5.09
10.75	5.16
10.83	5.22
10.92	5.28
11.00	5.36
11.08	5.43
11.17	5.51
11.25	5.59
11.33	5.68
11.42	5.78
11.50	5.87
11.58	5.97
11.67	6.07
11.75	6.18
11.83	6.29
11.92	6.40
12.00	6.50
12.08	6.60
12.17	6.69
12.25	6.79
12.33	6.89
12.42	7.01
12.50	7.14
12.58	7.27
12.67	7.42
12.75	7.57
12.83	7.74
12.92	7.93
13.00	8.14
13.08	8.39
13.17	8.65
13.25	8.93
13.33	9.21
13.42	9.46
13.50	9.70
13.58	9.93
13.67	10.15
13.75	10.37
13.83	10.59
13.92	10.81
14.00	11.01
14.08	11.19
14.17	11.38
14.25	11.58
14.33	11.79
14.42	12.04
14.50	12.30
14.58	12.57
14.67	12.85
14.75	13.13
14.83	13.38
14.92	13.61
15.00	13.83
15.08	14.06
15.17	14.29
15.25	14.51
15.33	14.73
15.42	14.94
15.50	15.14
15.58	15.32
15.67	15.49
15.75	15.62
15.83	15.75
15.92	15.87
16.00	15.97
16.08	16.07
16.17	16.19
16.25	16.28
16.33	16.36
16.42	16.43
16.50	16.49
16.58	16.54
16.67	16.59
16.75	16.68
16.83	16.77
16.92	16.85
17.00	16.92
17.08	16.93
17.17	16.90
17.25	16.85
17.33	16.80
17.42	16.72
17.50	16.61
17.58	16.49
17.67	16.35
17.75	16.21
17.83	16.06
17.92	15.91
18.00	15.76
18.08	15.63
18.17	15.52
18.25	15.46
18.33	15.40
18.42	15.34
18.50	15.30
18.58	NaN
18.67	NaN
18.75	NaN
18.83	NaN
18.92	NaN
19.00	NaN
19.08	NaN
19.17	NaN
19.25	NaN
19.33	NaN
19.42	NaN
19.50	13.43
19.58	13.12
19.67	12.76
19.75	12.41
19.83	12.02
19.92	11.63
20.00	11.23
20.08	10.83
20.17	10.43
20.25	10.02
20.33	9.63
20.42	9.27
20.50	8.91
20.58	8.55
20.67	8.19
20.75	7.85
20.83	7.52
20.92	7.21
21.00	6.94
21.08	6.68
21.17	6.45
21.25	6.24
21.33	6.04
21.42	5.84
21.50	5.68
21.58	5.54
21.67	5.41
21.75	5.29
21.83	5.17
21.92	5.06
22.00	4.96
22.08	4.87
22.17	4.79
22.25	4.71
22.33	4.63
22.42	4.56
22.50	4.50
22.58	4.44
22.67	4.39
22.75	4.34
22.83	4.30
22.92	4.26
23.00	4.24
23.08	4.23
23.17	4.21
23.25	4.20
23.33	4.19
23.42	4.18
23.50	4.16
23.58	4.15
23.67	4.16
23.75	4.17
23.83	4.19
23.92	4.19
0.00	4.11
0.08	4.07
0.17	4.01
0.25	3.93
0.33	3.84
0.42	3.73
0.50	3.61
0.58	3.50
0.67	3.39
0.75	3.29
0.83	3.18
0.92	3.10
1.00	3.04
1.08	2.98
1.17	2.93
1.25	2.88
1.33	2.84
1.42	2.80
1.50	2.76
1.58	2.73
1.67	2.71
1.75	2.70
1.83	2.69
1.92	2.70
2.00	2.70
2.08	2.71
2.17	2.73
2.25	2.74
2.33	2.75
2.42	2.78
2.50	2.80
2.58	2.83
2.67	2.84
2.75	2.86
2.83	2.87
2.92	2.88
3.00	2.88
3.08	2.89
3.17	2.90
3.25	2.93
3.33	2.96
3.42	2.95
3.50	2.95
3.58	2.94
3.67	2.92
3.75	2.91
3.83	2.89
3.92	2.87
4.00	2.85
4.08	2.83
4.17	2.80
4.25	2.75
4.33	2.72
4.42	2.69
4.50	2.66
4.58	2.64
4.67	2.62
4.75	2.60
4.83	2.59
4.92	2.57
5.00	2.55
5.08	2.54
5.17	2.52
5.25	2.50
5.33	2.49
5.42	2.49
5.50	2.49
5.58	2.50
5.67	2.50
5.75	2.51
5.83	2.52
5.92	2.53
6.00	2.55
6.08	2.56
6.17	2.57
6.25	2.59
6.33	2.60
6.42	2.62
6.50	2.63
6.58	2.64
6.67	2.65
6.75	2.65
6.83	2.65
6.92	2.64
7.00	2.63
7.08	2.61
7.17	2.59
7.25	2.56
7.33	2.54
7.42	2.51
7.50	2.48
7.58	2.45
7.67	2.43
7.75	2.42
7.83	2.41
7.92	2.41
8.00	2.41
8.08	2.42
8.17	2.42
8.25	2.43
8.33	2.44
8.42	2.45
8.50	2.46
8.58	2.49
8.67	2.52
8.75	2.55
8.83	2.61
8.92	2.68
9.00	2.78
9.08	2.90
9.17	3.05
9.25	3.22
9.33	3.38
9.42	3.55
9.50	3.72
9.58	3.89
9.67	4.06
9.75	4.23
9.83	4.39
9.92	4.55
10.00	4.70
10.08	4.83
10.17	4.95
10.25	5.08
10.33	5.21
10.42	5.35
10.50	5.49
10.58	5.64
10.67	5.79
10.75	5.95
10.83	6.10
10.92	6.27
11.00	6.45
11.08	6.64
11.17	6.83
11.25	7.03
11.33	7.23
11.42	7.42
11.50	7.61
11.58	7.80
11.67	8.00
11.75	8.19
11.83	8.38
11.92	8.56
12.00	8.74
12.08	8.91
12.17	9.07
12.25	9.24
12.33	9.41
12.42	9.59
12.50	9.76
12.58	9.93
12.67	10.09
12.75	10.24
12.83	10.39
12.92	10.55
13.00	10.76
13.08	10.97
13.17	11.17
13.25	11.36
13.33	11.51
13.42	11.62
13.50	11.74
13.58	11.84
13.67	11.94
13.75	12.05
13.83	12.15
13.92	12.22
14.00	12.26
14.08	12.31
14.17	12.37
14.25	12.44
14.33	12.57
14.42	12.71
14.50	12.85
14.58	13.00
14.67	13.16
14.75	13.29
14.83	13.40
14.92	13.52
15.00	13.64
15.08	13.76
15.17	13.89
15.25	14.02
15.33	14.14
15.42	14.26
15.50	14.38
15.58	14.51
15.67	14.63
15.75	14.75
15.83	14.86
15.92	14.97
16.00	15.08
16.08	15.22
16.17	15.34
16.25	15.45
16.33	15.56
16.42	15.67
16.50	15.77
16.58	15.85
16.67	15.97
16.75	16.10
16.83	16.23
16.92	16.34
17.00	16.41
17.08	16.45
17.17	16.49
17.25	16.53
17.33	16.55
17.42	16.57
17.50	16.57
17.58	16.55
17.67	16.50
17.75	16.43
17.83	16.32
17.92	16.18
18.00	16.03
18.08	15.84
18.17	15.64
18.25	15.41
18.33	15.15
18.42	14.86
18.50	14.53
18.58	14.18
18.67	13.82
18.75	13.44
18.83	13.07
18.92	12.70
19.00	12.33
19.08	11.96
19.17	11.58
19.25	11.22
19.33	10.88
19.42	10.57
19.50	10.29
19.58	10.03
19.67	9.80
19.75	9.58
19.83	9.37
19.92	9.18
20.00	9.00
20.08	8.81
20.17	8.63
20.25	8.45
20.33	8.29
20.42	8.12
20.50	7.94
20.58	7.74
20.67	7.55
20.75	7.35
20.83	7.16
20.92	6.98
21.00	6.80
21.08	6.62
21.17	6.46
21.25	6.29
21.33	6.10
21.42	5.94
21.50	5.79
21.58	5.64
21.67	5.49
21.75	5.35
21.83	5.21
21.92	5.08
22.00	4.95
22.08	4.84
22.17	4.73
22.25	4.61
22.33	4.51
22.42	4.41
22.50	4.33
22.58	4.25
22.67	4.18
22.75	4.11
22.83	4.05
22.92	4.00
23.00	3.96
23.08	3.92
23.17	3.90
23.25	3.87
23.33	3.84
23.42	3.81
23.50	3.78
23.58	3.77
23.67	3.76
23.75	3.76
23.83	3.76
23.92	3.75
0.00	4.46
0.08	4.45
0.17	4.41
0.25	4.35
0.33	4.29
0.42	4.21
0.50	4.14
0.58	4.08
0.67	4.02
0.75	3.97
0.83	3.93
0.92	3.91
1.00	3.90
1.08	3.88
1.17	3.85
1.25	3.82
1.33	3.79
1.42	3.76
1.50	3.73
1.58	3.69
1.67	3.66
1.75	3.62
1.83	3.58
1.92	3.55
2.00	3.52
2.08	3.50
2.17	3.48
2.25	3.47
2.33	3.48
2.42	3.48
2.50	3.47
2.58	3.47
2.67	3.46
2.75	3.45
2.83	3.43
2.92	3.41
3.00	3.40
3.08	3.39
3.17	3.39
3.25	3.38
3.33	3.34
3.42	3.30
3.50	3.26
3.58	3.22
3.67	3.18
3.75	3.14
3.83	3.10
3.92	3.06
4.00	3.01
4.08	2.97
4.17	2.92
4.25	2.88
4.33	2.85
4.42	2.83
4.50	2.82
4.58	2.82
4.67	2.83
4.75	2.84
4.83	2.85
4.92	2.87
5.00	2.89
5.08	2.90
5.17	2.91
5.25	2.91
5.33	2.91
5.42	2.90
5.50	2.90
5.58	2.89
5.67	2.87
5.75	2.84
5.83	2.81
5.92	2.77
6.00	2.73
6.08	2.69
6.17	2.65
6.25	2.62
6.33	2.60
6.42	2.57
6.50	2.55
6.58	2.53
6.67	2.51
6.75	2.50
6.83	2.49
6.92	2.49
7.00	2.48
7.08	2.48
7.17	2.49
7.25	2.50
7.33	2.51
7.42	2.53
7.50	2.54
7.58	2.56
7.67	2.59
7.75	2.60
7.83	2.61
7.92	2.63
8.00	2.64
8.08	2.65
8.17	2.65
8.25	2.66
8.33	2.66
8.42	2.67
8.50	2.69
8.58	2.71
8.67	2.75
8.75	2.83
8.83	2.93
8.92	3.05
9.00	3.21
9.08	3.40
9.17	3.61
9.25	3.80
9.33	4.01
9.42	4.21
9.50	4.41
9.58	4.61
9.67	4.80
9.75	4.98
9.83	5.15
9.92	5.29
10.00	5.39
10.08	5.48
10.17	5.56
10.25	5.65
10.33	5.74
10.42	5.83
10.50	5.92
10.58	6.01
10.67	6.11
10.75	6.21
10.83	6.32
10.92	6.45
11.00	6.59
11.08	6.74
11.17	6.90
11.25	7.06
11.33	7.21
11.42	7.37
11.50	7.53
11.58	7.69
11.67	7.85
11.75	8.01
11.83	8.16
11.92	8.31
12.00	8.44
12.08	8.58
12.17	8.71
12.25	8.86
12.33	9.02
12.42	9.18
12.50	9.34
12.58	9.51
12.67	9.69
12.75	9.88
12.83	10.09
12.92	10.32
13.00	10.58
13.08	10.84
13.17	11.11
13.25	11.36
13.33	11.59
13.42	11.83
13.50	12.06
13.58	12.29
13.67	12.52
13.75	12.75
13.83	12.96
13.92	13.16
14.00	13.35
14.08	13.54
14.17	13.73
14.25	13.95
14.33	14.16
14.42	14.35
14.50	14.56
14.58	14.76
14.67	14.93
14.75	15.07
14.83	15.20
14.92	15.33
15.00	15.45
15.08	15.62
15.17	15.79
15.25	15.97
15.33	16.14
15.42	16.31
15.50	16.49
15.58	16.65
15.67	16.80
15.75	16.95
15.83	17.09
15.92	17.22
16.00	17.37
16.08	17.46
16.17	17.55
16.25	17.63
16.33	17.72
16.42	17.80
16.50	17.88
16.58	17.97
16.67	18.08
16.75	18.19
16.83	18.31
16.92	18.39
17.00	18.42
17.08	18.45
17.17	18.46
17.25	18.46
17.33	18.45
17.42	18.43
17.50	18.39
17.58	18.35
17.67	18.29
17.75	18.21
17.83	18.12
17.92	18.03
18.00	17.93
18.08	17.88
18.17	17.83
18.25	17.74
18.33	17.59
18.42	17.40
18.50	17.16
18.58	16.88
18.67	16.58
18.75	16.29
18.83	15.95
18.92	15.57
19.00	15.15
19.08	14.65
19.17	14.13
19.25	13.62
19.33	13.14
19.42	12.68
19.50	12.25
19.58	11.83
19.67	11.40
19.75	10.96
19.83	10.56
19.92	10.19
20.00	9.83
20.08	9.50
20.17	9.18
20.25	8.90
20.33	8.64
20.42	8.38
20.50	8.13
20.58	7.90
20.67	7.67
20.75	7.47
20.83	7.28
20.92	7.11
21.00	6.97
21.08	6.84
21.17	6.72
21.25	6.58
21.33	6.46
21.42	6.35
21.50	6.25
21.58	6.14
21.67	6.04
21.75	5.93
21.83	5.83
21.92	5.72
22.00	5.62
22.08	5.52
22.17	5.40
22.25	5.28
22.33	5.16
22.42	5.05
22.50	4.94
22.58	4.83
22.67	4.72
22.75	4.62
22.83	4.53
22.92	4.45
23.00	4.37
23.08	4.30
23.17	4.23
23.25	4.17
23.33	4.11
23.42	4.05
23.50	4.01
23.58	3.97
23.67	3.95
23.75	3.93
23.83	3.90
23.92	3.89
0.00	2.97
0.08	2.97
0.17	2.96
0.25	2.92
0.33	2.86
0.42	2.81
0.50	2.76
0.58	2.71
0.67	2.66
0.75	2.63
0.83	2.63
0.92	2.64
1.00	2.64
1.08	2.64
1.17	2.63
1.25	2.63
1.33	2.63
1.42	2.62
1.50	2.61
1.58	2.62
1.67	2.63
1.75	2.64
1.83	2.66
1.92	2.68
2.00	2.70
2.08	2.73
2.17	2.75
2.25	2.79
2.33	2.83
2.42	2.87
2.50	2.90
2.58	2.92
2.67	2.94
2.75	2.96
2.83	2.97
2.92	2.99
3.00	3.00
3.08	3.03
3.17	3.07
3.25	3.08
3.33	3.08
3.42	3.09
3.50	3.09
3.58	3.10
3.67	3.10
3.75	3.10
3.83	3.10
3.92	3.10
4.00	3.09
4.08	3.06
4.17	3.02
4.25	3.01
4.33	3.00
4.42	2.99
4.50	2.97
4.58	2.95
4.67	2.92
4.75	2.90
4.83	2.88
4.92	2.86
5.00	2.84
5.08	2.82
5.17	2.80
5.25	2.78
5.33	2.76
5.42	2.75
5.50	2.75
5.58	2.74
5.67	2.74
5.75	2.74
5.83	2.73
5.92	2.72
6.00	2.72
6.08	2.71
6.17	2.69
6.25	2.68
6.33	2.66
6.42	2.64
6.50	2.62
6.58	2.59
6.67	2.57
6.75	2.54
6.83	2.51
6.92	2.48
7.00	2.45
7.08	2.43
7.17	2.41
7.25	2.39
7.33	2.37
7.42	2.35
7.50	2.34
7.58	2.35
7.67	2.37
7.75	2.39
7.83	2.42
7.92	2.45
8.00	2.47
8.08	2.50
8.17	2.53
8.25	2.56
8.33	2.59
8.42	2.62
8.50	2.66
8.58	2.69
8.67	2.74
8.75	2.81
8.83	2.90
8.92	3.00
9.00	3.14
9.08	3.29
9.17	3.43
9.25	3.57
9.33	3.71
9.42	3.85
9.50	3.99
9.58	4.12
9.67	4.24
9.75	4.35
9.83	4.44
9.92	4.51
10.00	4.55
10.08	4.60
10.17	4.65
10.25	4.70
10.33	4.75
10.42	4.79
10.50	4.83
10.58	4.87
10.67	4.92
10.75	4.96
10.83	5.02
10.92	5.08
11.00	5.14
11.08	5.20
11.17	5.28
11.25	5.36
11.33	5.45
11.42	5.54
11.50	5.64
11.58	5.74
11.67	5.86
11.75	5.97
11.83	6.09
11.92	6.21
12.00	6.34
12.08	6.48
12.17	6.62
12.25	6.78
12.33	6.93
12.42	7.09
12.50	7.26
12.58	7.44
12.67	7.63
12.75	7.82
12.83	8.03
12.92	8.24
13.00	8.45
13.08	8.66
13.17	8.87
13.25	9.04
13.33	9.22
13.42	9.39
13.50	9.55
13.58	9.69
13.67	9.82
13.75	9.95
13.83	10.05
13.92	10.15
14.00	10.23
14.08	10.31
14.17	10.40
14.25	10.50
14.33	10.60
14.42	10.69
14.50	10.79
14.58	10.90
14.67	11.00
14.75	11.10
14.83	11.22
14.92	11.34
15.00	11.49
15.08	11.65
15.17	11.82
15.25	12.01
15.33	12.21
15.42	12.41
15.50	12.63
15.58	12.84
15.67	13.07
15.75	13.30
15.83	13.54
15.92	13.81
16.00	14.07
16.08	14.34
16.17	14.62
16.25	14.89
16.33	15.16
16.42	15.43
16.50	15.71
16.58	15.98
16.67	16.24
16.75	16.48
16.83	16.67
16.92	16.82
17.00	16.94
17.08	17.02
17.17	17.06
17.25	17.07
17.33	17.05
17.42	17.00
17.50	16.91
17.58	16.79
17.67	16.64
17.75	16.46
17.83	16.27
17.92	16.03
18.00	15.80
18.08	15.57
18.17	15.31
18.25	15.03
18.33	14.72
18.42	14.38
18.50	14.02
18.58	13.68
18.67	13.35
18.75	13.03
18.83	12.70
18.92	12.37
19.00	12.01
19.08	11.63
19.17	11.25
19.25	10.88
19.33	10.50
19.42	10.15
19.50	9.79
19.58	9.43
19.67	9.06
19.75	8.71
19.83	8.38
19.92	8.07
20.00	7.79
20.08	7.52
20.17	7.30
20.25	7.11
20.33	6.92
20.42	6.75
20.50	6.59
20.58	6.43
20.67	6.28
20.75	6.14
20.83	6.01
20.92	5.87
21.00	5.74
21.08	5.62
21.17	5.47
21.25	5.33
21.33	5.20
21.42	5.07
21.50	4.93
21.58	4.80
21.67	4.68
21.75	4.56
21.83	4.44
21.92	4.34
22.00	4.24
22.08	4.13
22.17	4.04
22.25	3.94
22.33	3.85
22.42	3.77
22.50	3.70
22.58	3.62
22.67	3.55
22.75	3.48
22.83	3.42
22.92	3.36
23.00	3.31
23.08	3.27
23.17	3.22
23.25	3.17
23.33	3.12
23.42	3.07
23.50	3.03
23.58	2.99
23.67	2.96
23.75	2.92
23.83	2.89
23.92	2.88
0.00	2.56
0.08	2.57
0.17	2.57
0.25	2.56
0.33	2.53
0.42	2.49
0.50	2.45
0.58	2.41
0.67	2.38
0.75	2.37
0.83	2.37
0.92	2.38
1.00	2.37
1.08	2.37
1.17	2.37
1.25	2.37
1.33	2.36
1.42	2.35
1.50	2.35
1.58	2.35
1.67	2.36
1.75	2.36
1.83	2.37
1.92	2.37
2.00	2.38
2.08	2.39
2.17	2.40
2.25	2.42
2.33	2.43
2.42	2.45
2.50	2.45
2.58	2.45
2.67	2.46
2.75	2.46
2.83	2.47
2.92	2.47
3.00	2.49
3.08	2.51
3.17	2.51
3.25	2.50
3.33	2.49
3.42	2.47
3.50	2.46
3.58	2.44
3.67	2.42
3.75	2.39
3.83	2.37
3.92	2.35
4.00	2.31
4.08	2.27
4.17	2.26
4.25	2.25
4.33	2.25
4.42	2.24
4.50	2.24
4.58	2.23
4.67	2.24
4.75	2.24
4.83	2.25
4.92	2.26
5.00	2.27
5.08	2.28
5.17	2.29
5.25	2.30
5.33	2.32
5.42	2.35
5.50	2.37
5.58	2.39
5.67	2.41
5.75	2.43
5.83	2.44
5.92	2.45
6.00	2.46
6.08	2.46
6.17	2.45
6.25	2.43
6.33	2.40
6.42	2.37
6.50	2.34
6.58	2.30
6.67	2.27
6.75	2.22
6.83	2.18
6.92	2.14
7.00	2.10
7.08	2.06
7.17	2.03
7.25	2.01
7.33	1.98
7.42	1.96
7.50	1.96
7.58	1.97
7.67	1.98
7.75	1.99
7.83	2.00
7.92	2.02
8.00	2.03
8.08	2.05
8.17	2.06
8.25	2.07
8.33	2.09
8.42	2.11
8.50	2.12
8.58	2.14
8.67	2.18
8.75	2.23
8.83	2.31
8.92	2.41
9.00	2.55
9.08	2.69
9.17	2.84
9.25	2.99
9.33	3.15
9.42	3.31
9.50	3.47
9.58	3.63
9.67	3.78
9.75	3.91
9.83	4.03
9.92	4.12
10.00	4.20
10.08	4.28
10.17	4.35
10.25	4.41
10.33	4.48
10.42	4.54
10.50	4.61
10.58	4.67
10.67	4.73
10.75	4.81
10.83	4.90
10.92	4.99
11.00	5.08
11.08	5.19
11.17	5.30
11.25	5.41
11.33	5.53
11.42	5.64
11.50	5.75
11.58	5.87
11.67	6.00
11.75	6.12
11.83	6.24
11.92	6.36
12.00	6.49
12.08	6.63
12.17	6.79
12.25	6.95
12.33	7.13
12.42	7.33
12.50	7.54
12.58	7.76
12.67	7.99
12.75	8.26
12.83	8.54
12.92	8.84
13.00	9.15
13.08	9.46
13.17	9.76
13.25	10.06
13.33	10.37
13.42	10.66
13.50	10.96
13.58	11.26
13.67	11.56
13.75	11.85
13.83	12.14
13.92	12.43
14.00	12.73
14.08	13.05
14.17	13.38
14.25	13.73
14.33	14.08
14.42	14.43
14.50	14.77
14.58	15.07
14.67	15.36
14.75	15.63
14.83	15.89
14.92	16.12
15.00	16.35
15.08	16.54
15.17	16.70
15.25	16.82
15.33	16.91
15.42	16.95
15.50	16.95
15.58	16.91
15.67	16.81
15.75	16.68
15.83	16.56
15.92	16.41
16.00	16.23
16.08	16.03
16.17	15.81
16.25	15.57
16.33	15.34
16.42	15.12
16.50	14.94
16.58	14.78
16.67	14.65
16.75	14.50
16.83	14.32
16.92	14.15
17.00	13.99
17.08	13.84
17.17	13.70
17.25	13.56
17.33	13.43
17.42	13.29
17.50	13.15
17.58	13.00
17.67	12.84
17.75	12.69
17.83	12.52
17.92	12.40
18.00	12.28
18.08	12.15
18.17	11.99
18.25	11.81
18.33	11.63
18.42	11.45
18.50	11.28
18.58	11.13
18.67	10.99
18.75	10.85
18.83	10.70
18.92	10.49
19.00	10.28
19.08	10.09
19.17	9.92
19.25	9.77
19.33	9.60
19.42	9.43
19.50	9.25
19.58	9.05
19.67	8.84
19.75	8.64
19.83	8.44
19.92	8.25
20.00	8.05
20.08	7.86
20.17	7.68
20.25	7.49
20.33	7.31
20.42	7.13
20.50	6.96
20.58	6.78
20.67	6.63
20.75	6.49
20.83	6.36
20.92	6.24
21.00	6.13
21.08	6.00
21.17	5.88
21.25	5.76
21.33	5.64
21.42	5.53
21.50	5.41
21.58	5.29
21.67	5.16
21.75	5.03
21.83	4.90
21.92	4.77
22.00	4.63
22.08	4.48
22.17	4.33
22.25	4.20
22.33	4.07
22.42	3.94
22.50	3.82
22.58	3.71
22.67	3.60
22.75	3.52
22.83	3.43
22.92	3.36
23.00	3.32
23.08	3.27
23.17	3.23
23.25	3.18
23.33	3.15
23.42	3.12
23.50	3.08
23.58	3.06
23.67	3.02
23.75	2.99
23.83	2.97
23.92	2.96
0.00	3.20
0.08	3.20
0.17	3.21
0.25	3.22
0.33	3.23
0.42	3.20
0.50	3.17
0.58	3.13
0.67	3.12
0.75	3.13
0.83	3.13
0.92	3.12
1.00	3.12
1.08	3.11
1.17	3.11
1.25	3.10
1.33	3.08
1.42	3.09
1.50	3.10
1.58	3.11
1.67	3.13
1.75	3.14
1.83	3.15
1.92	3.16
2.00	3.17
2.08	3.19
2.17	3.23
2.25	3.27
2.33	3.30
2.42	3.32
2.50	3.33
2.58	3.34
2.67	3.35
2.75	3.36
2.83	3.36
2.92	3.38
3.00	3.41
3.08	3.40
3.17	3.38
3.25	3.35
3.33	3.33
3.42	3.32
3.50	3.30
3.58	3.30
3.67	3.30
3.75	3.30
3.83	3.31
3.92	3.30
4.00	3.28
4.08	3.28
4.17	3.29
4.25	3.29
4.33	3.30
4.42	3.29
4.50	3.28
4.58	3.27
4.67	3.26
4.75	3.25
4.83	3.24
4.92	3.23
5.00	3.22
5.08	3.22
5.17	3.21
5.25	3.21
5.33	3.22
5.42	3.24
5.50	3.25
5.58	3.26
5.67	3.28
5.75	3.29
5.83	3.29
5.92	3.29
6.00	3.28
6.08	3.26
6.17	3.23
6.25	3.18
6.33	3.14
6.42	3.08
6.50	3.02
6.58	2.96
6.67	2.89
6.75	2.82
6.83	2.75
6.92	2.68
7.00	2.63
7.08	2.58
7.17	2.53
7.25	2.49
7.33	2.45
7.42	2.43
7.50	2.43
7.58	2.43
7.67	2.43
7.75	2.44
7.83	2.45
7.92	2.46
8.00	2.46
8.08	2.47
8.17	2.48
8.25	2.49
8.33	2.51
8.42	2.51
8.50	2.52
8.58	2.55
8.67	2.59
8.75	2.65
8.83	2.74
8.92	2.86
9.00	3.00
9.08	3.13
9.17	3.28
9.25	3.43
9.33	3.59
9.42	3.75
9.50	3.91
9.58	4.07
9.67	4.22
9.75	4.35
9.83	4.45
9.92	4.54
10.00	4.63
10.08	4.71
10.17	4.78
10.25	4.86
10.33	4.93
10.42	5.00
10.50	5.06
10.58	5.13
10.67	5.20
10.75	5.29
10.83	5.38
10.92	5.47
11.00	5.57
11.08	5.67
11.17	5.78
11.25	5.88
11.33	5.99
11.42	6.09
11.50	6.21
11.58	6.32
11.67	6.44
11.75	6.55
11.83	6.66
11.92	6.77
12.00	6.89
12.08	7.03
12.17	7.17
12.25	7.32
12.33	7.49
12.42	7.66
12.50	7.84
12.58	8.02
12.67	8.22
12.75	8.45
12.83	8.67
12.92	8.90
13.00	9.13
13.08	9.33
13.17	9.53
13.25	9.73
13.33	9.91
13.42	10.09
13.50	10.27
13.58	10.44
13.67	10.59
13.75	10.75
13.83	10.91
13.92	11.08
14.00	11.26
14.08	11.47
14.17	11.68
14.25	11.91
14.33	12.15
14.42	12.40
14.50	12.65
14.58	12.90
14.67	13.17
14.75	13.43
14.83	13.70
14.92	13.98
15.00	14.25
15.08	14.51
15.17	14.76
15.25	15.00
15.33	15.23
15.42	15.43
15.50	15.62
15.58	15.79
15.67	15.94
15.75	16.09
15.83	16.23
15.92	16.35
16.00	16.46
16.08	16.58
16.17	16.70
16.25	16.81
16.33	16.93
16.42	17.06
16.50	17.19
16.58	17.31
16.67	17.40
16.75	17.44
16.83	17.47
16.92	17.47
17.00	17.43
17.08	17.37
17.17	17.28
17.25	17.15
17.33	16.99
17.42	16.80
17.50	16.60
17.58	16.38
17.67	16.15
17.75	15.92
17.83	15.69
17.92	15.50
18.00	15.31
18.08	15.06
18.17	14.80
18.25	14.54
18.33	14.26
18.42	13.97
18.50	13.66
18.58	13.35
18.67	13.03
18.75	12.70
18.83	12.30
18.92	11.88
19.00	11.47
19.08	11.09
19.17	10.72
19.25	10.36
19.33	10.02
19.42	9.71
19.50	9.40
19.58	9.11
19.67	8.85
19.75	8.62
19.83	8.42
19.92	8.23
20.00	8.06
20.08	7.93
20.17	7.79
20.25	7.67
20.33	7.54
20.42	7.41
20.50	7.27
20.58	7.14
20.67	7.00
20.75	6.87
20.83	6.74
20.92	6.62
21.00	6.48
21.08	6.35
21.17	6.22
21.25	6.10
21.33	5.98
21.42	5.85
21.50	5.74
21.58	5.62
21.67	5.52
21.75	5.42
21.83	5.33
21.92	5.22
22.00	5.11
22.08	5.01
22.17	4.91
22.25	4.82
22.33	4.74
22.42	4.67
22.50	4.61
22.58	4.55
22.67	4.51
22.75	4.48
22.83	4.46
22.92	4.45
23.00	4.45
23.08	4.44
23.17	4.43
23.25	4.42
23.33	4.41
23.42	4.40
23.50	4.38
23.58	4.35
23.67	4.31
23.75	4.29
23.83	4.27
23.92	4.26
0.00	3.45
0.08	3.44
0.17	3.45
0.25	3.46
0.33	3.45
0.42	3.43
0.50	3.38
0.58	3.37
0.67	3.36
0.75	3.36
0.83	3.35
0.92	3.34
1.00	3.33
1.08	3.32
1.17	3.29
1.25	3.26
1.33	3.24
1.42	3.23
1.50	3.21
1.58	3.20
1.67	3.18
1.75	3.15
1.83	3.13
1.92	3.11
2.00	3.10
2.08	3.10
2.17	3.11
2.25	3.11
2.33	3.11
2.42	3.09
2.50	3.08
2.58	3.06
2.67	3.05
2.75	3.03
2.83	3.02
2.92	3.03
3.00	3.01
3.08	2.98
3.17	2.94
3.25	2.91
3.33	2.87
3.42	2.84
3.50	2.81
3.58	2.78
3.67	2.76
3.75	2.74
3.83	2.71
3.92	2.66
4.00	2.64
4.08	2.62
4.17	2.60
4.25	2.58
4.33	2.57
4.42	2.56
4.50	2.55
4.58	2.54
4.67	2.53
4.75	2.53
4.83	2.53
4.92	2.53
5.00	2.53
5.08	2.54
5.17	2.54
5.25	2.56
5.33	2.57
5.42	2.59
5.50	2.60
5.58	2.62
5.67	2.64
5.75	2.65
5.83	2.66
5.92	2.67
6.00	2.67
6.08	2.67
6.17	2.66
6.25	2.65
6.33	2.64
6.42	2.61
6.50	2.59
6.58	2.56
6.67	2.52
6.75	2.48
6.83	2.45
6.92	2.41
7.00	2.38
7.08	2.36
7.17	2.33
7.25	2.30
7.33	2.30
7.42	2.31
7.50	2.31
7.58	2.32
7.67	2.33
7.75	2.34
7.83	2.35
7.92	2.35
8.00	2.36
8.08	2.35
8.17	2.35
8.25	2.34
8.33	2.32
8.42	2.30
8.50	2.29
8.58	2.29
8.67	2.31
8.75	2.36
8.83	2.45
8.92	2.54
9.00	2.64
9.08	2.75
9.17	2.88
9.25	3.01
9.33	3.15
9.42	3.29
9.50	3.43
9.58	3.55
9.67	3.66
9.75	3.74
9.83	3.80
9.92	3.87
10.00	3.93
10.08	3.98
10.17	4.03
10.25	4.09
10.33	4.15
10.42	4.21
10.50	4.28
10.58	4.37
10.67	4.48
10.75	4.61
10.83	4.73
10.92	4.87
11.00	5.03
11.08	5.19
11.17	5.36
11.25	5.54
11.33	5.72
11.42	5.90
11.50	6.08
11.58	6.25
11.67	6.41
11.75	6.56
11.83	6.70
11.92	6.85
12.00	6.99
12.08	7.13
12.17	7.26
12.25	7.41
12.33	7.56
12.42	7.73
12.50	7.91
12.58	8.10
12.67	8.31
12.75	8.53
12.83	8.76
12.92	8.99
13.00	9.21
13.08	9.42
13.17	9.62
13.25	9.78
13.33	9.92
13.42	10.02
13.50	10.09
13.58	10.14
13.67	10.15
13.75	10.14
13.83	10.12
13.92	10.08
14.00	10.03
14.08	9.98
14.17	9.93
14.25	9.90
14.33	9.87
14.42	9.84
14.50	9.82
14.58	9.82
14.67	9.83
14.75	9.88
14.83	9.94
14.92	10.03
15.00	10.13
15.08	10.26
15.17	10.40
15.25	10.56
15.33	10.73
15.42	10.93
15.50	11.13
15.58	11.33
15.67	11.55
15.75	11.77
15.83	11.99
15.92	12.21
16.00	12.43
16.08	12.65
16.17	12.89
16.25	13.13
16.33	13.39
16.42	13.65
16.50	13.91
16.58	14.17
16.67	14.41
16.75	14.64
16.83	14.84
16.92	15.02
17.00	15.17
17.08	15.28
17.17	15.35
17.25	15.36
17.33	15.34
17.42	15.26
17.50	15.13
17.58	14.96
17.67	14.75
17.75	14.51
17.83	14.30
17.92	14.05
18.00	13.74
18.08	13.38
18.17	13.01
18.25	12.64
18.33	12.26
18.42	11.88
18.50	11.52
18.58	11.16
18.67	10.83
18.75	10.47
18.83	10.11
18.92	9.79
19.00	9.54
19.08	9.33
19.17	9.15
19.25	8.98
19.33	8.84
19.42	8.73
19.50	8.63
19.58	8.55
19.67	8.49
19.75	8.44
19.83	8.39
19.92	8.36
20.00	8.36
20.08	8.36
20.17	8.35
20.25	8.33
20.33	8.31
20.42	8.29
20.50	8.26
20.58	8.23
20.67	8.19
20.75	8.14
20.83	8.09
20.92	8.01
21.00	7.88
21.08	7.77
21.17	7.64
21.25	7.50
21.33	7.34
21.42	7.16
21.50	6.95
21.58	6.74
21.67	6.52
21.75	6.29
21.83	6.04
21.92	5.79
22.00	5.55
22.08	5.31
22.17	5.08
22.25	4.86
22.33	4.65
22.42	4.46
22.50	4.29
22.58	4.15
22.67	4.02
22.75	3.91
22.83	3.82
22.92	3.74
23.00	3.66
23.08	3.59
23.17	3.53
23.25	3.48
23.33	3.44
23.42	3.39
23.50	3.34
23.58	3.28
23.67	3.24
23.75	3.21
23.83	3.18
23.92	3.17
0.00	3.42
0.08	3.41
0.17	3.40
0.25	3.39
0.33	3.38
0.42	3.35
0.50	3.32
0.58	3.28
0.67	3.25
0.75	3.22
0.83	3.18
0.92	3.15
1.00	3.13
1.08	3.10
1.17	3.07
1.25	3.05
1.33	3.05
1.42	3.05
1.50	3.05
1.58	3.06
1.67	3.07
1.75	3.09
1.83	3.10
1.92	3.11
2.00	3.13
2.08	3.16
2.17	3.18
2.25	3.19
2.33	3.20
2.42	3.21
2.50	3.22
2.58	3.23
2.67	3.23
2.75	3.24
2.83	3.25
2.92	3.26
3.00	3.23
3.08	3.21
3.17	3.17
3.25	3.14
3.33	3.10
3.42	3.06
3.50	3.02
3.58	2.97
3.67	2.93
3.75	2.89
3.83	2.83
3.92	2.79
4.00	2.76
4.08	2.73
4.17	2.71
4.25	2.68
4.33	2.66
4.42	2.65
4.50	2.63
4.58	2.61
4.67	2.59
4.75	2.57
4.83	2.55
4.92	2.53
5.00	2.51
5.08	2.50
5.17	2.49
5.25	2.47
5.33	2.46
5.42	2.45
5.50	2.45
5.58	2.44
5.67	2.44
5.75	2.44
5.83	2.45
5.92	2.45
6.00	2.46
6.08	2.46
6.17	2.47
6.25	2.46
6.33	2.45
6.42	2.43
6.50	2.41
6.58	2.39
6.67	2.35
6.75	2.31
6.83	2.28
6.92	2.24
7.00	2.20
7.08	2.17
7.17	2.14
7.25	2.12
7.33	2.12
7.42	2.10
7.50	2.10
7.58	2.10
7.67	2.10
7.75	2.11
7.83	2.11
7.92	2.11
8.00	2.12
8.08	2.12
8.17	2.12
8.25	2.11
8.33	2.11
8.42	2.12
8.50	2.14
8.58	2.18
8.67	2.25
8.75	2.36
8.83	2.50
8.92	2.64
9.00	2.80
9.08	2.98
9.17	3.19
9.25	3.42
9.33	3.66
9.42	3.91
9.50	4.17
9.58	4.42
9.67	4.64
9.75	4.85
9.83	5.05
9.92	5.26
10.00	5.46
10.08	5.64
10.17	5.82
10.25	5.98
10.33	6.13
10.42	6.27
10.50	6.41
10.58	6.56
10.67	6.71
10.75	6.85
10.83	6.99
10.92	7.13
11.00	7.26
11.08	7.39
11.17	7.51
11.25	7.64
11.33	7.76
11.42	7.89
11.50	8.02
11.58	8.15
11.67	8.28
11.75	8.43
11.83	8.59
11.92	8.77
12.00	8.95
12.08	9.15
12.17	9.35
12.25	9.57
12.33	9.79
12.42	10.03
12.50	10.27
12.58	10.53
12.67	10.80
12.75	11.05
12.83	11.30
12.92	11.52
13.00	11.73
13.08	11.95
13.17	12.14
13.25	12.31
13.33	12.47
13.42	12.62
13.50	12.72
13.58	12.79
13.67	12.85
13.75	12.89
13.83	12.92
13.92	12.95
14.00	12.96
14.08	12.95
14.17	12.92
14.25	12.88
14.33	12.81
14.42	12.73
14.50	12.64
14.58	12.55
14.67	12.45
14.75	12.37
14.83	12.30
14.92	12.23
15.00	12.17
15.08	12.12
15.17	12.10
15.25	12.08
15.33	12.08
15.42	12.10
15.50	12.14
15.58	12.20
15.67	12.28
15.75	12.36
15.83	12.45
15.92	12.56
16.00	12.68
16.08	12.81
16.17	12.93
16.25	13.08
16.33	13.24
16.42	13.39
16.50	13.54
16.58	13.66
16.67	13.76
16.75	13.86
16.83	13.93
16.92	14.00
17.00	14.04
17.08	14.07
17.17	14.08
17.25	14.06
17.33	14.00
17.42	13.92
17.50	13.82
17.58	13.71
17.67	13.58
17.75	13.48
17.83	13.38
17.92	13.25
18.00	13.08
18.08	12.91
18.17	12.74
18.25	12.58
18.33	12.42
18.42	12.28
18.50	12.14
18.58	12.01
18.67	11.85
18.75	11.67
18.83	11.49
18.92	11.34
19.00	11.20
19.08	11.06
19.17	10.91
19.25	10.77
19.33	10.62
19.42	10.47
19.50	10.31
19.58	10.14
19.67	9.96
19.75	9.78
19.83	9.59
19.92	9.43
20.00	9.27
20.08	9.11
20.17	8.95
20.25	8.80
20.33	8.66
20.42	8.53
20.50	8.43
20.58	8.34
20.67	8.27
20.75	8.22
20.83	8.16
20.92	8.08
21.00	8.02
21.08	7.97
21.17	7.92
21.25	7.85
21.33	7.78
21.42	7.71
21.50	7.63
21.58	7.54
21.67	7.44
21.75	7.31
21.83	7.13
21.92	6.93
22.00	6.71
22.08	6.48
22.17	6.26
22.25	6.03
22.33	5.80
22.42	5.57
22.50	5.35
22.58	5.14
22.67	4.95
22.75	4.80
22.83	4.69
22.92	4.59
23.00	4.50
23.08	4.43
23.17	4.37
23.25	4.32
23.33	4.27
23.42	4.22
23.50	4.15
23.58	4.09
23.67	4.05
23.75	4.01
23.83	3.99
23.92	3.98
0.00	3.89
0.08	3.89
0.17	3.87
0.25	3.83
0.33	3.78
0.42	3.71
0.50	3.63
0.58	3.56
0.67	3.48
0.75	3.41
0.83	3.35
0.92	3.29
1.00	3.24
1.08	3.18
1.17	3.14
1.25	3.12
1.33	3.10
1.42	3.09
1.50	3.09
1.58	3.09
1.67	3.10
1.75	3.11
1.83	3.12
1.92	3.15
2.00	3.18
2.08	3.21
2.17	3.23
2.25	3.24
2.33	3.26
2.42	3.27
2.50	3.28
2.58	3.29
2.67	3.30
2.75	3.32
2.83	3.33
2.92	3.32
3.00	3.30
3.08	3.28
3.17	3.26
3.25	3.23
3.33	3.20
3.42	3.17
3.50	3.14
3.58	3.12
3.67	3.08
3.75	3.03
3.83	2.98
3.92	2.94
4.00	2.91
4.08	2.88
4.17	2.85
4.25	2.82
4.33	2.80
4.42	2.78
4.50	2.76
4.58	2.74
4.67	2.73
4.75	2.72
4.83	2.72
4.92	2.72
5.00	2.72
5.08	2.73
5.17	2.74
5.25	2.75
5.33	2.76
5.42	2.76
5.50	2.76
5.58	2.75
5.67	2.73
5.75	2.70
5.83	2.67
5.92	2.63
6.00	2.59
6.08	2.54
6.17	2.49
6.25	2.44
6.33	2.38
6.42	2.33
6.50	2.28
6.58	2.23
6.67	2.19
6.75	2.15
6.83	2.12
6.92	2.09
7.00	2.07
7.08	2.04
7.17	2.03
7.25	2.03
7.33	2.02
7.42	2.02
7.50	2.03
7.58	2.04
7.67	2.05
7.75	2.06
7.83	2.07
7.92	2.08
8.00	2.09
8.08	2.11
8.17	2.12
8.25	2.12
8.33	2.14
8.42	2.17
8.50	2.20
8.58	2.27
8.67	2.37
8.75	2.50
8.83	2.65
8.92	2.82
9.00	3.01
9.08	3.24
9.17	3.49
9.25	3.78
9.33	4.09
9.42	4.41
9.50	4.74
9.58	5.04
9.67	5.33
9.75	5.61
9.83	5.90
9.92	6.15
10.00	6.39
10.08	6.59
10.17	6.77
10.25	6.93
10.33	7.07
10.42	7.19
10.50	7.31
10.58	7.43
10.67	7.53
10.75	7.63
10.83	7.75
10.92	7.85
11.00	7.96
11.08	8.09
11.17	8.22
11.25	8.37
11.33	8.52
11.42	8.68
11.50	8.84
11.58	9.00
11.67	9.15
11.75	9.28
11.83	9.40
11.92	9.51
12.00	9.62
12.08	9.72
12.17	9.83
12.25	9.94
12.33	10.04
12.42	10.15
12.50	10.29
12.58	10.44
12.67	10.61
12.75	10.80
12.83	11.00
12.92	11.19
13.00	11.37
13.08	11.54
13.17	11.70
13.25	11.86
13.33	12.02
13.42	12.17
13.50	12.28
13.58	12.38
13.67	12.46
13.75	12.55
13.83	12.64
13.92	12.72
14.00	12.81
14.08	12.89
14.17	12.97
14.25	13.04
14.33	13.08
14.42	13.14
14.50	13.21
14.58	13.29
14.67	13.39
14.75	13.51
14.83	13.65
14.92	13.80
15.00	13.95
15.08	14.11
15.17	14.29
15.25	14.47
15.33	14.66
15.42	14.86
15.50	15.07
15.58	15.31
15.67	15.54
15.75	15.77
15.83	16.02
15.92	16.27
16.00	16.51
16.08	16.75
16.17	16.98
16.25	17.20
16.33	17.38
16.42	17.53
16.50	17.62
16.58	17.66
16.67	17.65
16.75	17.59
16.83	17.50
16.92	17.37
17.00	17.21
17.08	17.03
17.17	16.82
17.25	16.59
17.33	16.34
17.42	16.07
17.50	15.80
17.58	15.51
17.67	15.25
17.75	15.00
17.83	14.74
17.92	14.44
18.00	14.13
18.08	13.84
18.17	13.54
18.25	13.24
18.33	12.97
18.42	12.72
18.50	12.48
18.58	12.24
18.67	11.99
18.75	11.75
18.83	11.56
18.92	11.39
19.00	11.24
19.08	11.10
19.17	10.97
19.25	10.85
19.33	10.72
19.42	10.60
19.50	10.48
19.58	10.35
19.67	10.21
19.75	10.06
19.83	9.94
19.92	9.80
20.00	9.64
20.08	9.46
20.17	9.26
20.25	9.05
20.33	8.83
20.42	8.61
20.50	8.39
20.58	8.16
20.67	7.93
20.75	7.70
20.83	7.43
20.92	7.19
21.00	6.97
21.08	6.77
21.17	6.56
21.25	6.37
21.33	6.20
21.42	6.02
21.50	5.87
21.58	5.74
21.67	5.60
21.75	5.46
21.83	5.33
21.92	5.20
22.00	5.08
22.08	4.96
22.17	4.86
22.25	4.75
22.33	4.65
22.42	4.57
22.50	4.49
22.58	4.41
22.67	4.35
22.75	4.30
22.83	4.25
22.92	4.20
23.00	4.15
23.08	4.11
23.17	4.07
23.25	4.03
23.33	3.98
23.42	3.90
23.50	3.81
23.58	3.73
23.67	3.67
23.75	3.63
23.83	3.60
23.92	3.58
0.00	3.21
0.08	3.22
0.17	3.21
0.25	3.21
0.33	3.20
0.42	3.19
0.50	3.18
0.58	3.17
0.67	3.16
0.75	3.15
0.83	3.15
0.92	3.15
1.00	3.14
1.08	3.13
1.17	3.14
1.25	3.15
1.33	3.16
1.42	3.17
1.50	3.18
1.58	3.19
1.67	3.19
1.75	3.19
1.83	3.21
1.92	3.23
2.00	3.25
2.08	3.26
2.17	3.27
2.25	3.27
2.33	3.28
2.42	3.28
2.50	3.29
2.58	3.29
2.67	3.30
2.75	3.32
2.83	3.31
2.92	3.29
3.00	3.26
3.08	3.23
3.17	3.20
3.25	3.17
3.33	3.13
3.42	3.08
3.50	3.03
3.58	2.98
3.67	2.91
3.75	2.84
3.83	2.78
3.92	2.73
4.00	2.68
4.08	2.63
4.17	2.58
4.25	2.53
4.33	2.48
4.42	2.45
4.50	2.41
4.58	2.38
4.67	2.35
4.75	2.33
4.83	2.30
4.92	2.28
5.00	2.27
5.08	2.26
5.17	2.26
5.25	2.25
5.33	2.24
5.42	2.24
5.50	2.25
5.58	2.25
5.67	2.25
5.75	2.24
5.83	2.22
5.92	2.21
6.00	2.18
6.08	2.16
6.17	2.13
6.25	2.11
6.33	2.08
6.42	2.04
6.50	1.99
6.58	1.95
6.67	1.91
6.75	1.87
6.83	1.84
6.92	1.81
7.00	1.78
7.08	1.76
7.17	1.75
7.25	1.74
7.33	1.74
7.42	1.74
7.50	1.74
7.58	1.74
7.67	1.74
7.75	1.73
7.83	1.73
7.92	1.72
8.00	1.72
8.08	1.71
8.17	1.68
8.25	1.67
8.33	1.66
8.42	1.67
8.50	1.69
8.58	1.75
8.67	1.83
8.75	1.93
8.83	2.04
8.92	2.16
9.00	2.31
9.08	2.48
9.17	2.66
9.25	2.85
9.33	3.06
9.42	3.27
9.50	3.47
9.58	3.66
9.67	3.85
9.75	4.05
9.83	4.25
9.92	4.45
10.00	4.65
10.08	4.85
10.17	5.07
10.25	5.28
10.33	5.50
10.42	5.72
10.50	5.97
10.58	6.21
10.67	6.45
10.75	6.70
10.83	6.94
10.92	7.18
11.00	7.42
11.08	7.64
11.17	7.86
11.25	8.07
11.33	8.27
11.42	8.45
11.50	8.61
11.58	8.76
11.67	8.90
11.75	9.02
11.83	9.13
11.92	9.24
12.00	9.35
12.08	9.46
12.17	9.58
12.25	9.70
12.33	9.82
12.42	9.96
12.50	10.11
12.58	10.27
12.67	10.44
12.75	10.62
12.83	10.80
12.92	10.98
13.00	11.15
13.08	11.31
13.17	11.47
13.25	11.64
13.33	11.81
13.42	11.96
13.50	12.11
13.58	12.27
13.67	12.43
13.75	12.60
13.83	12.77
13.92	12.94
14.00	13.12
14.08	13.29
14.17	13.47
14.25	13.62
14.33	13.77
14.42	13.92
14.50	14.07
14.58	14.23
14.67	14.40
14.75	14.56
14.83	14.74
14.92	14.91
15.00	15.09
15.08	15.28
15.17	15.46
15.25	15.65
15.33	15.85
15.42	16.05
15.50	16.27
15.58	16.49
15.67	16.70
15.75	16.92
15.83	17.15
15.92	17.37
16.00	17.58
16.08	17.79
16.17	18.01
16.25	18.21
16.33	18.40
16.42	18.55
16.50	18.65
16.58	18.72
16.67	18.76
16.75	18.77
16.83	18.73
16.92	18.66
17.00	18.56
17.08	18.43
17.17	18.27
17.25	18.07
17.33	17.84
17.42	17.60
17.50	17.34
17.58	17.09
17.67	16.85
17.75	16.58
17.83	16.25
17.92	15.91
18.00	15.55
18.08	15.17
18.17	14.80
18.25	14.43
18.33	14.05
18.42	13.67
18.50	13.29
18.58	12.86
18.67	12.43
18.75	12.05
18.83	11.71
18.92	11.38
19.00	11.07
19.08	10.78
19.17	10.51
19.25	10.23
19.33	9.96
19.42	9.70
19.50	9.45
19.58	9.21
19.67	8.97
19.75	8.75
19.83	8.55
19.92	8.34
20.00	8.13
20.08	7.93
20.17	7.72
20.25	7.52
20.33	7.33
20.42	7.16
20.50	6.99
20.58	6.82
20.67	6.66
20.75	6.46
20.83	6.28
20.92	6.09
21.00	5.92
21.08	5.74
21.17	5.56
21.25	5.39
21.33	5.22
21.42	5.05
21.50	4.90
21.58	4.74
21.67	4.58
21.75	4.41
21.83	4.26
21.92	4.11
22.00	3.98
22.08	3.85
22.17	3.74
22.25	3.63
22.33	3.53
22.42	3.44
22.50	3.36
22.58	3.30
22.67	3.26
22.75	3.22
22.83	3.18
22.92	3.13
23.00	3.09
23.08	3.06
23.17	3.02
23.25	2.97
23.33	2.90
23.42	2.81
23.50	2.71
23.58	2.63
23.67	2.55
23.75	2.51
23.83	2.48
23.92	2.47
0.00	2.68
0.08	2.67
0.17	2.67
0.25	2.66
0.33	2.65
0.42	2.63
0.50	2.61
0.58	2.58
0.67	2.56
0.75	2.55
0.83	2.54
0.92	2.52
1.00	2.51
1.08	2.51
1.17	2.51
1.25	2.52
1.33	2.53
1.42	2.54
1.50	2.55
1.58	2.57
1.67	2.58
1.75	2.60
1.83	2.62
1.92	2.65
2.00	2.67
2.08	2.67
2.17	2.68
2.25	2.69
2.33	2.69
2.42	2.70
2.50	2.70
2.58	2.70
2.67	2.71
2.75	2.70
2.83	2.68
2.92	2.65
3.00	2.63
3.08	2.61
3.17	2.58
3.25	2.56
3.33	2.55
3.42	2.54
3.50	2.53
3.58	2.50
3.67	2.47
3.75	2.45
3.83	2.43
3.92	2.42
4.00	2.40
4.08	2.38
4.17	2.36
4.25	2.34
4.33	2.31
4.42	2.27
4.50	2.24
4.58	2.21
4.67	2.18
4.75	2.17
4.83	2.15
4.92	2.14
5.00	2.13
5.08	2.12
5.17	2.11
5.25	2.11
5.33	2.12
5.42	2.12
5.50	2.13
5.58	2.15
5.67	2.16
5.75	2.17
5.83	2.18
5.92	2.18
6.00	2.19
6.08	2.19
6.17	2.20
6.25	2.20
6.33	2.18
6.42	2.17
6.50	2.15
6.58	2.13
6.67	2.12
6.75	2.10
6.83	2.09
6.92	2.08
7.00	2.07
7.08	2.07
7.17	2.08
7.25	2.08
7.33	2.09
7.42	2.11
7.50	2.13
7.58	2.14
7.67	2.16
7.75	2.17
7.83	2.17
7.92	2.18
8.00	2.18
8.08	2.16
8.17	2.16
8.25	2.16
8.33	2.16
8.42	2.17
8.50	2.21
8.58	2.27
8.67	2.35
8.75	2.43
8.83	2.54
8.92	2.68
9.00	2.84
9.08	3.02
9.17	3.21
9.25	3.42
9.33	3.63
9.42	3.84
9.50	4.03
9.58	4.22
9.67	4.41
9.75	4.58
9.83	4.75
9.92	4.90
10.00	5.04
10.08	5.18
10.17	5.31
10.25	5.45
10.33	5.59
10.42	5.74
10.50	5.90
10.58	6.07
10.67	6.25
10.75	6.44
10.83	6.64
10.92	6.84
11.00	7.05
11.08	7.26
11.17	7.49
11.25	7.72
11.33	7.96
11.42	8.20
11.50	8.44
11.58	8.69
11.67	8.96
11.75	9.25
11.83	9.55
11.92	9.88
12.00	10.20
12.08	10.53
12.17	10.87
12.25	11.23
12.33	11.60
12.42	11.99
12.50	12.39
12.58	12.80
12.67	13.21
12.75	13.60
12.83	14.00
12.92	14.41
13.00	14.80
13.08	15.19
13.17	15.57
13.25	15.93
13.33	16.27
13.42	16.58
13.50	16.86
13.58	17.12
13.67	17.36
13.75	17.57
13.83	17.74
13.92	17.87
14.00	17.98
14.08	18.06
14.17	18.09
14.25	18.10
14.33	18.08
14.42	18.04
14.50	18.01
14.58	17.95
14.67	17.87
14.75	17.77
14.83	17.65
14.92	17.52
15.00	17.37
15.08	17.20
15.17	17.00
15.25	16.78
15.33	16.56
15.42	16.41
15.50	16.26
15.58	16.11
15.67	15.99
15.75	15.88
15.83	15.80
15.92	15.75
16.00	15.72
16.08	15.77
16.17	15.84
16.25	15.94
16.33	16.06
16.42	16.14
16.50	16.23
16.58	16.34
16.67	16.45
16.75	16.57
16.83	16.69
16.92	16.80
17.00	16.89
17.08	16.98
17.17	17.04
17.25	17.07
17.33	17.07
17.42	17.02
17.50	16.97
17.58	16.95
17.67	16.88
17.75	16.72
17.83	16.50
17.92	16.25
18.00	15.97
18.08	15.69
18.17	15.42
18.25	15.14
18.33	14.82
18.42	14.48
18.50	14.04
18.58	13.56
18.67	13.09
18.75	12.66
18.83	12.24
18.92	11.83
19.00	11.42
19.08	11.01
19.17	10.58
19.25	10.19
19.33	9.83
19.42	9.50
19.50	9.22
19.58	8.99
19.67	8.79
19.75	8.64
19.83	8.49
19.92	8.35
20.00	8.22
20.08	8.08
20.17	7.96
20.25	7.83
20.33	7.72
20.42	7.61
20.50	7.51
20.58	7.40
20.67	7.28
20.75	7.16
20.83	7.05
20.92	6.95
21.00	6.84
21.08	6.73
21.17	6.63
21.25	6.53
21.33	6.44
21.42	6.35
21.50	6.26
21.58	6.13
21.67	5.99
21.75	5.85
21.83	5.70
21.92	5.54
22.00	5.40
22.08	5.26
22.17	5.11
22.25	4.96
22.33	4.83
22.42	4.70
22.50	4.59
22.58	4.51
22.67	4.44
22.75	4.38
22.83	4.32
22.92	4.26
23.00	4.21
23.08	4.16
23.17	4.10
23.25	4.02
23.33	3.93
23.42	3.83
23.50	3.73
23.58	3.64
23.67	3.56
23.75	3.50
23.83	3.47
23.92	3.45
0.00	3.86
0.08	3.85
0.17	3.83
0.25	3.80
0.33	3.77
0.42	3.73
0.50	3.69
0.58	3.65
0.67	3.61
0.75	3.58
0.83	3.55
0.92	3.53
1.00	3.52
1.08	3.52
1.17	3.53
1.25	3.54
1.33	3.55
1.42	3.56
1.50	3.58
1.58	3.60
1.67	3.62
1.75	3.64
1.83	3.65
1.92	3.65
2.00	3.65
2.08	3.64
2.17	3.62
2.25	3.60
2.33	3.58
2.42	3.57
2.50	3.56
2.58	3.57
2.67	3.55
2.75	3.53
2.83	3.52
2.92	3.49
3.00	3.47
3.08	3.44
3.17	3.42
3.25	3.40
3.33	3.37
3.42	3.33
3.50	3.28
3.58	3.22
3.67	3.19
3.75	3.15
3.83	3.11
3.92	3.07
4.00	3.03
4.08	2.99
4.17	2.95
4.25	2.91
4.33	2.86
4.42	2.81
4.50	2.76
4.58	2.71
4.67	2.67
4.75	2.64
4.83	2.62
4.92	2.61
5.00	2.60
5.08	2.60
5.17	2.60
5.25	2.60
5.33	2.61
5.42	2.62
5.50	2.63
5.58	2.63
5.67	2.63
5.75	2.62
5.83	2.60
5.92	2.57
6.00	2.54
6.08	2.52
6.17	2.49
6.25	2.45
6.33	2.42
6.42	2.39
6.50	2.36
6.58	2.33
6.67	2.30
6.75	2.28
6.83	2.27
6.92	2.25
7.00	2.25
7.08	2.25
7.17	2.25
7.25	2.26
7.33	2.28
7.42	2.29
7.50	2.29
7.58	2.30
7.67	2.30
7.75	2.30
7.83	2.30
7.92	2.30
8.00	2.28
8.08	2.27
8.17	2.27
8.25	2.27
8.33	2.29
8.42	2.33
8.50	2.40
8.58	2.49
8.67	2.58
8.75	2.69
8.83	2.84
8.92	3.02
9.00	3.24
9.08	3.48
9.17	3.74
9.25	4.02
9.33	4.31
9.42	4.59
9.50	4.88
9.58	5.19
9.67	5.51
9.75	5.82
9.83	6.14
9.92	6.46
10.00	6.79
10.08	7.11
10.17	7.44
10.25	7.78
10.33	8.15
10.42	8.53
10.50	8.91
10.58	9.29
10.67	9.66
10.75	10.02
10.83	10.38
10.92	10.73
11.00	11.07
11.08	11.41
11.17	11.74
11.25	12.06
11.33	12.36
11.42	12.66
11.50	12.95
11.58	13.24
11.67	13.56
11.75	13.88
11.83	14.21
11.92	14.57
12.00	14.94
12.08	15.33
12.17	15.71
12.25	16.10
12.33	16.53
12.42	16.96
12.50	17.41
12.58	17.86
12.67	18.30
12.75	18.74
12.83	19.17
12.92	19.58
13.00	19.99
13.08	20.41
13.17	20.82
13.25	21.23
13.33	21.63
13.42	22.02
13.50	22.40
13.58	22.77
13.67	23.14
13.75	23.49
13.83	23.81
13.92	24.10
14.00	24.34
14.08	24.51
14.17	24.64
14.25	24.71
14.33	24.75
14.42	24.76
14.50	24.74
14.58	24.71
14.67	24.64
14.75	24.54
14.83	24.44
14.92	24.33
15.00	24.18
15.08	23.99
15.17	23.80
15.25	23.61
15.33	23.46
15.42	23.32
15.50	23.17
15.58	23.02
15.67	22.88
15.75	22.74
15.83	22.61
15.92	22.47
16.00	22.40
16.08	22.37
16.17	22.33
16.25	22.27
16.33	22.17
16.42	22.04
16.50	21.92
16.58	21.76
16.67	21.58
16.75	21.37
16.83	21.14
16.92	20.88
17.00	20.60
17.08	20.27
17.17	19.90
17.25	19.51
17.33	19.08
17.42	18.64
17.50	18.22
17.58	17.79
17.67	17.32
17.75	16.83
17.83	16.34
17.92	15.86
18.00	15.38
18.08	14.92
18.17	14.49
18.25	14.05
18.33	13.63
18.42	13.18
18.50	12.73
18.58	12.31
18.67	11.94
18.75	11.61
18.83	11.29
18.92	11.00
19.00	10.72
19.08	10.45
19.17	10.21
19.25	9.99
19.33	9.79
19.42	9.60
19.50	9.42
19.58	9.25
19.67	9.11
19.75	8.95
19.83	8.79
19.92	8.63
20.00	8.46
20.08	8.30
20.17	8.13
20.25	7.97
20.33	7.81
20.42	7.65
20.50	7.49
20.58	7.31
20.67	7.11
20.75	6.93
20.83	6.75
20.92	6.57
21.00	6.39
21.08	6.20
21.17	6.02
21.25	5.85
21.33	5.68
21.42	5.53
21.50	5.38
21.58	5.24
21.67	5.12
21.75	5.00
21.83	4.89
21.92	4.79
22.00	4.70
22.08	4.62
22.17	4.55
22.25	4.49
22.33	4.43
22.42	4.39
22.50	4.35
22.58	4.32
22.67	4.29
22.75	4.26
22.83	4.23
22.92	4.22
23.00	4.20
23.08	4.18
23.17	4.15
23.25	4.09
23.33	4.03
23.42	3.97
23.50	3.89
23.58	3.81
23.67	3.76
23.75	3.72
23.83	3.69
23.92	3.68
0.00	2.86
0.08	2.85
0.17	2.85
0.25	2.85
0.33	2.85
0.42	2.85
0.50	2.85
0.58	2.85
0.67	2.85
0.75	2.85
0.83	2.84
0.92	2.85
1.00	2.86
1.08	2.87
1.17	2.89
1.25	2.91
1.33	2.93
1.42	2.95
1.50	2.97
1.58	3.00
1.67	3.03
1.75	3.07
1.83	3.10
1.92	3.12
2.00	3.14
2.08	3.16
2.17	3.17
2.25	3.18
2.33	3.19
2.42	3.19
2.50	3.21
2.58	3.22
2.67	3.20
2.75	3.18
2.83	3.15
2.92	3.12
3.00	3.08
3.08	3.03
3.17	2.99
3.25	2.94
3.33	2.90
3.42	2.84
3.50	2.77
3.58	2.71
3.67	2.65
3.75	2.59
3.83	2.54
3.92	2.48
4.00	2.43
4.08	2.39
4.17	2.34
4.25	2.30
4.33	2.25
4.42	2.21
4.50	2.17
4.58	2.15
4.67	2.14
4.75	2.13
4.83	2.13
4.92	2.13
5.00	2.13
5.08	2.13
5.17	2.13
5.25	2.13
5.33	2.14
5.42	2.15
5.50	2.16
5.58	2.16
5.67	2.16
5.75	2.16
5.83	2.15
5.92	2.14
6.00	2.14
6.08	2.13
6.17	2.11
6.25	2.09
6.33	2.07
6.42	2.05
6.50	2.03
6.58	2.00
6.67	1.98
6.75	1.97
6.83	1.96
6.92	1.96
7.00	1.97
7.08	1.99
7.17	2.00
7.25	2.02
7.33	2.04
7.42	2.05
7.50	2.06
7.58	2.07
7.67	2.07
7.75	2.07
7.83	2.07
7.92	2.04
8.00	2.01
8.08	1.98
8.17	1.96
8.25	1.94
8.33	1.94
8.42	1.96
8.50	2.01
8.58	2.06
8.67	2.13
8.75	2.23
8.83	2.35
8.92	2.49
9.00	2.64
9.08	2.81
9.17	2.99
9.25	3.18
9.33	3.36
9.42	3.54
9.50	3.71
9.58	3.89
9.67	4.05
9.75	4.20
9.83	4.35
9.92	4.51
10.00	4.68
10.08	4.85
10.17	5.04
10.25	5.24
10.33	5.46
10.42	5.69
10.50	5.93
10.58	6.19
10.67	6.45
10.75	6.72
10.83	6.99
10.92	7.26
11.00	7.54
11.08	7.82
11.17	8.10
11.25	8.38
11.33	8.65
11.42	8.93
11.50	9.22
11.58	9.51
11.67	9.81
11.75	10.12
11.83	10.43
11.92	10.76
12.00	11.09
12.08	11.43
12.17	11.78
12.25	12.16
12.33	12.56
12.42	12.96
12.50	13.36
12.58	13.75
12.67	14.14
12.75	14.53
12.83	14.92
12.92	15.29
13.00	15.64
13.08	15.98
13.17	16.28
13.25	16.54
13.33	16.79
13.42	17.01
13.50	17.23
13.58	17.42
13.67	17.59
13.75	17.75
13.83	17.89
13.92	18.02
14.00	18.15
14.08	18.26
14.17	18.36
14.25	18.46
14.33	18.54
14.42	18.61
14.50	18.68
14.58	18.75
14.67	18.82
14.75	18.89
14.83	18.97
14.92	19.05
15.00	19.13
15.08	19.22
15.17	19.30
15.25	19.39
15.33	19.47
15.42	19.56
15.50	19.63
15.58	19.68
15.67	19.71
15.75	19.70
15.83	19.66
15.92	19.58
16.00	19.48
16.08	19.35
16.17	19.19
16.25	18.99
16.33	18.76
16.42	18.51
16.50	18.24
16.58	17.95
16.67	17.66
16.75	17.35
16.83	17.05
16.92	16.75
17.00	16.46
17.08	16.18
17.17	15.90
17.25	15.63
17.33	15.39
17.42	15.19
17.50	15.02
17.58	14.83
17.67	14.62
17.75	14.43
17.83	14.24
17.92	14.06
18.00	13.87
18.08	13.70
18.17	13.55
18.25	13.39
18.33	13.22
18.42	13.00
18.50	12.78
18.58	12.58
18.67	12.39
18.75	12.17
18.83	11.95
18.92	11.73
19.00	11.50
19.08	11.27
19.17	11.03
19.25	10.81
19.33	10.59
19.42	10.38
19.50	10.19
19.58	10.04
19.67	9.88
19.75	9.74
19.83	9.60
19.92	9.47
20.00	9.33
20.08	9.19
20.17	9.05
20.25	8.91
20.33	8.78
20.42	8.64
20.50	8.48
20.58	8.31
20.67	8.15
20.75	7.99
20.83	7.82
20.92	7.64
21.00	7.46
21.08	7.28
21.17	7.10
21.25	6.93
21.33	6.75
21.42	6.57
21.50	6.37
21.58	6.17
21.67	5.98
21.75	5.80
21.83	5.62
21.92	5.45
22.00	5.29
22.08	5.15
22.17	5.02
22.25	4.90
22.33	4.79
22.42	4.71
22.50	4.65
22.58	4.59
22.67	4.53
22.75	4.47
22.83	4.42
22.92	4.37
23.00	4.32
23.08	4.26
23.17	4.17
23.25	4.08
23.33	3.98
23.42	3.88
23.50	3.79
23.58	3.70
23.67	3.63
23.75	3.57
23.83	3.53
23.92	3.50
0.00	3.49
0.08	3.48
0.17	3.46
0.25	3.44
0.33	3.40
0.42	3.37
0.50	3.34
0.58	3.30
0.67	3.27
0.75	3.24
0.83	3.22
0.92	3.21
1.00	3.21
1.08	3.21
1.17	3.22
1.25	3.24
1.33	3.25
1.42	3.27
1.50	3.29
1.58	3.31
1.67	3.34
1.75	3.37
1.83	3.39
1.92	3.41
2.00	3.43
2.08	3.44
2.17	3.44
2.25	3.43
2.33	3.43
2.42	3.45
2.50	3.48
2.58	3.47
2.67	3.46
2.75	3.44
2.83	3.42
2.92	3.39
3.00	3.37
3.08	3.35
3.17	3.33
3.25	3.31
3.33	3.28
3.42	3.22
3.50	3.17
3.58	3.13
3.67	3.08
3.75	3.04
3.83	2.99
3.92	2.93
4.00	2.88
4.08	2.84
4.17	2.79
4.25	2.75
4.33	2.71
4.42	2.67
4.50	2.65
4.58	2.63
4.67	2.61
4.75	2.59
4.83	2.57
4.92	2.55
5.00	2.54
5.08	2.52
5.17	2.51
5.25	2.50
5.33	2.48
5.42	2.47
5.50	2.44
5.58	2.41
5.67	2.38
5.75	2.36
5.83	2.33
5.92	2.31
6.00	2.29
6.08	2.26
6.17	2.23
6.25	2.19
6.33	2.15
6.42	2.11
6.50	2.08
6.58	2.05
6.67	2.02
6.75	2.00
6.83	1.98
6.92	1.98
7.00	1.97
7.08	1.97
7.17	1.97
7.25	1.97
7.33	1.97
7.42	1.98
7.50	1.98
7.58	1.97
7.67	1.97
7.75	1.96
7.83	1.94
7.92	1.92
8.00	1.89
8.08	1.87
8.17	1.85
8.25	1.85
8.33	1.87
8.42	1.91
8.50	1.95
8.58	2.01
8.67	2.10
8.75	2.21
8.83	2.36
8.92	2.52
9.00	2.71
9.08	2.92
9.17	3.12
9.25	3.33
9.33	3.52
9.42	3.71
9.50	3.91
9.58	4.09
9.67	4.27
9.75	4.43
9.83	4.59
9.92	4.74
10.00	4.88
10.08	5.03
10.17	5.19
10.25	5.36
10.33	5.53
10.42	5.70
10.50	5.87
10.58	6.04
10.67	6.21
10.75	6.37
10.83	6.54
10.92	6.71
11.00	6.88
11.08	7.04
11.17	7.21
11.25	7.36
11.33	7.53
11.42	7.69
11.50	7.87
11.58	8.07
11.67	8.27
11.75	8.49
11.83	8.72
11.92	8.95
12.00	9.20
12.08	9.46
12.17	9.77
12.25	10.11
12.33	10.45
12.42	10.82
12.50	11.18
12.58	11.54
12.67	11.92
12.75	12.30
12.83	12.71
12.92	13.12
13.00	13.55
13.08	13.98
13.17	14.38
13.25	14.80
13.33	15.22
13.42	15.66
13.50	16.12
13.58	16.58
13.67	17.05
13.75	17.52
13.83	17.98
13.92	18.42
14.00	18.85
14.08	19.27
14.17	19.68
14.25	20.06
14.33	20.42
14.42	20.74
14.50	21.03
14.58	21.30
14.67	21.53
14.75	21.72
14.83	21.88
14.92	22.00
15.00	22.08
15.08	22.13
15.17	22.17
15.25	22.23
15.33	22.29
15.42	22.34
15.50	22.38
15.58	22.40
15.67	22.43
15.75	22.45
15.83	22.47
15.92	22.49
16.00	22.49
16.08	22.47
16.17	22.42
16.25	22.34
16.33	22.24
16.42	22.11
16.50	21.95
16.58	21.76
16.67	21.55
16.75	21.29
16.83	21.01
16.92	20.71
17.00	20.38
17.08	20.03
17.17	19.64
17.25	19.21
17.33	18.81
17.42	18.41
17.50	17.99
17.58	17.54
17.67	17.07
17.75	16.62
17.83	16.17
17.92	15.72
18.00	15.28
18.08	14.86
18.17	14.44
18.25	14.04
18.33	13.60
18.42	13.18
18.50	12.79
18.58	12.43
18.67	12.09
18.75	11.76
18.83	11.44
18.92	11.13
19.00	10.81
19.08	10.51
19.17	10.21
19.25	9.91
19.33	9.61
19.42	9.32
19.50	9.07
19.58	8.82
19.67	8.57
19.75	8.33
19.83	8.10
19.92	7.88
20.00	7.67
20.08	7.47
20.17	7.29
20.25	7.12
20.33	6.95
20.42	6.77
20.50	6.57
20.58	6.39
20.67	6.21
20.75	6.03
20.83	5.86
20.92	5.68
21.00	5.52
21.08	5.35
21.17	5.20
21.25	5.06
21.33	4.91
21.42	4.77
21.50	4.64
21.58	4.52
21.67	4.40
21.75	4.28
21.83	4.17
21.92	4.06
22.00	3.96
22.08	3.87
22.17	3.78
22.25	3.69
22.33	3.62
22.42	3.55
22.50	3.48
22.58	3.41
22.67	3.35
22.75	3.30
22.83	3.25
22.92	3.21
23.00	3.16
23.08	3.08
23.17	2.99
23.25	2.91
23.33	2.84
23.42	2.77
23.50	2.70
23.58	2.64
23.67	2.59
23.75	2.54
23.83	2.50
23.92	2.47
0.00	3.14
0.08	3.14
0.17	3.13
0.25	3.11
0.33	3.08
0.42	3.05
0.50	3.01
0.58	2.97
0.67	2.93
0.75	2.90
0.83	2.88
0.92	2.86
1.00	2.84
1.08	2.82
1.17	2.80
1.25	2.79
1.33	2.78
1.42	2.77
1.50	2.77
1.58	2.78
1.67	2.79
1.75	2.80
1.83	2.80
1.92	2.80
2.00	2.81
2.08	2.82
2.17	2.82
2.25	2.82
2.33	2.83
2.42	2.85
2.50	2.84
2.58	2.83
2.67	2.81
2.75	2.79
2.83	2.77
2.92	2.75
3.00	2.72
3.08	2.68
3.17	2.65
3.25	2.62
3.33	2.57
3.42	2.53
3.50	2.49
3.58	2.46
3.67	2.43
3.75	2.40
3.83	2.38
3.92	2.35
4.00	2.33
4.08	2.32
4.17	2.32
4.25	2.32
4.33	2.31
4.42	2.32
4.50	2.33
4.58	2.34
4.67	2.35
4.75	2.37
4.83	2.39
4.92	2.40
5.00	2.41
5.08	2.41
5.17	2.40
5.25	2.38
5.33	2.36
5.42	2.33
5.50	2.30
5.58	2.27
5.67	2.23
5.75	2.19
5.83	2.16
5.92	2.14
6.00	2.11
6.08	2.09
6.17	2.06
6.25	2.04
6.33	2.02
6.42	2.00
6.50	1.99
6.58	1.98
6.67	1.97
6.75	1.96
6.83	1.97
6.92	1.98
7.00	1.99
7.08	2.01
7.17	2.04
7.25	2.06
7.33	2.08
7.42	2.11
7.50	2.13
7.58	2.15
7.67	2.17
7.75	2.18
7.83	2.18
7.92	2.17
8.00	2.17
8.08	2.16
8.17	2.16
8.25	2.17
8.33	2.20
8.42	2.23
8.50	2.27
8.58	2.33
8.67	2.41
8.75	2.52
8.83	2.66
8.92	2.82
9.00	3.00
9.08	3.20
9.17	3.39
9.25	3.58
9.33	3.78
9.42	3.99
9.50	4.19
9.58	4.39
9.67	4.58
9.75	4.76
9.83	4.93
9.92	5.09
10.00	5.25
10.08	5.41
10.17	5.59
10.25	5.76
10.33	5.94
10.42	6.12
10.50	6.29
10.58	6.46
10.67	6.63
10.75	6.80
10.83	6.98
10.92	7.16
11.00	7.35
11.08	7.54
11.17	7.73
11.25	7.93
11.33	8.14
11.42	8.36
11.50	8.60
11.58	8.84
11.67	9.10
11.75	9.38
11.83	9.68
11.92	9.98
12.00	10.31
12.08	10.69
12.17	11.10
12.25	11.52
12.33	11.96
12.42	12.40
12.50	12.85
12.58	13.28
12.67	13.70
12.75	14.12
12.83	14.53
12.92	14.93
13.00	15.31
13.08	15.63
13.17	15.94
13.25	16.23
13.33	16.50
13.42	16.76
13.50	17.01
13.58	17.26
13.67	17.49
13.75	17.69
13.83	17.86
13.92	18.00
14.00	18.14
14.08	18.28
14.17	18.44
14.25	18.59
14.33	18.76
14.42	18.94
14.50	19.12
14.58	19.32
14.67	19.54
14.75	19.78
14.83	19.98
14.92	20.17
15.00	20.35
15.08	20.52
15.17	20.72
15.25	20.90
15.33	21.07
15.42	21.21
15.50	21.35
15.58	21.46
15.67	21.55
15.75	21.64
15.83	21.78
15.92	21.90
16.00	22.02
16.08	22.11
16.17	22.14
16.25	22.16
16.33	22.15
16.42	22.11
16.50	22.04
16.58	21.93
16.67	21.80
16.75	21.62
16.83	21.39
16.92	21.12
17.00	20.80
17.08	20.46
17.17	20.09
17.25	19.77
17.33	19.47
17.42	19.12
17.50	18.70
17.58	18.25
17.67	17.79
17.75	17.34
17.83	16.92
17.92	16.51
18.00	16.11
18.08	15.71
18.17	15.29
18.25	14.78
18.33	14.26
18.42	13.81
18.50	13.40
18.58	13.00
18.67	12.60
18.75	12.21
18.83	11.80
18.92	11.39
19.00	11.00
19.08	10.62
19.17	10.27
19.25	9.93
19.33	9.61
19.42	9.34
19.50	9.09
19.58	8.84
19.67	8.61
19.75	8.40
19.83	8.19
19.92	7.99
20.00	7.81
20.08	7.63
20.17	7.46
20.25	7.30
20.33	7.13
20.42	6.94
20.50	6.77
20.58	6.60
20.67	6.44
20.75	6.26
20.83	6.09
20.92	5.92
21.00	5.75
21.08	5.60
21.17	5.45
21.25	5.30
21.33	5.16
21.42	5.03
21.50	4.90
21.58	4.79
21.67	4.68
21.75	4.58
21.83	4.48
21.92	4.40
22.00	4.32
22.08	4.26
22.17	4.21
22.25	4.16
22.33	4.11
22.42	4.06
22.50	4.01
22.58	3.96
22.67	3.92
22.75	3.88
22.83	3.83
22.92	3.79
23.00	3.71
23.08	3.64
23.17	3.56
23.25	3.47
23.33	3.38
23.42	3.29
23.50	3.20
23.58	3.13
23.67	3.06
23.75	3.01
23.83	2.97
23.92	2.96
0.00	2.77
0.08	2.76
0.17	2.76
0.25	2.74
0.33	2.73
0.42	2.71
0.50	2.69
0.58	2.66
0.67	2.65
0.75	2.64
0.83	2.64
0.92	2.65
1.00	2.65
1.08	2.66
1.17	2.67
1.25	2.68
1.33	2.69
1.42	2.71
1.50	2.74
1.58	2.77
1.67	2.79
1.75	2.81
1.83	2.82
1.92	2.83
2.00	2.85
2.08	2.85
2.17	2.86
2.25	2.87
2.33	2.90
2.42	2.90
2.50	2.90
2.58	2.90
2.67	2.89
2.75	2.88
2.83	2.86
2.92	2.84
3.00	2.81
3.08	2.79
3.17	2.76
3.25	2.71
3.33	2.65
3.42	2.61
3.50	2.56
3.58	2.52
3.67	2.47
3.75	2.43
3.83	2.39
3.92	2.35
4.00	2.32
4.08	2.30
4.17	2.27
4.25	2.25
4.33	2.24
4.42	2.24
4.50	2.24
4.58	2.24
4.67	2.25
4.75	2.27
4.83	2.29
4.92	2.31
5.00	2.34
5.08	2.36
5.17	2.38
5.25	2.40
5.33	2.40
5.42	2.39
5.50	2.38
5.58	2.36
5.67	2.35
5.75	2.32
5.83	2.30
5.92	2.27
6.00	2.22
6.08	2.18
6.17	2.13
6.25	2.08
6.33	2.04
6.42	2.00
6.50	1.97
6.58	1.93
6.67	1.90
6.75	1.89
6.83	1.88
6.92	1.87
7.00	1.88
7.08	1.88
7.17	1.89
7.25	1.90
7.33	1.91
7.42	1.92
7.50	1.92
7.58	1.93
7.67	1.93
7.75	1.91
7.83	1.89
7.92	1.88
8.00	1.87
8.08	1.86
8.17	1.86
8.25	1.89
8.33	1.93
8.42	1.97
8.50	2.02
8.58	2.11
8.67	2.22
8.75	2.35
8.83	2.51
8.92	2.68
9.00	2.86
9.08	3.04
9.17	3.22
9.25	3.39
9.33	3.57
9.42	3.73
9.50	3.88
9.58	4.01
9.67	4.13
9.75	4.23
9.83	4.33
9.92	4.42
10.00	4.52
10.08	4.63
10.17	4.74
10.25	4.86
10.33	4.98
10.42	5.11
10.50	5.24
10.58	5.38
10.67	5.52
10.75	5.66
10.83	5.81
10.92	5.96
11.00	6.10
11.08	6.24
11.17	6.38
11.25	6.52
11.33	6.67
11.42	6.82
11.50	6.97
11.58	7.13
11.67	7.29
11.75	7.46
11.83	7.64
11.92	7.82
12.00	8.03
12.08	8.28
12.17	8.52
12.25	8.78
12.33	9.02
12.42	9.27
12.50	9.52
12.58	9.78
12.67	10.03
12.75	10.28
12.83	10.54
12.92	10.79
13.00	11.02
13.08	11.24
13.17	11.47
13.25	11.71
13.33	11.98
13.42	12.27
13.50	12.56
13.58	12.87
13.67	13.20
13.75	13.54
13.83	13.86
13.92	14.18
14.00	14.52
14.08	14.87
14.17	15.25
14.25	15.64
14.33	16.05
14.42	16.48
14.50	16.92
14.58	17.38
14.67	17.85
14.75	18.29
14.83	18.73
14.92	19.17
15.00	19.61
15.08	20.10
15.17	20.59
15.25	21.08
15.33	21.54
15.42	21.99
15.50	22.42
15.58	22.82
15.67	23.21
15.75	23.64
15.83	24.07
15.92	24.49
16.00	24.86
16.08	25.14
16.17	25.39
16.25	25.60
16.33	25.77
16.42	25.90
16.50	25.97
16.58	25.98
16.67	25.93
16.75	25.82
16.83	25.66
16.92	25.43
17.00	25.18
17.08	24.90
17.17	24.65
17.25	24.39
17.33	24.11
17.42	23.79
17.50	23.48
17.58	23.17
17.67	22.86
17.75	22.60
17.83	22.39
17.92	22.21
18.00	22.00
18.08	21.78
18.17	21.49
18.25	21.18
18.33	20.88
18.42	20.57
18.50	20.24
18.58	19.90
18.67	19.50
18.75	19.04
18.83	18.50
18.92	17.94
19.00	17.36
19.08	16.77
19.17	16.15
19.25	15.52
19.33	14.91
19.42	14.34
19.50	13.74
19.58	13.13
19.67	12.54
19.75	11.96
19.83	11.40
19.92	10.87
20.00	10.37
20.08	9.90
20.17	9.46
20.25	9.05
20.33	8.62
20.42	8.23
20.50	7.88
20.58	7.57
20.67	7.26
20.75	6.98
20.83	6.72
20.92	6.47
21.00	6.24
21.08	6.03
21.17	5.83
21.25	5.60
21.33	5.38
21.42	5.17
21.50	4.97
21.58	4.79
21.67	4.63
21.75	4.48
21.83	4.34
21.92	4.21
22.00	4.10
22.08	4.00
22.17	3.92
22.25	3.87
22.33	3.83
22.42	3.80
22.50	3.76
22.58	3.73
22.67	3.70
22.75	3.67
22.83	3.64
22.92	3.57
23.00	3.50
23.08	3.43
23.17	3.35
23.25	3.28
23.33	3.20
23.42	3.12
23.50	3.05
23.58	2.99
23.67	2.93
23.75	2.89
23.83	2.85
23.92	2.84
0.00	2.74
0.08	2.73
0.17	2.72
0.25	2.70
0.33	2.68
0.42	2.65
0.50	2.61
0.58	2.59
0.67	2.57
0.75	2.57
0.83	2.57
0.92	2.57
1.00	2.57
1.08	2.58
1.17	2.59
1.25	2.60
1.33	2.62
1.42	2.64
1.50	2.66
1.58	2.67
1.67	2.67
1.75	2.67
1.83	2.67
1.92	2.66
2.00	2.65
2.08	2.64
2.17	2.63
2.25	2.66
2.33	2.66
2.42	2.64
2.50	2.63
2.58	2.61
2.67	2.60
2.75	2.58
2.83	2.56
2.92	2.54
3.00	2.51
3.08	2.49
3.17	2.44
3.25	2.39
3.33	2.35
3.42	2.33
3.50	2.29
3.58	2.26
3.67	2.23
3.75	2.20
3.83	2.17
3.92	2.14
4.00	2.13
4.08	2.12
4.17	2.11
4.25	2.10
4.33	2.10
4.42	2.10
4.50	2.11
4.58	2.11
4.67	2.13
4.75	2.14
4.83	2.15
4.92	2.17
5.00	2.18
5.08	2.19
5.17	2.20
5.25	2.19
5.33	2.19
5.42	2.17
5.50	2.16
5.58	2.15
5.67	2.14
5.75	2.13
5.83	2.11
5.92	2.10
6.00	2.07
6.08	2.05
6.17	2.02
6.25	2.00
6.33	1.99
6.42	1.98
6.50	1.97
6.58	1.96
6.67	1.97
6.75	1.97
6.83	1.97
6.92	1.99
7.00	2.01
7.08	2.02
7.17	2.04
7.25	2.06
7.33	2.07
7.42	2.08
7.50	2.08
7.58	2.08
7.67	2.05
7.75	2.03
7.83	2.00
7.92	1.98
8.00	1.95
8.08	1.93
8.17	1.93
8.25	1.93
8.33	1.94
8.42	1.95
8.50	1.99
8.58	2.05
8.67	2.14
8.75	2.25
8.83	2.38
8.92	2.52
9.00	2.67
9.08	2.82
9.17	2.96
9.25	3.11
9.33	3.26
9.42	3.40
9.50	3.54
9.58	3.67
9.67	3.78
9.75	3.88
9.83	3.97
9.92	4.07
10.00	4.18
10.08	4.31
10.17	4.43
10.25	4.56
10.33	4.69
10.42	4.82
10.50	4.96
10.58	5.10
10.67	5.24
10.75	5.38
10.83	5.52
10.92	5.66
11.00	5.78
11.08	5.89
11.17	6.01
11.25	6.13
11.33	6.26
11.42	6.40
11.50	6.54
11.58	6.70
11.67	6.87
11.75	7.04
11.83	7.23
11.92	7.44
12.00	7.68
12.08	7.92
12.17	8.18
12.25	8.42
12.33	8.66
12.42	8.90
12.50	9.12
12.58	9.35
12.67	9.57
12.75	9.79
12.83	10.00
12.92	10.19
13.00	10.38
13.08	10.57
13.17	10.76
13.25	10.97
13.33	11.20
13.42	11.43
13.50	11.67
13.58	11.92
13.67	12.18
13.75	12.43
13.83	12.69
13.92	12.97
14.00	13.27
14.08	13.57
14.17	13.89
14.25	14.21
14.33	14.54
14.42	14.89
14.50	15.23
14.58	15.58
14.67	15.90
14.75	16.23
14.83	16.55
14.92	16.86
15.00	17.18
15.08	17.51
15.17	17.83
15.25	18.13
15.33	18.41
15.42	18.67
15.50	18.92
15.58	19.15
15.67	19.41
15.75	19.64
15.83	19.83
15.92	19.97
16.00	20.04
16.08	20.05
16.17	20.04
16.25	19.99
16.33	19.92
16.42	19.81
16.50	19.68
16.58	19.52
16.67	19.33
16.75	19.12
16.83	18.89
16.92	18.66
17.00	18.45
17.08	18.26
17.17	18.11
17.25	17.94
17.33	17.73
17.42	17.51
17.50	17.30
17.58	17.07
17.67	16.85
17.75	16.65
17.83	16.48
17.92	16.30
18.00	16.12
18.08	15.88
18.17	15.62
18.25	15.39
18.33	15.19
18.42	15.00
18.50	14.82
18.58	14.66
18.67	14.51
18.75	14.33
18.83	14.15
18.92	13.98
19.00	13.81
19.08	13.64
19.17	13.46
19.25	13.29
19.33	13.15
19.42	12.98
19.50	12.79
19.58	12.59
19.67	12.38
19.75	12.15
19.83	11.92
19.92	11.70
20.00	11.47
20.08	11.23
20.17	10.99
20.25	10.70
20.33	10.40
20.42	10.10
20.50	9.81
20.58	9.50
20.67	9.20
20.75	8.90
20.83	8.60
20.92	8.33
21.00	8.07
21.08	7.83
21.17	7.57
21.25	7.31
21.33	7.07
21.42	6.84
21.50	6.63
21.58	6.43
21.67	6.25
21.75	6.07
21.83	5.89
21.92	5.72
22.00	5.56
22.08	5.42
22.17	5.30
22.25	5.20
22.33	5.09
22.42	4.99
22.50	4.89
22.58	4.80
22.67	4.72
22.75	4.65
22.83	4.56
22.92	4.46
23.00	4.37
23.08	4.28
23.17	4.19
23.25	4.09
23.33	4.00
23.42	3.92
23.50	3.85
23.58	3.78
23.67	3.72
23.75	3.66
23.83	3.62
23.92	3.59
0.00	3.20
0.08	3.19
0.17	3.18
0.25	3.16
0.33	3.13
0.42	3.09
0.50	3.04
0.58	3.01
0.67	3.00
0.75	3.00
0.83	3.00
0.92	3.01
1.00	3.03
1.08	3.05
1.17	3.07
1.25	3.10
1.33	3.15
1.42	3.19
1.50	3.23
1.58	3.27
1.67	3.30
1.75	3.33
1.83	3.35
1.92	3.38
2.00	3.40
2.08	3.42
2.17	3.48
2.25	3.51
2.33	3.52
2.42	3.53
2.50	3.54
2.58	3.55
2.67	3.55
2.75	3.54
2.83	3.54
2.92	3.53
3.00	3.52
3.08	3.50
3.17	3.45
3.25	3.42
3.33	3.39
3.42	3.37
3.50	3.35
3.58	3.32
3.67	3.28
3.75	3.24
3.83	3.20
3.92	3.16
4.00	3.13
4.08	3.10
4.17	3.09
4.25	3.08
4.33	3.06
4.42	3.03
4.50	3.02
4.58	3.02
4.67	3.03
4.75	3.05
4.83	3.07
4.92	3.09
5.00	3.12
5.08	3.14
5.17	3.14
5.25	3.14
5.33	3.13
5.42	3.13
5.50	3.11
5.58	3.07
5.67	3.03
5.75	2.98
5.83	2.92
5.92	2.85
6.00	2.78
6.08	2.71
6.17	2.65
6.25	2.59
6.33	2.53
6.42	2.47
6.50	2.42
6.58	2.40
6.67	2.40
6.75	2.40
6.83	2.41
6.92	2.42
7.00	2.42
7.08	2.42
7.17	2.42
7.25	2.42
7.33	2.42
7.42	2.41
7.50	2.41
7.58	2.37
7.67	2.32
7.75	2.27
7.83	2.22
7.92	2.17
8.00	2.13
8.08	2.10
8.17	2.09
8.25	2.07
8.33	2.06
8.42	2.08
8.50	2.12
8.58	2.18
8.67	2.28
8.75	2.41
8.83	2.56
8.92	2.73
9.00	2.91
9.08	3.10
9.17	3.30
9.25	3.50
9.33	3.70
9.42	3.91
9.50	4.10
9.58	4.28
9.67	4.45
9.75	4.60
9.83	4.75
9.92	4.91
10.00	5.06
10.08	5.22
10.17	5.37
10.25	5.53
10.33	5.68
10.42	5.84
10.50	5.99
10.58	6.14
10.67	6.30
10.75	6.46
10.83	6.62
10.92	6.76
11.00	6.91
11.08	7.07
11.17	7.23
11.25	7.41
11.33	7.59
11.42	7.78
11.50	7.98
11.58	8.19
11.67	8.41
11.75	8.64
11.83	8.89
11.92	9.18
12.00	9.47
12.08	9.77
12.17	10.08
12.25	10.36
12.33	10.65
12.42	10.93
12.50	11.22
12.58	11.50
12.67	11.78
12.75	12.05
12.83	12.31
12.92	12.55
13.00	12.79
13.08	13.03
13.17	13.27
13.25	13.53
13.33	13.79
13.42	14.05
13.50	14.31
13.58	14.56
13.67	14.79
13.75	15.02
13.83	15.25
13.92	15.48
14.00	15.70
14.08	15.92
14.17	16.13
14.25	16.34
14.33	16.53
14.42	16.71
14.50	16.88
14.58	17.01
14.67	17.11
14.75	17.19
14.83	17.25
14.92	17.32
15.00	17.43
15.08	17.54
15.17	17.67
15.25	17.81
15.33	17.98
15.42	18.17
15.50	18.38
15.58	18.66
15.67	18.97
15.75	19.29
15.83	19.62
15.92	19.91
16.00	20.18
16.08	20.43
16.17	20.68
16.25	20.91
16.33	21.13
16.42	21.34
16.50	21.53
16.58	21.72
16.67	21.89
16.75	22.06
16.83	22.22
16.92	22.37
17.00	22.52
17.08	22.70
17.17	22.84
17.25	22.91
17.33	22.92
17.42	22.88
17.50	22.79
17.58	22.66
17.67	22.46
17.75	22.22
17.83	21.89
17.92	21.49
18.00	20.99
18.08	20.41
18.17	19.79
18.25	19.18
18.33	18.54
18.42	17.88
18.50	17.21
18.58	16.54
18.67	15.87
18.75	15.23
18.83	14.62
18.92	14.05
19.00	13.51
19.08	13.02
19.17	12.56
19.25	12.18
19.33	11.82
19.42	11.48
19.50	11.16
19.58	10.86
19.67	10.57
19.75	10.28
19.83	10.03
19.92	9.78
20.00	9.55
20.08	9.32
20.17	9.08
20.25	8.82
20.33	8.57
20.42	8.33
20.50	8.08
20.58	7.83
20.67	7.58
20.75	7.34
20.83	7.11
20.92	6.88
21.00	6.65
21.08	6.42
21.17	6.16
21.25	5.91
21.33	5.67
21.42	5.45
21.50	5.23
21.58	5.03
21.67	4.83
21.75	4.64
21.83	4.47
21.92	4.32
22.00	4.18
22.08	4.07
22.17	3.99
22.25	3.91
22.33	3.84
22.42	3.78
22.50	3.73
22.58	3.69
22.67	3.64
22.75	3.59
22.83	3.51
22.92	3.44
23.00	3.37
23.08	3.30
23.17	3.23
23.25	3.16
23.33	3.10
23.42	3.05
23.50	2.99
23.58	2.95
23.67	2.91
23.75	2.88
23.83	2.85
23.92	2.83
0.00	3.45
0.08	3.45
0.17	3.45
0.25	3.44
0.33	3.43
0.42	3.41
0.50	3.40
0.58	3.40
0.67	3.40
0.75	3.42
0.83	3.44
0.92	3.47
1.00	3.50
1.08	3.53
1.17	3.56
1.25	3.59
1.33	3.63
1.42	3.66
1.50	3.67
1.58	3.68
1.67	3.68
1.75	3.69
1.83	3.68
1.92	3.67
2.00	3.66
2.08	3.67
2.17	3.67
2.25	3.66
2.33	3.65
2.42	3.64
2.50	3.63
2.58	3.62
2.67	3.60
2.75	3.58
2.83	3.56
2.92	3.54
3.00	3.52
3.08	3.47
3.17	3.43
3.25	3.39
3.33	3.35
3.42	3.30
3.50	3.27
3.58	3.22
3.67	3.18
3.75	3.15
3.83	3.11
3.92	3.07
4.00	3.02
4.08	2.99
4.17	2.96
4.25	2.94
4.33	2.91
4.42	2.88
4.50	2.86
4.58	2.84
4.67	2.82
4.75	2.80
4.83	2.79
4.92	2.78
5.00	2.78
5.08	2.77
5.17	2.76
5.25	2.75
5.33	2.74
5.42	2.73
5.50	2.73
5.58	2.71
5.67	2.70
5.75	2.69
5.83	2.66
5.92	2.64
6.00	2.62
6.08	2.61
6.17	2.61
6.25	2.60
6.33	2.60
6.42	2.59
6.50	2.60
6.58	2.61
6.67	2.63
6.75	2.65
6.83	2.68
6.92	2.69
7.00	2.69
7.08	2.69
7.17	2.68
7.25	2.66
7.33	2.64
7.42	2.62
7.50	2.58
7.58	2.54
7.67	2.49
7.75	2.43
7.83	2.38
7.92	2.33
8.00	2.31
8.08	2.29
8.17	2.27
8.25	2.26
8.33	2.27
8.42	2.29
8.50	2.34
8.58	2.42
8.67	2.54
8.75	2.69
8.83	2.86
8.92	3.04
9.00	3.24
9.08	3.45
9.17	3.67
9.25	3.90
9.33	4.13
9.42	4.36
9.50	4.57
9.58	4.76
9.67	4.93
9.75	5.09
9.83	5.24
9.92	5.39
10.00	5.52
10.08	5.66
10.17	5.79
10.25	5.92
10.33	6.04
10.42	6.16
10.50	6.29
10.58	6.41
10.67	6.55
10.75	6.68
10.83	6.81
10.92	6.94
11.00	7.07
11.08	7.20
11.17	7.34
11.25	7.49
11.33	7.65
11.42	7.81
11.50	7.98
11.58	8.15
11.67	8.33
11.75	8.51
11.83	8.73
11.92	8.95
12.00	9.18
12.08	9.41
12.17	9.62
12.25	9.84
12.33	10.04
12.42	10.24
12.50	10.43
12.58	10.62
12.67	10.80
12.75	10.97
12.83	11.12
12.92	11.26
13.00	11.40
13.08	11.55
13.17	11.70
13.25	11.85
13.33	12.00
13.42	12.17
13.50	12.35
13.58	12.52
13.67	12.69
13.75	12.87
13.83	13.07
13.92	13.28
14.00	13.50
14.08	13.73
14.17	13.97
14.25	14.21
14.33	14.45
14.42	14.70
14.50	14.94
14.58	15.14
14.67	15.32
14.75	15.49
14.83	15.65
14.92	15.85
15.00	16.03
15.08	16.18
15.17	16.30
15.25	16.40
15.33	16.48
15.42	16.53
15.50	16.59
15.58	16.66
15.67	16.74
15.75	16.80
15.83	16.81
15.92	16.77
16.00	16.74
16.08	16.73
16.17	16.73
16.25	16.76
16.33	16.79
16.42	16.84
16.50	16.90
16.58	16.96
16.67	17.03
16.75	17.09
16.83	17.18
16.92	17.27
17.00	17.45
17.08	17.62
17.17	17.73
17.25	17.78
17.33	17.81
17.42	17.81
17.50	17.78
17.58	17.70
17.67	17.65
17.75	17.56
17.83	17.42
17.92	17.20
18.00	16.87
18.08	16.52
18.17	16.20
18.25	15.87
18.33	15.51
18.42	15.15
18.50	14.78
18.58	14.39
18.67	13.97
18.75	13.56
18.83	13.16
18.92	12.78
19.00	12.43
19.08	12.11
19.17	11.83
19.25	11.57
19.33	11.33
19.42	11.12
19.50	10.93
19.58	10.77
19.67	10.63
19.75	10.53
19.83	10.44
19.92	10.35
20.00	10.26
20.08	10.17
20.17	10.05
20.25	9.93
20.33	9.81
20.42	9.67
20.50	9.49
20.58	9.30
20.67	9.10
20.75	8.90
20.83	8.70
20.92	8.49
21.00	8.27
21.08	7.99
21.17	7.71
21.25	7.43
21.33	7.16
21.42	6.91
21.50	6.67
21.58	6.43
21.67	6.20
21.75	5.98
21.83	5.78
21.92	5.59
22.00	5.44
22.08	5.33
22.17	5.22
22.25	5.12
22.33	5.03
22.42	4.95
22.50	4.88
22.58	4.82
22.67	4.75
22.75	4.66
22.83	4.58
22.92	4.50
23.00	4.43
23.08	4.36
23.17	4.30
23.25	4.24
23.33	4.19
23.42	4.14
23.50	4.09
23.58	4.05
23.67	4.02
23.75	4.00
23.83	3.98
23.92	3.97
0.00	2.65
0.08	2.65
0.17	2.64
0.25	2.61
0.33	2.57
0.42	2.53
0.50	2.49
0.58	2.46
0.67	2.43
0.75	2.42
0.83	2.40
0.92	2.40
1.00	2.39
1.08	2.39
1.17	2.41
1.25	2.43
1.33	2.45
1.42	2.46
1.50	2.47
1.58	2.48
1.67	2.48
1.75	2.49
1.83	2.50
1.92	2.51
2.00	2.53
2.08	2.56
2.17	2.56
2.25	2.56
2.33	2.56
2.42	2.55
2.50	2.54
2.58	2.52
2.67	2.51
2.75	2.49
2.83	2.46
2.92	2.44
3.00	2.38
3.08	2.33
3.17	2.29
3.25	2.24
3.33	2.20
3.42	2.17
3.50	2.14
3.58	2.11
3.67	2.08
3.75	2.06
3.83	2.04
3.92	2.02
4.00	2.01
4.08	2.01
4.17	2.02
4.25	2.03
4.33	2.03
4.42	2.03
4.50	2.04
4.58	2.04
4.67	2.05
4.75	2.06
4.83	2.06
4.92	2.07
5.00	2.07
5.08	2.08
5.17	2.07
5.25	2.06
5.33	2.07
5.42	2.07
5.50	2.08
5.58	2.09
5.67	2.10
5.75	2.11
5.83	2.12
5.92	2.12
6.00	2.13
6.08	2.15
6.17	2.17
6.25	2.18
6.33	2.19
6.42	2.20
6.50	2.22
6.58	2.24
6.67	2.26
6.75	2.29
6.83	2.31
6.92	2.32
7.00	2.33
7.08	2.34
7.17	2.34
7.25	2.34
7.33	2.34
7.42	2.33
7.50	2.30
7.58	2.27
7.67	2.22
7.75	2.18
7.83	2.12
7.92	2.08
8.00	2.05
8.08	2.01
8.17	1.98
8.25	1.95
8.33	1.93
8.42	1.94
8.50	1.96
8.58	2.02
8.67	2.10
8.75	2.20
8.83	2.32
8.92	2.44
9.00	2.58
9.08	2.75
9.17	2.92
9.25	3.10
9.33	3.29
9.42	3.48
9.50	3.66
9.58	3.84
9.67	4.02
9.75	4.22
9.83	4.41
9.92	4.61
10.00	4.80
10.08	5.00
10.17	5.19
10.25	5.38
10.33	5.56
10.42	5.74
10.50	5.92
10.58	6.09
10.67	6.26
10.75	6.41
10.83	6.56
10.92	6.70
11.00	6.85
11.08	7.00
11.17	7.17
11.25	7.34
11.33	7.52
11.42	7.71
11.50	7.90
11.58	8.09
11.67	8.30
11.75	8.53
11.83	8.77
11.92	9.02
12.00	9.26
12.08	9.49
12.17	9.71
12.25	9.93
12.33	10.13
12.42	10.33
12.50	10.52
12.58	10.71
12.67	10.89
12.75	11.03
12.83	11.17
12.92	11.30
13.00	11.43
13.08	11.57
13.17	11.70
13.25	11.84
13.33	11.99
13.42	12.14
13.50	12.29
13.58	12.40
13.67	12.52
13.75	12.65
13.83	12.79
13.92	12.92
14.00	13.06
14.08	13.21
14.17	13.37
14.25	13.54
14.33	13.71
14.42	13.89
14.50	14.03
14.58	14.20
14.67	14.36
14.75	14.53
14.83	14.73
14.92	14.95
15.00	15.17
15.08	15.39
15.17	15.61
15.25	15.83
15.33	16.04
15.42	16.27
15.50	16.54
15.58	16.81
15.67	17.07
15.75	17.31
15.83	17.49
15.92	17.66
16.00	17.81
16.08	17.95
16.17	18.08
16.25	18.18
16.33	18.27
16.42	18.34
16.50	18.40
16.58	18.43
16.67	18.45
16.75	18.47
16.83	18.50
16.92	18.58
17.00	18.65
17.08	18.66
17.17	18.62
17.25	18.55
17.33	18.43
17.42	18.29
17.50	18.13
17.58	17.97
17.67	17.78
17.75	17.54
17.83	17.23
17.92	16.82
18.00	16.38
18.08	15.96
18.17	15.53
18.25	15.08
18.33	14.63
18.42	14.15
18.50	13.63
18.58	13.08
18.67	12.55
18.75	12.04
18.83	11.55
18.92	11.10
19.00	10.68
19.08	10.32
19.17	10.00
19.25	9.71
19.33	9.46
19.42	9.24
19.50	9.05
19.58	8.88
19.67	8.73
19.75	8.60
19.83	8.48
19.92	8.35
20.00	8.23
20.08	8.07
20.17	7.92
20.25	7.76
20.33	7.59
20.42	7.41
20.50	7.22
20.58	7.03
20.67	6.84
20.75	6.65
20.83	6.46
20.92	6.26
21.00	6.04
21.08	5.81
21.17	5.59
21.25	5.37
21.33	5.15
21.42	4.95
21.50	4.75
21.58	4.54
21.67	4.36
21.75	4.19
21.83	4.02
21.92	3.88
22.00	3.76
22.08	3.66
22.17	3.56
22.25	3.46
22.33	3.38
22.42	3.30
22.50	3.23
22.58	3.16
22.67	3.06
22.75	2.96
22.83	2.86
22.92	2.77
23.00	2.68
23.08	2.59
23.17	2.51
23.25	2.45
23.33	2.38
23.42	2.33
23.50	2.29
23.58	2.25
23.67	2.23
23.75	2.21
23.83	2.21
23.92	2.19
0.00	2.25
0.08	2.25
0.17	2.25
0.25	2.25
0.33	2.24
0.42	2.24
0.50	2.24
0.58	2.24
0.67	2.24
0.75	2.25
0.83	2.26
0.92	2.27
1.00	2.27
1.08	2.29
1.17	2.31
1.25	2.33
1.33	2.33
1.42	2.33
1.50	2.33
1.58	2.32
1.67	2.32
1.75	2.31
1.83	2.31
1.92	2.31
2.00	2.33
2.08	2.33
2.17	2.32
2.25	2.32
2.33	2.31
2.42	2.30
2.50	2.29
2.58	2.28
2.67	2.27
2.75	2.26
2.83	2.25
2.92	2.21
3.00	2.17
3.08	2.14
3.17	2.11
3.25	2.08
3.33	2.06
3.42	2.04
3.50	2.02
3.58	2.00
3.67	1.99
3.75	1.98
3.83	1.98
3.92	1.97
4.00	1.98
4.08	2.00
4.17	2.01
4.25	2.03
4.33	2.04
4.42	2.06
4.50	2.08
4.58	2.10
4.67	2.12
4.75	2.15
4.83	2.17
4.92	2.19
5.00	2.21
5.08	2.24
5.17	2.25
5.25	2.26
5.33	2.28
5.42	2.28
5.50	2.29
5.58	2.29
5.67	2.29
5.75	2.28
5.83	2.26
5.92	2.25
6.00	2.23
6.08	2.21
6.17	2.20
6.25	2.18
6.33	2.17
6.42	2.17
6.50	2.17
6.58	2.17
6.67	2.18
6.75	2.18
6.83	2.18
6.92	2.18
7.00	2.18
7.08	2.18
7.17	2.18
7.25	2.17
7.33	2.16
7.42	2.13
7.50	2.11
7.58	2.10
7.67	2.09
7.75	2.08
7.83	2.07
7.92	2.08
8.00	2.09
8.08	2.08
8.17	2.08
8.25	2.09
8.33	2.11
8.42	2.15
8.50	2.21
8.58	2.28
8.67	2.37
8.75	2.48
8.83	2.60
8.92	2.73
9.00	2.88
9.08	3.04
9.17	3.21
9.25	3.38
9.33	3.56
9.42	3.72
9.50	3.89
9.58	4.04
9.67	4.19
9.75	4.35
9.83	4.51
9.92	4.65
10.00	4.80
10.08	4.96
10.17	5.11
10.25	5.26
10.33	5.42
10.42	5.58
10.50	5.73
10.58	5.88
10.67	6.02
10.75	6.15
10.83	6.29
10.92	6.43
11.00	6.58
11.08	6.75
11.17	6.93
11.25	7.12
11.33	7.33
11.42	7.56
11.50	7.80
11.58	8.07
11.67	8.38
11.75	8.71
11.83	9.05
11.92	9.38
12.00	9.70
12.08	10.00
12.17	10.29
12.25	10.55
12.33	10.79
12.42	11.00
12.50	11.18
12.58	11.32
12.67	11.43
12.75	11.52
12.83	11.59
12.92	11.66
13.00	11.74
13.08	11.80
13.17	11.86
13.25	11.91
13.33	11.98
13.42	12.05
13.50	12.13
13.58	12.22
13.67	12.32
13.75	12.42
13.83	12.53
13.92	12.65
14.00	12.79
14.08	12.95
14.17	13.12
14.25	13.29
14.33	13.48
14.42	13.66
14.50	13.85
14.58	14.04
14.67	14.23
14.75	14.43
14.83	14.65
14.92	14.87
15.00	15.11
15.08	15.37
15.17	15.65
15.25	15.95
15.33	16.28
15.42	16.63
15.50	17.00
15.58	17.37
15.67	17.74
15.75	18.07
15.83	18.39
15.92	18.69
16.00	18.97
16.08	19.23
16.17	19.45
16.25	19.65
16.33	19.82
16.42	19.96
16.50	20.08
16.58	20.17
16.67	20.25
16.75	20.33
16.83	20.42
16.92	20.50
17.00	20.53
17.08	20.46
17.17	20.35
17.25	20.21
17.33	20.04
17.42	19.84
17.50	19.61
17.58	19.35
17.67	19.07
17.75	18.76
17.83	18.39
17.92	18.02
18.00	17.71
18.08	17.43
18.17	17.17
18.25	16.94
18.33	16.73
18.42	16.56
18.50	16.40
18.58	16.28
18.67	16.19
18.75	16.12
18.83	16.06
18.92	16.01
19.00	15.99
19.08	16.02
19.17	16.02
19.25	16.01
19.33	15.99
19.42	15.94
19.50	15.87
19.58	15.78
19.67	15.69
19.75	15.56
19.83	15.40
19.92	15.20
20.00	14.92
20.08	14.61
20.17	14.27
20.25	13.92
20.33	13.53
20.42	13.12
20.50	12.71
20.58	12.28
20.67	11.88
20.75	11.48
20.83	11.09
20.92	10.68
21.00	10.27
21.08	9.88
21.17	9.51
21.25	9.17
21.33	8.87
21.42	8.57
21.50	8.29
21.58	8.01
21.67	7.76
21.75	7.51
21.83	7.31
21.92	7.14
22.00	6.97
22.08	6.80
22.17	6.63
22.25	6.45
22.33	6.28
22.42	6.11
22.50	5.94
22.58	5.75
22.67	5.57
22.75	5.38
22.83	5.18
22.92	4.98
23.00	4.78
23.08	4.60
23.17	4.45
23.25	4.30
23.33	4.16
23.42	4.03
23.50	3.89
23.58	3.76
23.67	3.66
23.75	3.59
23.83	3.57
23.92	3.57
