0.00	2.42
0.08	2.42
0.17	2.45
0.25	2.46
0.33	2.47
0.42	2.47
0.50	2.45
0.58	2.44
0.67	2.43
0.75	2.43
0.83	2.42
0.92	2.38
1.00	2.35
1.08	2.32
1.17	2.28
1.25	2.22
1.33	2.16
1.42	2.10
1.50	2.06
1.58	2.02
1.67	1.99
1.75	1.95
1.83	1.91
1.92	1.90
2.00	1.91
2.08	1.91
2.17	1.94
2.25	1.99
2.33	2.04
2.42	2.09
2.50	2.13
2.58	2.17
2.67	2.22
2.75	2.27
2.83	2.30
2.92	2.32
3.00	2.32
3.08	2.31
3.17	2.30
3.25	2.29
3.33	2.27
3.42	2.24
3.50	2.22
3.58	2.20
3.67	2.17
3.75	2.15
3.83	2.12
3.92	2.10
4.00	2.08
4.08	2.07
4.17	2.06
4.25	2.06
4.33	2.06
4.42	2.05
4.50	2.05
4.58	2.07
4.67	2.09
4.75	2.11
4.83	2.13
4.92	2.15
5.00	2.16
5.08	2.16
5.17	2.15
5.25	2.14
5.33	2.14
5.42	2.14
5.50	2.14
5.58	2.12
5.67	2.10
5.75	2.08
5.83	2.06
5.92	2.05
6.00	2.04
6.08	2.03
6.17	2.03
6.25	2.03
6.33	2.02
6.42	2.01
6.50	2.00
6.58	1.99
6.67	1.98
6.75	1.98
6.83	1.97
6.92	1.97
7.00	1.97
7.08	1.97
7.17	1.98
7.25	1.99
7.33	2.00
7.42	2.01
7.50	2.02
7.58	2.03
7.67	2.04
7.75	2.04
7.83	2.05
7.92	2.05
8.00	2.05
8.08	2.05
8.17	2.02
8.25	2.00
8.33	1.98
8.42	1.96
8.50	1.94
8.58	1.93
8.67	1.92
8.75	1.92
8.83	1.94
8.92	2.00
9.00	2.09
9.08	2.22
9.17	2.38
9.25	2.57
9.33	2.81
9.42	3.08
9.50	3.39
9.58	3.72
9.67	4.07
9.75	4.45
9.83	4.82
9.92	5.18
10.00	5.53
10.08	5.87
10.17	6.20
10.25	6.52
10.33	6.81
10.42	7.09
10.50	7.36
10.58	7.62
10.67	7.87
10.75	8.11
10.83	8.33
10.92	8.54
11.00	8.76
11.08	8.96
11.17	9.16
11.25	9.35
11.33	9.53
11.42	9.70
11.50	9.85
11.58	10.00
11.67	10.14
11.75	10.27
11.83	10.41
11.92	10.53
12.00	10.65
12.08	10.76
12.17	10.86
12.25	10.95
12.33	11.05
12.42	11.17
12.50	11.29
12.58	11.40
12.67	11.50
12.75	11.62
12.83	11.73
12.92	11.84
13.00	11.95
13.08	12.07
13.17	12.18
13.25	12.30
13.33	12.42
13.42	12.53
13.50	12.64
13.58	12.74
13.67	12.86
13.75	12.97
13.83	13.09
13.92	13.20
14.00	13.32
14.08	13.44
14.17	13.56
14.25	13.69
14.33	13.81
14.42	13.94
14.50	14.07
14.58	14.21
14.67	14.34
14.75	14.49
14.83	14.64
14.92	14.79
15.00	14.94
15.08	15.07
15.17	15.18
15.25	15.28
15.33	15.37
15.42	15.47
15.50	15.56
15.58	15.64
15.67	15.70
15.75	15.69
15.83	15.66
15.92	15.63
16.00	15.59
16.08	15.55
16.17	15.50
16.25	15.45
16.33	15.37
16.42	15.25
16.50	15.12
16.58	14.99
16.67	14.87
16.75	14.80
16.83	14.76
16.92	14.72
17.00	14.69
17.08	14.68
17.17	14.65
17.25	14.64
17.33	14.65
17.42	14.69
17.50	14.74
17.58	14.80
17.67	14.89
17.75	14.97
17.83	15.05
17.92	15.14
18.00	15.20
18.08	15.25
18.17	15.30
18.25	15.34
18.33	15.36
18.42	15.37
18.50	15.37
18.58	15.33
18.67	15.23
18.75	15.11
18.83	14.96
18.92	14.81
19.00	14.67
19.08	14.52
19.17	14.38
19.25	14.25
19.33	14.13
19.42	14.02
19.50	13.92
19.58	13.83
19.67	13.77
19.75	13.75
19.83	13.73
19.92	13.72
20.00	13.72
20.08	13.73
20.17	13.71
20.25	13.68
20.33	13.65
20.42	13.61
20.50	13.57
20.58	13.53
20.67	13.46
20.75	13.35
20.83	13.23
20.92	13.09
21.00	12.93
21.08	12.76
21.17	12.60
21.25	12.43
21.33	12.25
21.42	12.06
21.50	11.83
21.58	11.60
21.67	11.38
21.75	11.18
21.83	10.97
21.92	10.75
22.00	10.54
22.08	10.33
22.17	10.11
22.25	9.88
22.33	9.65
22.42	9.43
22.50	9.23
22.58	9.01
22.67	8.78
22.75	8.54
22.83	8.30
22.92	8.06
23.00	7.82
23.08	7.60
23.17	7.39
23.25	7.18
23.33	6.98
23.42	6.77
23.50	6.55
23.58	6.37
23.67	6.23
23.75	6.13
23.83	6.07
23.92	6.06
0.00	4.05
0.08	4.04
0.17	4.02
0.25	4.01
0.33	3.98
0.42	3.93
0.50	3.86
0.58	3.79
0.67	3.73
0.75	3.67
0.83	3.58
0.92	3.51
1.00	3.43
1.08	3.35
1.17	3.25
1.25	3.15
1.33	3.05
1.42	2.98
1.50	2.90
1.58	2.83
1.67	2.76
1.75	2.70
1.83	2.67
1.92	2.64
2.00	2.62
2.08	2.61
2.17	2.63
2.25	2.65
2.33	2.67
2.42	2.68
2.50	2.69
2.58	2.71
2.67	2.72
2.75	2.73
2.83	2.72
2.92	2.70
3.00	2.67
3.08	2.65
3.17	2.63
3.25	2.61
3.33	2.58
3.42	2.56
3.50	2.54
3.58	2.52
3.67	2.51
3.75	2.49
3.83	2.47
3.92	2.46
4.00	2.45
4.08	2.44
4.17	2.44
4.25	2.44
4.33	2.43
4.42	2.43
4.50	2.45
4.58	2.48
4.67	2.51
4.75	2.54
4.83	2.56
4.92	2.58
5.00	2.60
5.08	2.60
5.17	2.59
5.25	2.59
5.33	2.61
5.42	2.61
5.50	2.60
5.58	2.57
5.67	2.55
5.75	2.52
5.83	2.50
5.92	2.49
6.00	2.47
6.08	2.47
6.17	2.47
6.25	2.46
6.33	2.44
6.42	2.42
6.50	2.40
6.58	2.38
6.67	2.37
6.75	2.34
6.83	2.32
6.92	2.30
7.00	2.28
7.08	2.27
7.17	2.26
7.25	2.25
7.33	2.24
7.42	2.23
7.50	2.22
7.58	2.21
7.67	2.21
7.75	2.20
7.83	2.20
7.92	2.19
8.00	2.18
8.08	2.15
8.17	2.13
8.25	2.11
8.33	2.09
8.42	2.08
8.50	2.06
8.58	2.05
8.67	2.05
8.75	2.06
8.83	2.09
8.92	2.15
9.00	2.25
9.08	2.38
9.17	2.53
9.25	2.73
9.33	2.96
9.42	3.21
9.50	3.49
9.58	3.79
9.67	4.10
9.75	4.41
9.83	4.73
9.92	5.03
10.00	5.33
10.08	5.62
10.17	5.88
10.25	6.12
10.33	6.34
10.42	6.56
10.50	6.76
10.58	6.95
10.67	7.13
10.75	7.28
10.83	7.42
10.92	7.55
11.00	7.69
11.08	7.82
11.17	7.95
11.25	8.08
11.33	8.21
11.42	8.33
11.50	8.45
11.58	8.59
11.67	8.73
11.75	8.88
11.83	9.03
11.92	9.18
12.00	9.33
12.08	9.49
12.17	9.64
12.25	9.79
12.33	9.97
12.42	10.14
12.50	10.32
12.58	10.49
12.67	10.68
12.75	10.87
12.83	11.07
12.92	11.26
13.00	11.46
13.08	11.65
13.17	11.86
13.25	12.10
13.33	12.34
13.42	12.60
13.50	12.86
13.58	13.12
13.67	13.39
13.75	13.66
13.83	13.93
13.92	14.20
14.00	14.47
14.08	14.73
14.17	14.97
14.25	15.17
14.33	15.35
14.42	15.51
14.50	15.65
14.58	15.76
14.67	15.85
14.75	15.95
14.83	16.02
14.92	16.08
15.00	16.14
15.08	16.20
15.17	16.25
15.25	16.30
15.33	16.37
15.42	16.45
15.50	16.56
15.58	16.69
15.67	16.77
15.75	16.83
15.83	16.90
15.92	16.99
16.00	17.07
16.08	17.16
16.17	17.26
16.25	17.37
16.33	17.47
16.42	17.55
16.50	17.64
16.58	17.73
16.67	17.86
16.75	18.00
16.83	18.15
16.92	18.31
17.00	18.48
17.08	18.62
17.17	18.74
17.25	18.84
17.33	18.94
17.42	19.03
17.50	19.12
17.58	19.24
17.67	19.36
17.75	19.48
17.83	19.58
17.92	19.66
18.00	19.73
18.08	19.84
18.17	19.94
18.25	20.02
18.33	20.09
18.42	20.13
18.50	20.12
18.58	20.05
18.67	19.96
18.75	19.84
18.83	19.69
18.92	19.51
19.00	19.29
19.08	19.04
19.17	18.78
19.25	18.49
19.33	18.20
19.42	17.92
19.50	17.63
19.58	17.32
19.67	17.04
19.75	16.78
19.83	16.54
19.92	16.32
20.00	16.11
20.08	15.87
20.17	15.63
20.25	15.39
20.33	15.17
20.42	14.95
20.50	14.74
20.58	14.54
20.67	14.29
20.75	14.03
20.83	13.75
20.92	13.45
21.00	13.13
21.08	12.80
21.17	12.45
21.25	12.07
21.33	11.66
21.42	11.22
21.50	10.77
21.58	10.30
21.67	9.82
21.75	9.32
21.83	8.82
21.92	8.33
22.00	7.86
22.08	7.41
22.17	6.98
22.25	6.58
22.33	6.20
22.42	5.85
22.50	5.51
22.58	5.19
22.67	4.89
22.75	4.62
22.83	4.37
22.92	4.14
23.00	3.96
23.08	3.80
23.17	3.66
23.25	3.53
23.33	3.41
23.42	3.29
23.50	3.18
23.58	3.09
23.67	3.03
23.75	2.99
23.83	2.98
23.92	2.98
0.00	2.30
0.08	2.30
0.17	2.28
0.25	2.28
0.33	2.30
0.42	2.31
0.50	2.33
0.58	2.34
0.67	2.35
0.75	2.34
0.83	2.32
0.92	2.31
1.00	2.29
1.08	2.26
1.17	2.22
1.25	2.18
1.33	2.16
1.42	2.13
1.50	2.11
1.58	2.08
1.67	2.06
1.75	2.06
1.83	2.06
1.92	2.08
2.00	2.10
2.08	2.15
2.17	2.19
2.25	2.24
2.33	2.27
2.42	2.30
2.50	2.33
2.58	2.37
2.67	2.39
2.75	2.39
2.83	2.38
2.92	2.36
3.00	2.34
3.08	2.33
3.17	2.31
3.25	2.28
3.33	2.26
3.42	2.25
3.50	2.23
3.58	2.21
3.67	2.19
3.75	2.17
3.83	2.15
3.92	2.13
4.00	2.12
4.08	2.11
4.17	2.09
4.25	2.08
4.33	2.07
4.42	2.07
4.50	2.08
4.58	2.10
4.67	2.11
4.75	2.13
4.83	2.13
4.92	2.14
5.00	2.13
5.08	2.12
5.17	2.11
5.25	2.12
5.33	2.12
5.42	2.10
5.50	2.09
5.58	2.07
5.67	2.06
5.75	2.04
5.83	2.04
5.92	2.04
6.00	2.04
6.08	2.05
6.17	2.05
6.25	2.05
6.33	2.05
6.42	2.05
6.50	2.04
6.58	2.03
6.67	2.03
6.75	2.02
6.83	2.02
6.92	2.02
7.00	2.02
7.08	2.03
7.17	2.04
7.25	2.05
7.33	2.05
7.42	2.06
7.50	2.07
7.58	2.08
7.67	2.09
7.75	2.10
7.83	2.10
7.92	2.10
8.00	2.09
8.08	2.07
8.17	2.06
8.25	2.04
8.33	2.02
8.42	2.00
8.50	1.99
8.58	1.97
8.67	1.97
8.75	1.98
8.83	2.02
8.92	2.10
9.00	2.20
9.08	2.33
9.17	2.50
9.25	2.72
9.33	2.95
9.42	3.22
9.50	3.51
9.58	3.82
9.67	4.14
9.75	4.46
9.83	4.76
9.92	5.05
10.00	5.32
10.08	5.59
10.17	5.83
10.25	6.07
10.33	6.29
10.42	6.50
10.50	6.70
10.58	6.89
10.67	7.07
10.75	7.24
10.83	7.40
10.92	7.57
11.00	7.73
11.08	7.87
11.17	8.01
11.25	8.14
11.33	8.26
11.42	8.38
11.50	8.50
11.58	8.61
11.67	8.71
11.75	8.81
11.83	8.90
11.92	9.00
12.00	9.10
12.08	9.21
12.17	9.32
12.25	9.44
12.33	9.57
12.42	9.71
12.50	9.85
12.58	10.01
12.67	10.19
12.75	10.37
12.83	10.57
12.92	10.76
13.00	10.96
13.08	11.15
13.17	11.37
13.25	11.58
13.33	11.81
13.42	12.04
13.50	12.28
13.58	12.53
13.67	12.80
13.75	13.07
13.83	13.37
13.92	13.67
14.00	13.98
14.08	14.29
14.17	14.58
14.25	14.87
14.33	15.15
14.42	15.43
14.50	15.66
14.58	15.90
14.67	16.16
14.75	16.42
14.83	16.67
14.92	16.93
15.00	17.17
15.08	17.42
15.17	17.67
15.25	17.92
15.33	18.18
15.42	18.43
15.50	18.70
15.58	18.91
15.67	19.06
15.75	19.18
15.83	19.29
15.92	19.37
16.00	19.44
16.08	19.49
16.17	19.52
16.25	19.51
16.33	19.50
16.42	19.49
16.50	19.49
16.58	19.53
16.67	19.60
16.75	19.67
16.83	19.75
16.92	19.83
17.00	19.94
17.08	20.06
17.17	20.18
17.25	20.30
17.33	20.42
17.42	20.52
17.50	20.61
17.58	20.69
17.67	20.76
17.75	20.82
17.83	20.90
17.92	21.00
18.00	21.07
18.08	21.16
18.17	21.26
18.25	21.38
18.33	21.51
18.42	21.63
18.50	21.76
18.58	21.86
18.67	21.96
18.75	22.03
18.83	22.07
18.92	22.08
19.00	22.08
19.08	22.06
19.17	22.00
19.25	21.90
19.33	21.79
19.42	21.66
19.50	21.52
19.58	21.43
19.67	21.36
19.75	21.28
19.83	21.20
19.92	21.09
20.00	20.96
20.08	20.81
20.17	20.67
20.25	20.53
20.33	20.38
20.42	20.23
20.50	20.06
20.58	19.81
20.67	19.55
20.75	19.29
20.83	19.03
20.92	18.75
21.00	18.50
21.08	18.24
21.17	17.97
21.25	17.69
21.33	17.36
21.42	17.02
21.50	16.67
21.58	16.33
21.67	15.96
21.75	15.57
21.83	15.16
21.92	14.73
22.00	14.28
22.08	13.81
22.17	13.34
22.25	12.88
22.33	12.45
22.42	12.02
22.50	11.59
22.58	11.16
22.67	10.73
22.75	10.32
22.83	9.92
22.92	9.56
23.00	9.21
23.08	8.88
23.17	8.56
23.25	8.25
23.33	7.94
23.42	7.63
23.50	7.35
23.58	7.11
23.67	6.92
23.75	6.78
23.83	6.69
23.92	6.64
0.00	4.58
0.08	4.58
0.17	4.56
0.25	4.51
0.33	4.49
0.42	4.46
0.50	4.42
0.58	4.39
0.67	4.30
0.75	4.19
0.83	4.09
0.92	3.98
1.00	3.85
1.08	3.71
1.17	3.58
1.25	3.46
1.33	3.35
1.42	3.24
1.50	3.13
1.58	3.04
1.67	2.99
1.75	2.99
1.83	3.01
1.92	3.03
2.00	3.08
2.08	3.13
2.17	3.20
2.25	3.25
2.33	3.30
2.42	3.35
2.50	3.40
2.58	3.43
2.67	3.40
2.75	3.35
2.83	3.29
2.92	3.23
3.00	3.17
3.08	3.09
3.17	3.01
3.25	2.93
3.33	2.86
3.42	2.79
3.50	2.73
3.58	2.68
3.67	2.63
3.75	2.59
3.83	2.55
3.92	2.53
4.00	2.53
4.08	2.53
4.17	2.53
4.25	2.53
4.33	2.55
4.42	2.58
4.50	2.62
4.58	2.66
4.67	2.70
4.75	2.73
4.83	2.75
4.92	2.75
5.00	2.73
5.08	2.71
5.17	2.72
5.25	2.72
5.33	2.69
5.42	2.66
5.50	2.62
5.58	2.59
5.67	2.56
5.75	2.54
5.83	2.53
5.92	2.52
6.00	2.52
6.08	2.51
6.17	2.49
6.25	2.47
6.33	2.45
6.42	2.44
6.50	2.44
6.58	2.43
6.67	2.42
6.75	2.41
6.83	2.41
6.92	2.41
7.00	2.43
7.08	2.44
7.17	2.46
7.25	2.47
7.33	2.48
7.42	2.47
7.50	2.46
7.58	2.44
7.67	2.42
7.75	2.38
7.83	2.33
7.92	2.27
8.00	2.20
8.08	2.13
8.17	2.06
8.25	2.00
8.33	1.94
8.42	1.88
8.50	1.83
8.58	1.78
8.67	1.76
8.75	1.75
8.83	1.79
8.92	1.85
9.00	1.94
9.08	2.06
9.17	2.22
9.25	2.41
9.33	2.63
9.42	2.89
9.50	3.18
9.58	3.49
9.67	3.83
9.75	4.16
9.83	4.49
9.92	4.83
10.00	5.17
10.08	5.50
10.17	5.82
10.25	6.14
10.33	6.45
10.42	6.75
10.50	7.05
10.58	7.34
10.67	7.61
10.75	7.87
10.83	8.14
10.92	8.39
11.00	8.64
11.08	8.88
11.17	9.12
11.25	9.34
11.33	9.56
11.42	9.76
11.50	9.96
11.58	10.18
11.67	10.41
11.75	10.66
11.83	10.92
11.92	11.19
12.00	11.48
12.08	11.78
12.17	12.09
12.25	12.40
12.33	12.71
12.42	13.00
12.50	13.27
12.58	13.53
12.67	13.79
12.75	14.04
12.83	14.27
12.92	14.51
13.00	14.74
13.08	14.95
13.17	15.18
13.25	15.42
13.33	15.67
13.42	15.95
13.50	16.24
13.58	16.54
13.67	16.84
13.75	17.15
13.83	17.44
13.92	17.73
14.00	18.02
14.08	18.32
14.17	18.60
14.25	18.88
14.33	19.13
14.42	19.37
14.50	19.58
14.58	19.78
14.67	19.97
14.75	20.14
14.83	20.30
14.92	20.45
15.00	20.60
15.08	20.75
15.17	20.93
15.25	21.16
15.33	21.41
15.42	21.69
15.50	21.94
15.58	22.18
15.67	22.43
15.75	22.70
15.83	23.00
15.92	23.31
16.00	23.64
16.08	23.98
16.17	24.27
16.25	24.52
16.33	24.74
16.42	24.95
16.50	25.16
16.58	25.33
16.67	25.45
16.75	25.52
16.83	25.55
16.92	25.54
17.00	25.53
17.08	25.50
17.17	25.47
17.25	25.45
17.33	25.45
17.42	25.45
17.50	25.47
17.58	25.51
17.67	25.50
17.75	25.51
17.83	25.55
17.92	25.55
18.00	25.55
18.08	25.54
18.17	25.54
18.25	25.51
18.33	25.44
18.42	25.37
18.50	25.31
18.58	25.29
18.67	25.31
18.75	25.32
18.83	25.31
18.92	25.31
19.00	25.32
19.08	25.34
19.17	25.34
19.25	25.37
19.33	25.40
19.42	25.44
19.50	25.48
19.58	25.55
19.67	25.59
19.75	25.64
19.83	25.67
19.92	25.65
20.00	25.59
20.08	25.51
20.17	25.40
20.25	25.26
20.33	25.09
20.42	24.88
20.50	24.60
20.58	24.27
20.67	23.92
20.75	23.55
20.83	23.12
20.92	22.67
21.00	22.20
21.08	21.69
21.17	21.17
21.25	20.61
21.33	20.02
21.42	19.44
21.50	18.87
21.58	18.27
21.67	17.66
21.75	17.05
21.83	16.45
21.92	15.86
22.00	15.27
22.08	14.70
22.17	14.16
22.25	13.65
22.33	13.15
22.42	12.66
22.50	12.19
22.58	11.73
22.67	11.29
22.75	10.87
22.83	10.46
22.92	10.07
23.00	9.70
23.08	9.32
23.17	8.96
23.25	8.56
23.33	8.18
23.42	7.81
23.50	7.45
23.58	7.14
23.67	6.88
23.75	6.68
23.83	6.53
23.92	6.46
0.00	NaN
0.08	NaN
0.17	NaN
0.25	NaN
0.33	NaN
0.42	NaN
0.50	NaN
0.58	NaN
0.67	5.09
0.75	5.06
0.83	5.00
0.92	4.90
1.00	4.78
1.08	4.67
1.17	4.55
1.25	4.44
1.33	4.34
1.42	4.25
1.50	4.19
1.58	4.18
1.67	4.16
1.75	4.17
1.83	4.20
1.92	4.27
2.00	4.36
2.08	4.45
2.17	4.57
2.25	4.69
2.33	4.81
2.42	4.92
2.50	5.03
2.58	5.13
2.67	5.20
2.75	5.22
2.83	5.19
2.92	5.16
3.00	5.13
3.08	5.08
3.17	5.01
3.25	4.90
3.33	4.76
3.42	4.61
3.50	4.44
3.58	4.26
3.67	4.07
3.75	3.91
3.83	3.77
3.92	3.59
4.00	3.42
4.08	3.26
4.17	3.12
4.25	3.02
4.33	2.95
4.42	2.89
4.50	2.85
4.58	2.82
4.67	2.79
4.75	2.76
4.83	2.75
4.92	2.73
5.00	2.70
5.08	2.69
5.17	2.69
5.25	2.67
5.33	2.64
5.42	2.62
5.50	2.59
5.58	2.56
5.67	2.55
5.75	2.53
5.83	2.51
5.92	2.52
6.00	2.52
6.08	2.50
6.17	2.49
6.25	2.47
6.33	2.45
6.42	2.43
6.50	2.40
6.58	2.38
6.67	2.35
6.75	2.33
6.83	2.31
6.92	2.30
7.00	2.28
7.08	2.26
7.17	2.23
7.25	2.21
7.33	2.19
7.42	2.18
7.50	2.17
7.58	2.16
7.67	2.14
7.75	2.11
7.83	2.08
7.92	2.04
8.00	2.00
8.08	1.96
8.17	1.92
8.25	1.89
8.33	1.85
8.42	1.81
8.50	1.77
8.58	1.74
8.67	1.73
8.75	1.75
8.83	1.80
8.92	1.88
9.00	1.99
9.08	2.13
9.17	2.32
9.25	2.54
9.33	2.81
9.42	3.11
9.50	3.45
9.58	3.81
9.67	4.18
9.75	4.57
9.83	4.97
9.92	5.38
10.00	5.78
10.08	6.17
10.17	6.55
10.25	6.91
10.33	7.26
10.42	7.58
10.50	7.88
10.58	8.15
10.67	8.41
10.75	8.67
10.83	8.93
10.92	9.18
11.00	9.42
11.08	9.67
11.17	9.93
11.25	10.19
11.33	10.48
11.42	10.80
11.50	11.11
11.58	11.42
11.67	11.72
11.75	12.03
11.83	12.34
11.92	12.65
12.00	12.97
12.08	13.29
12.17	13.62
12.25	13.95
12.33	14.26
12.42	14.57
12.50	14.91
12.58	15.24
12.67	15.56
12.75	15.88
12.83	16.17
12.92	16.44
13.00	16.72
13.08	16.99
13.17	17.26
13.25	17.52
13.33	17.76
13.42	18.01
13.50	18.26
13.58	18.53
13.67	18.80
13.75	19.08
13.83	19.38
13.92	19.67
14.00	19.95
14.08	20.23
14.17	20.50
14.25	20.76
14.33	21.03
14.42	21.31
14.50	21.62
14.58	21.94
14.67	22.27
14.75	22.59
14.83	22.92
14.92	23.26
15.00	23.61
15.08	23.97
15.17	24.36
15.25	24.74
15.33	25.12
15.42	25.45
15.50	25.71
15.58	25.94
15.67	26.15
15.75	26.33
15.83	26.48
15.92	26.60
16.00	26.67
16.08	26.69
16.17	26.65
16.25	26.57
16.33	26.47
16.42	26.35
16.50	26.25
16.58	26.14
16.67	26.02
16.75	25.90
16.83	25.76
16.92	25.58
17.00	25.39
17.08	25.20
17.17	25.03
17.25	24.87
17.33	24.70
17.42	24.56
17.50	24.39
17.58	24.27
17.67	24.13
17.75	23.97
17.83	23.82
17.92	23.69
18.00	23.58
18.08	23.47
18.17	23.36
18.25	23.21
18.33	23.05
18.42	22.91
18.50	22.75
18.58	22.59
18.67	22.44
18.75	22.30
18.83	22.17
18.92	22.07
19.00	21.98
19.08	21.91
19.17	21.87
19.25	21.88
19.33	21.90
19.42	21.93
19.50	22.03
19.58	22.12
19.67	22.23
19.75	22.34
19.83	22.44
19.92	22.46
20.00	22.44
20.08	22.40
20.17	22.34
20.25	22.27
20.33	22.17
20.42	22.01
20.50	21.80
20.58	21.58
20.67	21.34
20.75	21.10
20.83	20.88
20.92	20.67
21.00	20.45
21.08	20.20
21.17	19.91
21.25	19.56
21.33	19.21
21.42	18.83
21.50	18.41
21.58	17.95
21.67	17.47
21.75	16.94
21.83	16.38
21.92	15.81
22.00	15.22
22.08	14.62
22.17	14.06
22.25	13.52
22.33	12.95
22.42	12.41
22.50	11.88
22.58	11.37
22.67	10.88
22.75	10.42
22.83	10.00
22.92	9.60
23.00	9.22
23.08	8.86
23.17	8.50
23.25	8.15
23.33	7.80
23.42	7.48
23.50	7.17
23.58	6.90
23.67	6.68
23.75	6.51
23.83	6.38
23.92	6.32
0.00	5.16
0.08	5.14
0.17	5.12
0.25	5.09
0.33	5.04
0.42	4.97
0.50	4.88
0.58	4.77
0.67	4.70
0.75	4.65
0.83	4.57
0.92	4.47
1.00	4.38
1.08	4.30
1.17	4.23
1.25	4.16
1.33	4.10
1.42	4.06
1.50	4.05
1.58	4.06
1.67	4.08
1.75	4.12
1.83	4.17
1.92	4.25
2.00	4.35
2.08	4.45
2.17	4.55
2.25	4.65
2.33	4.75
2.42	4.85
2.50	4.92
2.58	4.96
2.67	4.97
2.75	4.96
2.83	4.95
2.92	4.95
3.00	4.93
3.08	4.90
3.17	4.87
3.25	4.82
3.33	4.77
3.42	4.72
3.50	4.66
3.58	4.60
3.67	4.55
3.75	4.51
3.83	4.44
3.92	4.36
4.00	4.28
4.08	4.20
4.17	4.12
4.25	4.07
4.33	4.03
4.42	4.01
4.50	3.98
4.58	3.96
4.67	3.91
4.75	3.85
4.83	3.79
4.92	3.72
5.00	3.67
5.08	3.64
5.17	3.58
5.25	3.50
5.33	3.40
5.42	3.30
5.50	3.20
5.58	3.13
5.67	3.06
5.75	3.00
5.83	2.96
5.92	2.91
6.00	2.84
6.08	2.77
6.17	2.71
6.25	2.64
6.33	2.58
6.42	2.52
6.50	2.47
6.58	2.41
6.67	2.36
6.75	2.32
6.83	2.29
6.92	2.27
7.00	2.25
7.08	2.23
7.17	2.22
7.25	2.21
7.33	2.20
7.42	2.20
7.50	2.20
7.58	2.19
7.67	2.19
7.75	2.17
7.83	2.15
7.92	2.12
8.00	2.09
8.08	2.06
8.17	2.03
8.25	2.00
8.33	1.97
8.42	1.94
8.50	1.92
8.58	1.90
8.67	1.92
8.75	1.97
8.83	2.03
8.92	2.11
9.00	2.24
9.08	2.41
9.17	2.61
9.25	2.85
9.33	3.12
9.42	3.41
9.50	3.74
9.58	4.08
9.67	4.43
9.75	4.78
9.83	5.14
9.92	5.49
10.00	5.82
10.08	6.12
10.17	6.40
10.25	6.66
10.33	6.90
10.42	7.12
10.50	7.30
10.58	7.46
10.67	7.61
10.75	7.76
10.83	7.91
10.92	8.06
11.00	8.22
11.08	8.38
11.17	8.56
11.25	8.75
11.33	8.96
11.42	9.19
11.50	9.44
11.58	9.69
11.67	9.95
11.75	10.23
11.83	10.51
11.92	10.80
12.00	11.09
12.08	11.39
12.17	11.69
12.25	11.98
12.33	12.26
12.42	12.55
12.50	12.84
12.58	13.13
12.67	13.40
12.75	13.66
12.83	13.89
12.92	14.14
13.00	14.41
13.08	14.68
13.17	14.95
13.25	15.24
13.33	15.54
13.42	15.85
13.50	16.18
13.58	16.51
13.67	16.85
13.75	17.20
13.83	17.54
13.92	17.86
14.00	18.15
14.08	18.44
14.17	18.72
14.25	18.96
14.33	19.16
14.42	19.39
14.50	19.60
14.58	19.80
14.67	19.98
14.75	20.14
14.83	20.30
14.92	20.44
15.00	20.57
15.08	20.74
15.17	20.91
15.25	21.10
15.33	21.27
15.42	21.36
15.50	21.42
15.58	21.50
15.67	21.57
15.75	21.64
15.83	21.72
15.92	21.79
16.00	21.85
16.08	21.87
16.17	21.88
16.25	21.89
16.33	21.91
16.42	21.97
16.50	22.01
16.58	22.04
16.67	22.07
16.75	22.11
16.83	22.12
16.92	22.11
17.00	22.09
17.08	22.07
17.17	22.05
17.25	22.03
17.33	22.03
17.42	22.04
17.50	22.02
17.58	21.99
17.67	21.97
17.75	21.97
17.83	22.00
17.92	22.04
18.00	22.09
18.08	22.14
18.17	22.12
18.25	22.09
18.33	22.05
18.42	22.04
18.50	22.07
18.58	22.11
18.67	22.15
18.75	22.19
18.83	22.22
18.92	22.28
19.00	22.35
19.08	22.46
19.17	22.62
19.25	22.78
19.33	22.94
19.42	23.17
19.50	23.40
19.58	23.63
19.67	23.85
19.75	24.03
19.83	24.10
19.92	24.13
20.00	24.13
20.08	24.10
20.17	24.04
20.25	23.95
20.33	23.77
20.42	23.51
20.50	23.21
20.58	22.85
20.67	22.43
20.75	21.99
20.83	21.53
20.92	21.02
21.00	20.47
21.08	19.87
21.17	19.23
21.25	18.59
21.33	17.92
21.42	17.21
21.50	16.47
21.58	15.70
21.67	14.95
21.75	14.19
21.83	13.42
21.92	12.67
22.00	11.93
22.08	11.20
22.17	10.50
22.25	9.79
22.33	9.10
22.42	8.46
22.50	7.85
22.58	7.28
22.67	6.77
22.75	6.32
22.83	5.91
22.92	5.54
23.00	5.20
23.08	4.89
23.17	4.58
23.25	4.31
23.33	4.07
23.42	3.85
23.50	3.68
23.58	3.54
23.67	3.41
23.75	3.30
23.83	3.22
23.92	3.17
0.00	2.57
0.08	2.56
0.17	2.54
0.25	2.51
0.33	2.49
0.42	2.45
0.50	2.41
0.58	2.38
0.67	2.36
0.75	2.32
0.83	2.26
0.92	2.20
1.00	2.15
1.08	2.11
1.17	2.07
1.25	2.03
1.33	1.99
1.42	1.96
1.50	1.94
1.58	1.94
1.67	1.95
1.75	1.97
1.83	2.02
1.92	2.06
2.00	2.11
2.08	2.15
2.17	2.19
2.25	2.24
2.33	2.29
2.42	2.33
2.50	2.34
2.58	2.35
2.67	2.35
2.75	2.35
2.83	2.35
2.92	2.35
3.00	2.34
3.08	2.33
3.17	2.32
3.25	2.31
3.33	2.29
3.42	2.28
3.50	2.26
3.58	2.24
3.67	2.23
3.75	2.22
3.83	2.22
3.92	2.22
4.00	2.21
4.08	2.21
4.17	2.23
4.25	2.26
4.33	2.28
4.42	2.31
4.50	2.34
4.58	2.36
4.67	2.37
4.75	2.36
4.83	2.36
4.92	2.36
5.00	2.36
5.08	2.37
5.17	2.36
5.25	2.34
5.33	2.32
5.42	2.31
5.50	2.30
5.58	2.29
5.67	2.29
5.75	2.30
5.83	2.30
5.92	2.30
6.00	2.29
6.08	2.28
6.17	2.26
6.25	2.25
6.33	2.23
6.42	2.21
6.50	2.19
6.58	2.16
6.67	2.14
6.75	2.12
6.83	2.11
6.92	2.09
7.00	2.08
7.08	2.06
7.17	2.05
7.25	2.04
7.33	2.03
7.42	2.03
7.50	2.02
7.58	2.02
7.67	2.01
7.75	1.98
7.83	1.96
7.92	1.95
8.00	1.93
8.08	1.92
8.17	1.91
8.25	1.89
8.33	1.88
8.42	1.87
8.50	1.86
8.58	1.88
8.67	1.93
8.75	1.98
8.83	2.05
8.92	2.16
9.00	2.29
9.08	2.46
9.17	2.66
9.25	2.89
9.33	3.16
9.42	3.45
9.50	3.77
9.58	4.09
9.67	4.43
9.75	4.78
9.83	5.14
9.92	5.49
10.00	5.82
10.08	6.15
10.17	6.47
10.25	6.77
10.33	7.05
10.42	7.30
10.50	7.54
10.58	7.76
10.67	7.98
10.75	8.20
10.83	8.42
10.92	8.63
11.00	8.84
11.08	9.07
11.17	9.29
11.25	9.55
11.33	9.81
11.42	10.08
11.50	10.35
11.58	10.63
11.67	10.91
11.75	11.19
11.83	11.48
11.92	11.75
12.00	12.03
12.08	12.30
12.17	12.56
12.25	12.80
12.33	13.04
12.42	13.28
12.50	13.52
12.58	13.75
12.67	13.96
12.75	14.16
12.83	14.37
12.92	14.60
13.00	14.83
13.08	15.07
13.17	15.31
13.25	15.58
13.33	15.86
13.42	16.13
13.50	16.41
13.58	16.69
13.67	16.99
13.75	17.30
13.83	17.59
13.92	17.87
14.00	18.13
14.08	18.38
14.17	18.61
14.25	18.82
14.33	19.03
14.42	19.25
14.50	19.47
14.58	19.67
14.67	19.86
14.75	20.05
14.83	20.22
14.92	20.38
15.00	20.57
15.08	20.75
15.17	20.93
15.25	21.10
15.33	21.20
15.42	21.27
15.50	21.33
15.58	21.38
15.67	21.42
15.75	21.44
15.83	21.45
15.92	21.44
16.00	21.40
16.08	21.36
16.17	21.32
16.25	21.29
16.33	21.29
16.42	21.31
16.50	21.33
16.58	21.34
16.67	21.37
16.75	21.40
16.83	21.44
16.92	21.50
17.00	21.56
17.08	21.61
17.17	21.66
17.25	21.75
17.33	21.85
17.42	21.92
17.50	21.98
17.58	22.04
17.67	22.09
17.75	22.15
17.83	22.18
17.92	22.20
18.00	22.20
18.08	22.18
18.17	22.12
18.25	22.01
18.33	21.90
18.42	21.80
18.50	21.69
18.58	21.58
18.67	21.45
18.75	21.32
18.83	21.20
18.92	21.10
19.00	21.02
19.08	20.98
19.17	20.97
19.25	20.98
19.33	21.05
19.42	21.16
19.50	21.28
19.58	21.44
19.67	21.59
19.75	21.69
19.83	21.77
19.92	21.84
20.00	21.88
20.08	21.89
20.17	21.87
20.25	21.79
20.33	21.64
20.42	21.44
20.50	21.19
20.58	20.87
20.67	20.50
20.75	20.12
20.83	19.70
20.92	19.24
21.00	18.75
21.08	18.22
21.17	17.67
21.25	17.08
21.33	16.48
21.42	15.85
21.50	15.21
21.58	14.59
21.67	14.00
21.75	13.41
21.83	12.84
21.92	12.30
22.00	11.78
22.08	11.29
22.17	10.83
22.25	10.39
22.33	9.99
22.42	9.61
22.50	9.26
22.58	8.94
22.67	8.68
22.75	8.44
22.83	8.21
22.92	8.00
23.00	7.77
23.08	7.53
23.17	7.30
23.25	7.07
23.33	6.85
23.42	6.64
23.50	6.45
23.58	6.28
23.67	6.09
23.75	5.94
23.83	5.83
23.92	5.76
0.00	4.64
0.08	4.62
0.17	4.59
0.25	4.54
0.33	4.48
0.42	4.41
0.50	4.33
0.58	4.25
0.67	4.16
0.75	4.02
0.83	3.88
0.92	3.75
1.00	3.61
1.08	3.49
1.17	3.36
1.25	3.25
1.33	3.16
1.42	3.12
1.50	3.10
1.58	3.10
1.67	3.10
1.75	3.14
1.83	3.19
1.92	3.25
2.00	3.33
2.08	3.40
2.17	3.48
2.25	3.56
2.33	3.63
2.42	3.66
2.50	3.67
2.58	3.68
2.67	3.69
2.75	3.71
2.83	3.71
2.92	3.70
3.00	3.68
3.08	3.67
3.17	3.66
3.25	3.64
3.33	3.62
3.42	3.60
3.50	3.57
3.58	3.54
3.67	3.53
3.75	3.51
3.83	3.50
3.92	3.48
4.00	3.46
4.08	3.48
4.17	3.50
4.25	3.54
4.33	3.58
4.42	3.62
4.50	3.64
4.58	3.64
4.67	3.63
4.75	3.61
4.83	3.60
4.92	3.59
5.00	3.56
5.08	3.50
5.17	3.41
5.25	3.32
5.33	3.23
5.42	3.14
5.50	3.08
5.58	3.03
5.67	2.98
5.75	2.94
5.83	2.89
5.92	2.85
6.00	2.82
6.08	2.79
6.17	2.76
6.25	2.73
6.33	2.71
6.42	2.69
6.50	2.66
6.58	2.63
6.67	2.61
6.75	2.58
6.83	2.56
6.92	2.53
7.00	2.50
7.08	2.48
7.17	2.45
7.25	2.42
7.33	2.39
7.42	2.36
7.50	2.31
7.58	2.28
7.67	2.23
7.75	2.17
7.83	2.12
7.92	2.07
8.00	2.01
8.08	1.97
8.17	1.92
8.25	1.87
8.33	1.83
8.42	1.78
8.50	1.76
8.58	1.76
8.67	1.77
8.75	1.79
8.83	1.83
8.92	1.91
9.00	2.01
9.08	2.14
9.17	2.31
9.25	2.50
9.33	2.72
9.42	2.97
9.50	3.21
9.58	3.47
9.67	3.73
9.75	3.99
9.83	4.24
9.92	4.49
10.00	4.72
10.08	4.93
10.17	5.14
10.25	5.34
10.33	5.51
10.42	5.67
10.50	5.82
10.58	5.95
10.67	6.08
10.75	6.21
10.83	6.34
10.92	6.47
11.00	6.59
11.08	6.72
11.17	6.84
11.25	6.97
11.33	7.10
11.42	7.24
11.50	7.38
11.58	7.52
11.67	7.67
11.75	7.83
11.83	8.00
11.92	8.17
12.00	8.35
12.08	8.54
12.17	8.71
12.25	8.90
12.33	9.09
12.42	9.28
12.50	9.48
12.58	9.68
12.67	9.87
12.75	10.07
12.83	10.29
12.92	10.50
13.00	10.71
13.08	10.92
13.17	11.14
13.25	11.39
13.33	11.67
13.42	11.94
13.50	12.21
13.58	12.48
13.67	12.77
13.75	13.07
13.83	13.35
13.92	13.63
14.00	13.91
14.08	14.20
14.17	14.45
14.25	14.68
14.33	14.92
14.42	15.17
14.50	15.42
14.58	15.67
14.67	15.90
14.75	16.14
14.83	16.37
14.92	16.64
15.00	16.92
15.08	17.21
15.17	17.51
15.25	17.75
15.33	17.94
15.42	18.13
15.50	18.31
15.58	18.49
15.67	18.67
15.75	18.82
15.83	18.94
15.92	19.01
16.00	19.06
16.08	19.11
16.17	19.15
16.25	19.23
16.33	19.33
16.42	19.41
16.50	19.49
16.58	19.55
16.67	19.56
16.75	19.58
16.83	19.60
16.92	19.63
17.00	19.66
17.08	19.70
17.17	19.76
17.25	19.82
17.33	19.86
17.42	19.89
17.50	19.93
17.58	19.98
17.67	20.06
17.75	20.13
17.83	20.21
17.92	20.26
18.00	20.28
18.08	20.24
18.17	20.17
18.25	20.10
18.33	20.05
18.42	20.01
18.50	19.94
18.58	19.83
18.67	19.69
18.75	19.54
18.83	19.37
18.92	19.19
19.00	19.03
19.08	18.88
19.17	18.71
19.25	18.56
19.33	18.39
19.42	18.23
19.50	18.08
19.58	17.96
19.67	17.85
19.75	17.73
19.83	17.63
19.92	17.54
20.00	17.47
20.08	17.41
20.17	17.33
20.25	17.20
20.33	17.04
20.42	16.85
20.50	16.64
20.58	16.39
20.67	16.10
20.75	15.79
20.83	15.43
20.92	15.03
21.00	14.62
21.08	14.18
21.17	13.78
21.25	13.38
21.33	12.97
21.42	12.51
21.50	12.05
21.58	11.58
21.67	11.08
21.75	10.57
21.83	10.06
21.92	9.55
22.00	9.05
22.08	8.53
22.17	7.99
22.25	7.46
22.33	6.97
22.42	6.50
22.50	6.06
22.58	5.69
22.67	5.36
22.75	5.07
22.83	4.81
22.92	4.57
23.00	4.33
23.08	4.10
23.17	3.90
23.25	3.72
23.33	3.57
23.42	3.44
23.50	3.33
23.58	3.21
23.67	3.12
23.75	3.04
23.83	2.98
23.92	2.95
0.00	2.74
0.08	2.73
0.17	2.72
0.25	2.69
0.33	2.65
0.42	2.63
0.50	2.61
0.58	2.58
0.67	2.52
0.75	2.45
0.83	2.39
0.92	2.34
1.00	2.29
1.08	2.24
1.17	2.20
1.25	2.15
1.33	2.13
1.42	2.11
1.50	2.10
1.58	2.09
1.67	2.12
1.75	2.15
1.83	2.18
1.92	2.20
2.00	2.24
2.08	2.27
2.17	2.31
2.25	2.34
2.33	2.35
2.42	2.36
2.50	2.36
2.58	2.35
2.67	2.35
2.75	2.34
2.83	2.33
2.92	2.32
3.00	2.30
3.08	2.29
3.17	2.27
3.25	2.25
3.33	2.22
3.42	2.20
3.50	2.19
3.58	2.17
3.67	2.16
3.75	2.15
3.83	2.14
3.92	2.13
4.00	2.13
4.08	2.15
4.17	2.16
4.25	2.18
4.33	2.19
4.42	2.19
4.50	2.20
4.58	2.19
4.67	2.17
4.75	2.16
4.83	2.16
4.92	2.16
5.00	2.15
5.08	2.13
5.17	2.11
5.25	2.10
5.33	2.09
5.42	2.08
5.50	2.08
5.58	2.09
5.67	2.10
5.75	2.11
5.83	2.10
5.92	2.10
6.00	2.09
6.08	2.08
6.17	2.07
6.25	2.06
6.33	2.05
6.42	2.05
6.50	2.04
6.58	2.04
6.67	2.04
6.75	2.05
6.83	2.05
6.92	2.05
7.00	2.05
7.08	2.05
7.17	2.05
7.25	2.05
7.33	2.05
7.42	2.04
7.50	2.04
7.58	2.02
7.67	2.00
7.75	1.98
7.83	1.96
7.92	1.94
8.00	1.92
8.08	1.90
8.17	1.89
8.25	1.88
8.33	1.87
8.42	1.88
8.50	1.92
8.58	1.96
8.67	2.02
8.75	2.09
8.83	2.20
8.92	2.33
9.00	2.49
9.08	2.68
9.17	2.91
9.25	3.17
9.33	3.45
9.42	3.73
9.50	4.04
9.58	4.35
9.67	4.68
9.75	4.99
9.83	5.30
9.92	5.59
10.00	5.85
10.08	6.11
10.17	6.33
10.25	6.52
10.33	6.68
10.42	6.82
10.50	6.95
10.58	7.06
10.67	7.16
10.75	7.25
10.83	7.34
10.92	7.42
11.00	7.50
11.08	7.58
11.17	7.67
11.25	7.77
11.33	7.86
11.42	7.95
11.50	8.05
11.58	8.14
11.67	8.23
11.75	8.31
11.83	8.40
11.92	8.49
12.00	8.59
12.08	8.66
12.17	8.74
12.25	8.85
12.33	8.96
12.42	9.08
12.50	9.20
12.58	9.33
12.67	9.47
12.75	9.64
12.83	9.82
12.92	10.01
13.00	10.22
13.08	10.46
13.17	10.71
13.25	10.98
13.33	11.25
13.42	11.54
13.50	11.84
13.58	12.15
13.67	12.46
13.75	12.77
13.83	13.08
13.92	13.39
14.00	13.68
14.08	13.95
14.17	14.21
14.25	14.49
14.33	14.76
14.42	15.02
14.50	15.27
14.58	15.52
14.67	15.75
14.75	15.97
14.83	16.20
14.92	16.44
15.00	16.68
15.08	16.93
15.17	17.13
15.25	17.28
15.33	17.41
15.42	17.52
15.50	17.63
15.58	17.70
15.67	17.76
15.75	17.79
15.83	17.78
15.92	17.73
16.00	17.66
16.08	17.60
16.17	17.57
16.25	17.55
16.33	17.54
16.42	17.52
16.50	17.52
16.58	17.52
16.67	17.53
16.75	17.54
16.83	17.57
16.92	17.63
17.00	17.70
17.08	17.80
17.17	17.91
17.25	18.01
17.33	18.11
17.42	18.22
17.50	18.36
17.58	18.54
17.67	18.76
17.75	18.99
17.83	19.24
17.92	19.48
18.00	19.67
18.08	19.85
18.17	20.04
18.25	20.28
18.33	20.55
18.42	20.81
18.50	21.04
18.58	21.24
18.67	21.41
18.75	21.55
18.83	21.68
18.92	21.82
19.00	21.96
19.08	22.05
19.17	22.14
19.25	22.22
19.33	22.27
19.42	22.29
19.50	22.30
19.58	22.27
19.67	22.22
19.75	22.16
19.83	22.09
19.92	21.99
20.00	21.89
20.08	21.78
20.17	21.62
20.25	21.43
20.33	21.23
20.42	21.02
20.50	20.80
20.58	20.61
20.67	20.42
20.75	20.24
20.83	20.08
20.92	19.91
21.00	19.74
21.08	19.59
21.17	19.43
21.25	19.30
21.33	19.18
21.42	19.07
21.50	18.95
21.58	18.81
21.67	18.65
21.75	18.44
21.83	18.19
21.92	17.93
22.00	17.66
22.08	17.33
22.17	16.94
22.25	16.49
22.33	15.99
22.42	15.43
22.50	14.82
22.58	14.19
22.67	13.55
22.75	12.91
22.83	12.28
22.92	11.62
23.00	10.96
23.08	10.33
23.17	9.74
23.25	9.19
23.33	8.69
23.42	8.23
23.50	7.82
23.58	7.47
23.67	7.20
23.75	6.99
23.83	6.84
23.92	6.76
0.00	4.69
0.08	4.67
0.17	4.61
0.25	4.53
0.33	4.43
0.42	4.32
0.50	4.18
0.58	4.03
0.67	3.88
0.75	3.74
0.83	3.62
0.92	3.52
1.00	3.42
1.08	3.33
1.17	3.25
1.25	3.19
1.33	3.13
1.42	3.09
1.50	3.06
1.58	3.06
1.67	3.07
1.75	3.08
1.83	3.08
1.92	3.09
2.00	3.10
2.08	3.12
2.17	3.13
2.25	3.13
2.33	3.11
2.42	3.08
2.50	3.04
2.58	3.01
2.67	2.97
2.75	2.93
2.83	2.89
2.92	2.84
3.00	2.80
3.08	2.74
3.17	2.69
3.25	2.64
3.33	2.59
3.42	2.55
3.50	2.53
3.58	2.50
3.67	2.47
3.75	2.44
3.83	2.42
3.92	2.41
4.00	2.41
4.08	2.43
4.17	2.44
4.25	2.45
4.33	2.45
4.42	2.45
4.50	2.44
4.58	2.42
4.67	2.40
4.75	2.39
4.83	2.39
4.92	2.36
5.00	2.33
5.08	2.30
5.17	2.27
5.25	2.24
5.33	2.22
5.42	2.20
5.50	2.19
5.58	2.18
5.67	2.18
5.75	2.16
5.83	2.14
5.92	2.13
6.00	2.11
6.08	2.10
6.17	2.09
6.25	2.08
6.33	2.07
6.42	2.06
6.50	2.06
6.58	2.06
6.67	2.07
6.75	2.08
6.83	2.09
6.92	2.09
7.00	2.10
7.08	2.11
7.17	2.11
7.25	2.12
7.33	2.13
7.42	2.13
7.50	2.13
7.58	2.11
7.67	2.10
7.75	2.09
7.83	2.08
7.92	2.07
8.00	2.06
8.08	2.05
8.17	2.03
8.25	2.02
8.33	2.03
8.42	2.05
8.50	2.09
8.58	2.13
8.67	2.18
8.75	2.26
8.83	2.36
8.92	2.48
9.00	2.63
9.08	2.81
9.17	3.02
9.25	3.26
9.33	3.50
9.42	3.76
9.50	4.02
9.58	4.30
9.67	4.58
9.75	4.85
9.83	5.11
9.92	5.35
10.00	5.58
10.08	5.79
10.17	5.96
10.25	6.09
10.33	6.20
10.42	6.31
10.50	6.40
10.58	6.49
10.67	6.58
10.75	6.66
10.83	6.74
10.92	6.82
11.00	6.90
11.08	6.99
11.17	7.09
11.25	7.18
11.33	7.28
11.42	7.38
11.50	7.48
11.58	7.58
11.67	7.69
11.75	7.80
11.83	7.92
11.92	8.04
12.00	8.15
12.08	8.26
12.17	8.41
12.25	8.57
12.33	8.74
12.42	8.92
12.50	9.10
12.58	9.30
12.67	9.52
12.75	9.77
12.83	10.05
12.92	10.36
13.00	10.69
13.08	11.04
13.17	11.39
13.25	11.76
13.33	12.13
13.42	12.51
13.50	12.91
13.58	13.30
13.67	13.66
13.75	14.01
13.83	14.34
13.92	14.65
14.00	14.92
14.08	15.17
14.17	15.44
14.25	15.71
14.33	15.97
14.42	16.22
14.50	16.46
14.58	16.71
14.67	16.94
14.75	17.19
14.83	17.44
14.92	17.71
15.00	17.99
15.08	18.23
15.17	18.42
15.25	18.58
15.33	18.74
15.42	18.89
15.50	19.03
15.58	19.18
15.67	19.32
15.75	19.43
15.83	19.54
15.92	19.64
16.00	19.74
16.08	19.88
16.17	20.04
16.25	20.19
16.33	20.33
16.42	20.47
16.50	20.59
16.58	20.70
16.67	20.82
16.75	20.96
16.83	21.09
16.92	21.23
17.00	21.39
17.08	21.58
17.17	21.76
17.25	21.88
17.33	22.01
17.42	22.14
17.50	22.27
17.58	22.40
17.67	22.51
17.75	22.61
17.83	22.67
17.92	22.66
18.00	22.60
18.08	22.51
18.17	22.45
18.25	22.41
18.33	22.36
18.42	22.30
18.50	22.22
18.58	22.14
18.67	22.04
18.75	21.93
18.83	21.85
18.92	21.76
19.00	21.64
19.08	21.53
19.17	21.41
19.25	21.27
19.33	21.10
19.42	20.90
19.50	20.68
19.58	20.43
19.67	20.16
19.75	19.88
19.83	19.56
19.92	19.23
20.00	18.89
20.08	18.48
20.17	18.04
20.25	17.60
20.33	17.15
20.42	16.66
20.50	16.15
20.58	15.61
20.67	15.06
20.75	14.52
20.83	13.96
20.92	13.41
21.00	12.89
21.08	12.39
21.17	11.90
21.25	11.41
21.33	10.94
21.42	10.51
21.50	10.10
21.58	9.71
21.67	9.33
21.75	8.97
21.83	8.64
21.92	8.34
22.00	8.02
22.08	7.72
22.17	7.42
22.25	7.13
22.33	6.85
22.42	6.59
22.50	6.36
22.58	6.15
22.67	5.94
22.75	5.76
22.83	5.56
22.92	5.37
23.00	5.19
23.08	5.02
23.17	4.87
23.25	4.75
23.33	4.64
23.42	4.53
23.50	4.42
23.58	4.32
23.67	4.24
23.75	4.19
23.83	4.16
23.92	4.14
0.00	3.13
0.08	3.12
0.17	3.10
0.25	3.08
0.33	3.05
0.42	3.02
0.50	2.97
0.58	2.91
0.67	2.86
0.75	2.81
0.83	2.77
0.92	2.74
1.00	2.71
1.08	2.69
1.17	2.69
1.25	2.69
1.33	2.71
1.42	2.73
1.50	2.77
1.58	2.82
1.67	2.86
1.75	2.91
1.83	2.96
1.92	3.00
2.00	3.04
2.08	3.09
2.17	3.11
2.25	3.12
2.33	3.11
2.42	3.10
2.50	3.08
2.58	3.07
2.67	3.05
2.75	3.03
2.83	3.00
2.92	2.97
3.00	2.93
3.08	2.89
3.17	2.85
3.25	2.80
3.33	2.77
3.42	2.73
3.50	2.70
3.58	2.67
3.67	2.63
3.75	2.60
3.83	2.58
3.92	2.57
4.00	2.56
4.08	2.55
4.17	2.54
4.25	2.53
4.33	2.52
4.42	2.50
4.50	2.48
4.58	2.45
4.67	2.43
4.75	2.42
4.83	2.40
4.92	2.38
5.00	2.36
5.08	2.34
5.17	2.33
5.25	2.31
5.33	2.30
5.42	2.28
5.50	2.28
5.58	2.27
5.67	2.25
5.75	2.23
5.83	2.21
5.92	2.19
6.00	2.17
6.08	2.14
6.17	2.12
6.25	2.10
6.33	2.09
6.42	2.07
6.50	2.06
6.58	2.05
6.67	2.04
6.75	2.03
6.83	2.02
6.92	2.02
7.00	2.01
7.08	2.01
7.17	2.00
7.25	2.00
7.33	1.99
7.42	1.98
7.50	1.95
7.58	1.93
7.67	1.91
7.75	1.89
7.83	1.87
7.92	1.85
8.00	1.83
8.08	1.80
8.17	1.78
8.25	1.76
8.33	1.77
8.42	1.79
8.50	1.82
8.58	1.85
8.67	1.91
8.75	1.97
8.83	2.06
8.92	2.18
9.00	2.32
9.08	2.49
9.17	2.70
9.25	2.92
9.33	3.14
9.42	3.39
9.50	3.66
9.58	3.94
9.67	4.21
9.75	4.48
9.83	4.75
9.92	5.00
10.00	5.24
10.08	5.45
10.17	5.62
10.25	5.77
10.33	5.91
10.42	6.04
10.50	6.15
10.58	6.26
10.67	6.36
10.75	6.46
10.83	6.56
10.92	6.67
11.00	6.78
11.08	6.89
11.17	7.01
11.25	7.12
11.33	7.25
11.42	7.38
11.50	7.51
11.58	7.64
11.67	7.78
11.75	7.94
11.83	8.12
11.92	8.29
12.00	8.47
12.08	8.68
12.17	8.92
12.25	9.16
12.33	9.42
12.42	9.67
12.50	9.93
12.58	10.19
12.67	10.48
12.75	10.78
12.83	11.11
12.92	11.46
13.00	11.82
13.08	12.18
13.17	12.55
13.25	12.91
13.33	13.27
13.42	13.65
13.50	14.05
13.58	14.44
13.67	14.82
13.75	15.18
13.83	15.52
13.92	15.83
14.00	16.10
14.08	16.39
14.17	16.67
14.25	16.96
14.33	17.25
14.42	17.53
14.50	17.79
14.58	18.04
14.67	18.28
14.75	18.53
14.83	18.76
14.92	19.02
15.00	19.25
15.08	19.43
15.17	19.58
15.25	19.73
15.33	19.87
15.42	20.01
15.50	20.13
15.58	20.25
15.67	20.36
15.75	20.46
15.83	20.57
15.92	20.70
16.00	20.85
16.08	21.03
16.17	21.20
16.25	21.36
16.33	21.51
16.42	21.66
16.50	21.80
16.58	21.93
16.67	22.05
16.75	22.16
16.83	22.26
16.92	22.36
17.00	22.49
17.08	22.63
17.17	22.75
17.25	22.88
17.33	23.02
17.42	23.18
17.50	23.36
17.58	23.55
17.67	23.75
17.75	23.95
17.83	24.12
17.92	24.27
18.00	24.39
18.08	24.50
18.17	24.60
18.25	24.65
18.33	24.66
18.42	24.64
18.50	24.58
18.58	24.50
18.67	24.39
18.75	24.26
18.83	24.13
18.92	23.99
19.00	23.86
19.08	23.77
19.17	23.72
19.25	23.70
19.33	23.69
19.42	23.69
19.50	23.66
19.58	23.65
19.67	23.64
19.75	23.64
19.83	23.64
19.92	23.63
20.00	23.57
20.08	23.46
20.17	23.32
20.25	23.16
20.33	22.96
20.42	22.74
20.50	22.52
20.58	22.27
20.67	21.99
20.75	21.68
20.83	21.34
20.92	20.98
21.00	20.60
21.08	20.20
21.17	19.75
21.25	19.26
21.33	18.75
21.42	18.21
21.50	17.61
21.58	16.97
21.67	16.29
21.75	15.58
21.83	14.88
21.92	14.14
22.00	13.40
22.08	12.67
22.17	11.95
22.25	11.26
22.33	10.61
22.42	10.01
22.50	9.46
22.58	8.96
22.67	8.50
22.75	8.08
22.83	7.69
22.92	7.32
23.00	7.00
23.08	6.72
23.17	6.48
23.25	6.27
23.33	6.06
23.42	5.87
23.50	5.71
23.58	5.58
23.67	5.47
23.75	5.39
23.83	5.36
23.92	5.34
0.00	4.49
0.08	4.45
0.17	4.38
0.25	4.31
0.33	4.22
0.42	4.10
0.50	3.97
0.58	3.83
0.67	3.71
0.75	3.59
0.83	3.48
0.92	3.38
1.00	3.30
1.08	3.25
1.17	3.23
1.25	3.21
1.33	3.21
1.42	3.22
1.50	3.24
1.58	3.28
1.67	3.33
1.75	3.39
1.83	3.46
1.92	3.53
2.00	3.61
2.08	3.68
2.17	3.74
2.25	3.78
2.33	3.82
2.42	3.85
2.50	3.89
2.58	3.92
2.67	3.94
2.75	3.95
2.83	3.95
2.92	3.94
3.00	3.92
3.08	3.90
3.17	3.87
3.25	3.83
3.33	3.80
3.42	3.76
3.50	3.70
3.58	3.65
3.67	3.59
3.75	3.53
3.83	3.50
3.92	3.47
4.00	3.44
4.08	3.41
4.17	3.38
4.25	3.35
4.33	3.31
4.42	3.27
4.50	3.22
4.58	3.18
4.67	3.16
4.75	3.12
4.83	3.06
4.92	3.01
5.00	2.97
5.08	2.92
5.17	2.88
5.25	2.85
5.33	2.82
5.42	2.81
5.50	2.80
5.58	2.77
5.67	2.75
5.75	2.73
5.83	2.70
5.92	2.68
6.00	2.65
6.08	2.63
6.17	2.61
6.25	2.59
6.33	2.57
6.42	2.57
6.50	2.56
6.58	2.56
6.67	2.56
6.75	2.55
6.83	2.55
6.92	2.55
7.00	2.55
7.08	2.55
7.17	2.53
7.25	2.52
7.33	2.50
7.42	2.47
7.50	2.44
7.58	2.41
7.67	2.38
7.75	2.34
7.83	2.31
7.92	2.28
8.00	2.25
8.08	2.21
8.17	2.18
8.25	2.16
8.33	2.16
8.42	2.16
8.50	2.17
8.58	2.19
8.67	2.23
8.75	2.29
8.83	2.36
8.92	2.46
9.00	2.59
9.08	2.76
9.17	2.94
9.25	3.14
9.33	3.36
9.42	3.62
9.50	3.90
9.58	4.18
9.67	4.47
9.75	4.77
9.83	5.07
9.92	5.36
10.00	5.63
10.08	5.87
10.17	6.09
10.25	6.30
10.33	6.50
10.42	6.69
10.50	6.87
10.58	7.05
10.67	7.21
10.75	7.38
10.83	7.54
10.92	7.72
11.00	7.91
11.08	8.10
11.17	8.29
11.25	8.49
11.33	8.69
11.42	8.88
11.50	9.07
11.58	9.26
11.67	9.47
11.75	9.68
11.83	9.89
11.92	10.08
12.00	10.29
12.08	10.50
12.17	10.69
12.25	10.88
12.33	11.05
12.42	11.21
12.50	11.37
12.58	11.56
12.67	11.74
12.75	11.91
12.83	12.10
12.92	12.28
13.00	12.48
13.08	12.69
13.17	12.92
13.25	13.16
13.33	13.41
13.42	13.68
13.50	13.92
13.58	14.14
13.67	14.36
13.75	14.58
13.83	14.80
13.92	14.99
14.00	15.20
14.08	15.42
14.17	15.63
14.25	15.86
14.33	16.09
14.42	16.35
14.50	16.61
14.58	16.89
14.67	17.21
14.75	17.52
14.83	17.85
14.92	18.19
15.00	18.45
15.08	18.67
15.17	18.89
15.25	19.09
15.33	19.28
15.42	19.46
15.50	19.64
15.58	19.80
15.67	19.93
15.75	20.09
15.83	20.25
15.92	20.43
16.00	20.66
16.08	20.88
16.17	21.08
16.25	21.29
16.33	21.48
16.42	21.64
16.50	21.76
16.58	21.85
16.67	21.91
16.75	21.93
16.83	21.92
16.92	21.92
17.00	21.91
17.08	21.93
17.17	21.97
17.25	22.01
17.33	22.06
17.42	22.12
17.50	22.18
17.58	22.24
17.67	22.30
17.75	22.34
17.83	22.37
17.92	22.39
18.00	22.38
18.08	22.31
18.17	22.20
18.25	22.08
18.33	21.95
18.42	21.81
18.50	21.68
18.58	21.54
18.67	21.41
18.75	21.28
18.83	21.18
18.92	21.10
19.00	21.03
19.08	20.98
19.17	20.92
19.25	20.87
19.33	20.83
19.42	20.80
19.50	20.78
19.58	20.78
19.67	20.80
19.75	20.82
19.83	20.80
19.92	20.77
20.00	20.70
20.08	20.64
20.17	20.58
20.25	20.53
20.33	20.47
20.42	20.39
20.50	20.29
20.58	20.17
20.67	20.01
20.75	19.81
20.83	19.64
20.92	19.51
21.00	19.38
21.08	19.22
21.17	19.03
21.25	18.80
21.33	18.51
21.42	18.15
21.50	17.71
21.58	17.20
21.67	16.65
21.75	16.05
21.83	15.36
21.92	14.58
22.00	13.76
22.08	12.91
22.17	12.05
22.25	11.22
22.33	10.48
22.42	9.80
22.50	9.18
22.58	8.63
22.67	8.14
22.75	7.70
22.83	7.34
22.92	7.04
23.00	6.80
23.08	6.65
23.17	6.53
23.25	6.41
23.33	6.27
23.42	6.18
23.50	6.11
23.58	6.06
23.67	6.02
23.75	5.99
23.83	5.99
23.92	6.02
0.00	5.03
0.08	4.97
0.17	4.91
0.25	4.82
0.33	4.71
0.42	4.54
0.50	4.33
0.58	4.14
0.67	3.96
0.75	3.79
0.83	3.63
0.92	3.49
1.00	3.39
1.08	3.34
1.17	3.31
1.25	3.29
1.33	3.30
1.42	3.36
1.50	3.43
1.58	3.52
1.67	3.62
1.75	3.73
1.83	3.85
1.92	3.97
2.00	4.08
2.08	4.16
2.17	4.23
2.25	4.28
2.33	4.35
2.42	4.43
2.50	4.50
2.58	4.55
2.67	4.59
2.75	4.62
2.83	4.65
2.92	4.66
3.00	4.66
3.08	4.64
3.17	4.61
3.25	4.57
3.33	4.50
3.42	4.41
3.50	4.31
3.58	4.19
3.67	4.07
3.75	3.96
3.83	3.85
3.92	3.73
4.00	3.61
4.08	3.49
4.17	3.38
4.25	3.27
4.33	3.16
4.42	3.04
4.50	2.93
4.58	2.86
4.67	2.78
4.75	2.69
4.83	2.61
4.92	2.55
5.00	2.49
5.08	2.45
5.17	2.41
5.25	2.37
5.33	2.36
5.42	2.36
5.50	2.35
5.58	2.32
5.67	2.30
5.75	2.28
5.83	2.26
5.92	2.25
6.00	2.23
6.08	2.22
6.17	2.20
6.25	2.19
6.33	2.19
6.42	2.19
6.50	2.19
6.58	2.19
6.67	2.19
6.75	2.20
6.83	2.20
6.92	2.20
7.00	2.20
7.08	2.20
7.17	2.20
7.25	2.19
7.33	2.17
7.42	2.14
7.50	2.12
7.58	2.10
7.67	2.07
7.75	2.05
7.83	2.03
7.92	2.01
8.00	1.99
8.08	1.97
8.17	1.97
8.25	1.98
8.33	2.00
8.42	2.03
8.50	2.06
8.58	2.11
8.67	2.18
8.75	2.25
8.83	2.35
8.92	2.48
9.00	2.64
9.08	2.82
9.17	3.01
9.25	3.22
9.33	3.47
9.42	3.74
9.50	4.01
9.58	4.30
9.67	4.60
9.75	4.90
9.83	5.19
9.92	5.47
10.00	5.72
10.08	5.95
10.17	6.16
10.25	6.35
10.33	6.53
10.42	6.69
10.50	6.84
10.58	6.98
10.67	7.11
10.75	7.24
10.83	7.39
10.92	7.55
11.00	7.71
11.08	7.88
11.17	8.07
11.25	8.27
11.33	8.48
11.42	8.71
11.50	8.95
11.58	9.20
11.67	9.45
11.75	9.70
11.83	9.94
11.92	10.19
12.00	10.47
12.08	10.75
12.17	11.04
12.25	11.33
12.33	11.60
12.42	11.88
12.50	12.20
12.58	12.54
12.67	12.89
12.75	13.26
12.83	13.65
12.92	14.03
13.00	14.40
13.08	14.77
13.17	15.13
13.25	15.50
13.33	15.88
13.42	16.25
13.50	16.59
13.58	16.93
13.67	17.27
13.75	17.60
13.83	17.89
13.92	18.20
14.00	18.52
14.08	18.83
14.17	19.15
14.25	19.46
14.33	19.78
14.42	20.09
14.50	20.38
14.58	20.68
14.67	20.97
14.75	21.28
14.83	21.60
14.92	21.86
15.00	22.08
15.08	22.29
15.17	22.48
15.25	22.66
15.33	22.83
15.42	22.97
15.50	23.09
15.58	23.17
15.67	23.19
15.75	23.19
15.83	23.17
15.92	23.18
16.00	23.15
16.08	23.11
16.17	23.05
16.25	22.96
16.33	22.85
16.42	22.71
16.50	22.58
16.58	22.45
16.67	22.35
16.75	22.25
16.83	22.16
16.92	22.09
17.00	22.05
17.08	22.03
17.17	22.03
17.25	22.05
17.33	22.12
17.42	22.20
17.50	22.30
17.58	22.42
17.67	22.53
17.75	22.65
17.83	22.78
17.92	22.92
18.00	23.07
18.08	23.21
18.17	23.36
18.25	23.50
18.33	23.64
18.42	23.77
18.50	23.89
18.58	23.99
18.67	24.08
18.75	24.13
18.83	24.15
18.92	24.18
19.00	24.20
19.08	24.22
19.17	24.24
19.25	24.25
19.33	24.20
19.42	24.13
19.50	24.06
19.58	23.98
19.67	23.90
19.75	23.81
19.83	23.71
19.92	23.58
20.00	23.45
20.08	23.31
20.17	23.14
20.25	22.94
20.33	22.77
20.42	22.57
20.50	22.35
20.58	22.12
20.67	21.89
20.75	21.62
20.83	21.33
20.92	20.98
21.00	20.58
21.08	20.15
21.17	19.69
21.25	19.22
21.33	18.73
21.42	18.20
21.50	17.65
21.58	17.07
21.67	16.50
21.75	15.94
21.83	15.39
21.92	14.84
22.00	14.30
22.08	13.76
22.17	13.24
22.25	12.76
22.33	12.30
22.42	11.87
22.50	11.47
22.58	11.09
22.67	10.72
22.75	10.37
22.83	10.03
22.92	9.71
23.00	9.44
23.08	9.20
23.17	8.97
23.25	8.74
23.33	8.54
23.42	8.34
23.50	8.16
23.58	7.99
23.67	7.87
23.75	7.79
23.83	7.74
23.92	7.73
0.00	4.82
0.08	4.78
0.17	4.67
0.25	4.53
0.33	4.32
0.42	4.06
0.50	3.77
0.58	3.49
0.67	3.22
0.75	2.97
0.83	2.75
0.92	2.56
1.00	2.43
1.08	2.33
1.17	2.24
1.25	2.18
1.33	2.15
1.42	2.14
1.50	2.15
1.58	2.18
1.67	2.21
1.75	2.25
1.83	2.30
1.92	2.35
2.00	2.36
2.08	2.36
2.17	2.37
2.25	2.38
2.33	2.40
2.42	2.41
2.50	2.41
2.58	2.41
2.67	2.40
2.75	2.39
2.83	2.38
2.92	2.37
3.00	2.35
3.08	2.34
3.17	2.31
3.25	2.31
3.33	2.30
3.42	2.30
3.50	2.29
3.58	2.29
3.67	2.30
3.75	2.33
3.83	2.38
3.92	2.42
4.00	2.46
4.08	2.49
4.17	2.52
4.25	2.53
4.33	2.53
4.42	2.53
4.50	2.56
4.58	2.59
4.67	2.59
4.75	2.59
4.83	2.58
4.92	2.57
5.00	2.56
5.08	2.57
5.17	2.58
5.25	2.60
5.33	2.62
5.42	2.63
5.50	2.62
5.58	2.60
5.67	2.59
5.75	2.57
5.83	2.56
5.92	2.55
6.00	2.54
6.08	2.55
6.17	2.55
6.25	2.55
6.33	2.57
6.42	2.58
6.50	2.59
6.58	2.61
6.67	2.63
6.75	2.64
6.83	2.65
6.92	2.67
7.00	2.67
7.08	2.65
7.17	2.64
7.25	2.61
7.33	2.58
7.42	2.54
7.50	2.50
7.58	2.46
7.67	2.41
7.75	2.35
7.83	2.28
7.92	2.20
8.00	2.12
8.08	2.06
8.17	2.02
8.25	1.98
8.33	1.94
8.42	1.92
8.50	1.90
8.58	1.90
8.67	1.91
8.75	1.94
8.83	1.99
8.92	2.08
9.00	2.19
9.08	2.31
9.17	2.46
9.25	2.63
9.33	2.83
9.42	3.05
9.50	3.28
9.58	3.52
9.67	3.77
9.75	4.03
9.83	4.29
9.92	4.53
10.00	4.75
10.08	4.96
10.17	5.15
10.25	5.32
10.33	5.49
10.42	5.64
10.50	5.79
10.58	5.93
10.67	6.05
10.75	6.18
10.83	6.30
10.92	6.43
11.00	6.56
11.08	6.69
11.17	6.81
11.25	6.93
11.33	7.05
11.42	7.17
11.50	7.25
11.58	NaN
11.67	NaN
11.75	NaN
11.83	NaN
11.92	NaN
12.00	NaN
12.08	NaN
12.17	NaN
12.25	NaN
12.33	NaN
12.42	NaN
12.50	NaN
12.58	NaN
12.67	9.37
12.75	9.54
12.83	9.83
12.92	10.14
13.00	10.46
13.08	10.79
13.17	11.12
13.25	11.46
13.33	11.79
13.42	12.10
13.50	12.40
13.58	12.68
13.67	12.94
13.75	13.15
13.83	13.37
13.92	13.60
14.00	13.83
14.08	14.04
14.17	14.25
14.25	14.46
14.33	14.68
14.42	14.90
14.50	15.17
14.58	15.48
14.67	15.83
14.75	16.19
14.83	16.50
14.92	16.77
15.00	17.04
15.08	17.30
15.17	17.58
15.25	17.86
15.33	18.13
15.42	18.37
15.50	18.53
15.58	18.64
15.67	18.75
15.75	18.85
15.83	18.99
15.92	19.15
16.00	19.31
16.08	19.46
16.17	19.59
16.25	19.69
16.33	19.79
16.42	19.91
16.50	20.06
16.58	20.20
16.67	20.34
16.75	20.48
16.83	20.63
16.92	20.71
17.00	20.74
17.08	20.76
17.17	20.79
17.25	20.86
17.33	20.93
17.42	20.98
17.50	21.03
17.58	21.04
17.67	21.00
17.75	20.96
17.83	20.91
17.92	20.92
18.00	20.94
18.08	20.94
18.17	20.94
18.25	20.94
18.33	20.94
18.42	20.96
18.50	20.97
18.58	21.03
18.67	21.08
18.75	21.10
18.83	21.13
18.92	21.19
19.00	21.25
19.08	21.31
19.17	21.34
19.25	21.32
19.33	21.23
19.42	21.10
19.50	20.94
19.58	20.75
19.67	20.56
19.75	20.37
19.83	20.14
19.92	19.87
20.00	19.57
20.08	19.25
20.17	18.90
20.25	18.58
20.33	18.27
20.42	17.97
20.50	17.67
20.58	17.36
20.67	17.07
20.75	16.79
20.83	16.50
20.92	16.23
21.00	15.95
21.08	15.67
21.17	15.41
21.25	15.13
21.33	14.85
21.42	14.56
21.50	14.26
21.58	13.98
21.67	13.69
21.75	13.38
21.83	13.04
21.92	12.70
22.00	12.35
22.08	11.99
22.17	11.64
22.25	11.29
22.33	10.94
22.42	10.61
22.50	10.29
22.58	9.96
22.67	9.62
22.75	9.29
22.83	8.97
22.92	8.68
23.00	8.43
23.08	8.18
23.17	7.91
23.25	7.67
23.33	7.45
23.42	7.23
23.50	6.99
23.58	6.79
23.67	6.64
23.75	6.56
23.83	6.50
23.92	6.44
0.00	4.82
0.08	4.81
0.17	4.76
0.25	4.64
0.33	4.46
0.42	4.25
0.50	4.02
0.58	3.80
0.67	3.59
0.75	3.40
0.83	3.24
0.92	3.14
1.00	3.05
1.08	2.99
1.17	2.94
1.25	2.93
1.33	2.93
1.42	2.95
1.50	2.98
1.58	3.02
1.67	3.06
1.75	3.11
1.83	3.15
1.92	3.16
2.00	3.15
2.08	3.12
2.17	3.10
2.25	3.08
2.33	3.06
2.42	3.04
2.50	3.01
2.58	2.99
2.67	2.97
2.75	2.95
2.83	2.94
2.92	2.93
3.00	2.92
3.08	2.93
3.17	2.93
3.25	2.93
3.33	2.92
3.42	2.91
3.50	2.90
3.58	2.90
3.67	2.91
3.75	2.92
3.83	2.94
3.92	2.95
4.00	2.95
4.08	2.95
4.17	2.94
4.25	2.90
4.33	2.86
4.42	2.85
4.50	2.85
4.58	2.83
4.67	2.80
4.75	2.76
4.83	2.73
4.92	2.69
5.00	2.68
5.08	2.66
5.17	2.66
5.25	2.69
5.33	2.70
5.42	2.69
5.50	2.68
5.58	2.67
5.67	2.66
5.75	2.66
5.83	2.66
5.92	2.65
6.00	2.65
6.08	2.66
6.17	2.66
6.25	2.68
6.33	2.69
6.42	2.70
6.50	2.71
6.58	2.71
6.67	2.71
6.75	2.71
6.83	2.70
6.92	2.69
7.00	2.67
7.08	2.64
7.17	2.61
7.25	2.56
7.33	2.52
7.42	2.48
7.50	2.44
7.58	2.40
7.67	2.36
7.75	2.32
7.83	2.27
7.92	2.22
8.00	2.18
8.08	2.17
8.17	2.16
8.25	2.15
8.33	2.14
8.42	2.14
8.50	2.14
8.58	2.16
8.67	2.18
8.75	2.23
8.83	2.30
8.92	2.40
9.00	2.51
9.08	2.64
9.17	2.80
9.25	2.99
9.33	3.20
9.42	3.44
9.50	3.69
9.58	3.96
9.67	4.23
9.75	4.51
9.83	4.79
9.92	5.04
10.00	5.28
10.08	5.50
10.17	5.71
10.25	5.90
10.33	6.08
10.42	6.24
10.50	6.39
10.58	6.53
10.67	6.67
10.75	6.80
10.83	6.94
10.92	7.09
11.00	7.23
11.08	7.37
11.17	7.51
11.25	7.65
11.33	7.81
11.42	7.97
11.50	8.15
11.58	8.33
11.67	8.52
11.75	8.71
11.83	8.92
11.92	9.14
12.00	9.38
12.08	9.63
12.17	9.87
12.25	10.11
12.33	10.38
12.42	10.65
12.50	10.94
12.58	11.23
12.67	11.53
12.75	11.83
12.83	12.14
12.92	12.44
13.00	12.73
13.08	13.02
13.17	13.33
13.25	13.63
13.33	13.91
13.42	14.17
13.50	14.42
13.58	14.67
13.67	14.88
13.75	15.09
13.83	15.32
13.92	15.55
14.00	15.78
14.08	16.02
14.17	16.27
14.25	16.52
14.33	16.78
14.42	17.08
14.50	17.41
14.58	17.76
14.67	18.14
14.75	18.49
14.83	18.80
14.92	19.11
15.00	19.41
15.08	19.70
15.17	20.01
15.25	20.30
15.33	20.57
15.42	20.78
15.50	20.92
15.58	21.01
15.67	21.07
15.75	21.12
15.83	21.19
15.92	21.23
16.00	21.24
16.08	21.22
16.17	21.13
16.25	20.99
16.33	20.84
16.42	20.71
16.50	20.61
16.58	20.52
16.67	20.47
16.75	20.44
16.83	20.40
16.92	20.37
17.00	20.34
17.08	20.32
17.17	20.36
17.25	20.42
17.33	20.47
17.42	20.49
17.50	20.51
17.58	20.50
17.67	20.45
17.75	20.39
17.83	20.33
17.92	20.26
18.00	20.18
18.08	20.11
18.17	20.03
18.25	19.96
18.33	19.91
18.42	19.87
18.50	19.84
18.58	19.82
18.67	19.80
18.75	19.80
18.83	19.80
18.92	19.80
19.00	19.80
19.08	19.79
19.17	19.75
19.25	19.70
19.33	19.65
19.42	19.60
19.50	19.55
19.58	19.51
19.67	19.47
19.75	19.38
19.83	19.29
19.92	19.20
20.00	19.11
20.08	18.99
20.17	18.87
20.25	18.74
20.33	18.58
20.42	18.41
20.50	18.21
20.58	17.98
20.67	17.73
20.75	17.48
20.83	17.21
20.92	16.91
21.00	16.61
21.08	16.33
21.17	16.04
21.25	15.73
21.33	15.40
21.42	15.07
21.50	14.75
21.58	14.45
21.67	14.15
21.75	13.84
21.83	13.52
21.92	13.19
22.00	12.83
22.08	12.45
22.17	12.06
22.25	11.68
22.33	11.31
22.42	10.94
22.50	10.57
22.58	10.20
22.67	9.83
22.75	9.49
22.83	9.19
22.92	8.94
23.00	8.71
23.08	8.51
23.17	8.33
23.25	8.15
23.33	7.99
23.42	7.82
23.50	7.64
23.58	7.50
23.67	7.39
23.75	7.32
23.83	7.24
23.92	7.21
0.00	5.98
0.08	5.95
0.17	5.89
0.25	5.78
0.33	5.63
0.42	5.46
0.50	5.27
0.58	5.08
0.67	4.90
0.75	4.75
0.83	4.63
0.92	4.54
1.00	4.48
1.08	4.43
1.17	4.43
1.25	4.44
1.33	4.47
1.42	4.52
1.50	4.57
1.58	4.64
1.67	4.70
1.75	4.77
1.83	4.80
1.92	4.82
2.00	4.83
2.08	4.84
2.17	4.86
2.25	4.89
2.33	4.91
2.42	4.92
2.50	4.93
2.58	4.94
2.67	4.96
2.75	4.98
2.83	5.00
2.92	5.01
3.00	5.02
3.08	5.04
3.17	5.04
3.25	5.04
3.33	5.02
3.42	5.00
3.50	4.97
3.58	4.95
3.67	4.92
3.75	4.87
3.83	4.82
3.92	4.75
4.00	4.66
4.08	4.56
4.17	4.44
4.25	4.31
4.33	4.20
4.42	4.09
4.50	3.97
4.58	3.84
4.67	3.72
4.75	3.61
4.83	3.51
4.92	3.41
5.00	3.33
5.08	3.25
5.17	3.21
5.25	3.16
5.33	3.09
5.42	3.02
5.50	2.96
5.58	2.90
5.67	2.84
5.75	2.79
5.83	2.74
5.92	2.69
6.00	2.64
6.08	2.60
6.17	2.57
6.25	2.54
6.33	2.51
6.42	2.48
6.50	2.46
6.58	2.43
6.67	2.41
6.75	2.38
6.83	2.36
6.92	2.33
7.00	2.30
7.08	2.26
7.17	2.22
7.25	2.18
7.33	2.14
7.42	2.10
7.50	2.06
7.58	2.02
7.67	1.98
7.75	1.94
7.83	1.90
7.92	1.86
8.00	1.84
8.08	1.84
8.17	1.83
8.25	1.84
8.33	1.84
8.42	1.86
8.50	1.88
8.58	1.91
8.67	1.96
8.75	2.02
8.83	2.12
8.92	2.22
9.00	2.34
9.08	2.49
9.17	2.67
9.25	2.87
9.33	3.10
9.42	3.34
9.50	3.61
9.58	3.90
9.67	4.18
9.75	4.47
9.83	4.74
9.92	5.00
10.00	5.24
10.08	5.47
10.17	5.68
10.25	5.88
10.33	6.05
10.42	6.21
10.50	6.34
10.58	6.48
10.67	6.61
10.75	6.74
10.83	6.89
10.92	7.02
11.00	7.17
11.08	7.31
11.17	7.46
11.25	7.62
11.33	7.79
11.42	7.98
11.50	8.17
11.58	8.37
11.67	8.57
11.75	8.78
11.83	9.00
11.92	9.23
12.00	9.46
12.08	9.70
12.17	9.93
12.25	10.17
12.33	10.42
12.42	10.68
12.50	10.96
12.58	11.23
12.67	11.51
12.75	11.79
12.83	12.06
12.92	12.34
13.00	12.62
13.08	12.92
13.17	13.22
13.25	13.51
13.33	13.81
13.42	14.09
13.50	14.37
13.58	14.64
13.67	14.89
13.75	15.16
13.83	15.44
13.92	15.71
14.00	15.98
14.08	16.23
14.17	16.48
14.25	16.72
14.33	16.94
14.42	17.18
14.50	17.41
14.58	17.65
14.67	17.87
14.75	18.03
14.83	18.18
14.92	18.32
15.00	18.45
15.08	18.60
15.17	18.74
15.25	18.89
15.33	19.04
15.42	19.19
15.50	19.37
15.58	19.57
15.67	19.81
15.75	20.08
15.83	20.35
15.92	20.65
16.00	20.94
16.08	21.22
16.17	21.54
16.25	21.86
16.33	22.16
16.42	22.43
16.50	22.68
16.58	22.90
16.67	23.13
16.75	23.33
16.83	23.48
16.92	23.60
17.00	23.71
17.08	23.79
17.17	23.84
17.25	23.89
17.33	23.93
17.42	23.97
17.50	23.96
17.58	23.92
17.67	23.87
17.75	23.85
17.83	23.83
17.92	23.80
18.00	23.73
18.08	23.66
18.17	23.56
18.25	23.45
18.33	23.31
18.42	23.17
18.50	23.04
18.58	22.85
18.67	22.65
18.75	22.44
18.83	22.24
18.92	22.06
19.00	21.88
19.08	21.70
19.17	21.51
19.25	21.34
19.33	21.18
19.42	21.04
19.50	20.94
19.58	20.87
19.67	20.77
19.75	20.67
19.83	20.57
19.92	20.47
20.00	20.38
20.08	20.30
20.17	20.21
20.25	20.10
20.33	19.96
20.42	19.77
20.50	19.56
20.58	19.36
20.67	19.17
20.75	18.95
20.83	18.70
20.92	18.43
21.00	18.12
21.08	17.78
21.17	17.43
21.25	17.07
21.33	16.70
21.42	16.36
21.50	16.02
21.58	15.66
21.67	15.29
21.75	14.91
21.83	14.54
21.92	14.16
22.00	13.76
22.08	13.38
22.17	13.01
22.25	12.63
22.33	12.26
22.42	11.89
22.50	11.51
22.58	11.12
22.67	10.75
22.75	10.40
22.83	10.10
22.92	9.81
23.00	9.52
23.08	9.26
23.17	9.01
23.25	8.78
23.33	8.56
23.42	8.33
23.50	8.12
23.58	7.95
23.67	7.83
23.75	7.71
23.83	7.63
23.92	7.60
0.00	5.03
0.08	5.01
0.17	4.94
0.25	4.85
0.33	4.70
0.42	4.50
0.50	4.29
0.58	4.09
0.67	3.92
0.75	3.81
0.83	3.75
0.92	3.74
1.00	3.74
1.08	3.76
1.17	3.81
1.25	3.88
1.33	3.98
1.42	4.10
1.50	4.22
1.58	4.35
1.67	4.48
1.75	4.57
1.83	4.63
1.92	4.67
2.00	4.72
2.08	4.77
2.17	4.81
2.25	4.84
2.33	4.86
2.42	4.87
2.50	4.86
2.58	4.84
2.67	4.80
2.75	4.75
2.83	4.68
2.92	4.60
3.00	4.52
3.08	4.46
3.17	4.40
3.25	4.35
3.33	4.31
3.42	4.29
3.50	NaN
3.58	NaN
3.67	NaN
3.75	NaN
3.83	NaN
3.92	NaN
4.00	NaN
4.08	NaN
4.17	NaN
4.25	NaN
4.33	NaN
4.42	4.25
4.50	4.21
4.58	4.14
4.67	4.05
4.75	3.95
4.83	3.87
4.92	3.79
5.00	3.71
5.08	3.64
5.17	3.57
5.25	3.49
5.33	3.40
5.42	3.31
5.50	3.22
5.58	3.15
5.67	3.09
5.75	3.03
5.83	2.96
5.92	2.91
6.00	2.85
6.08	2.81
6.17	2.77
6.25	2.73
6.33	2.70
6.42	2.67
6.50	2.65
6.58	2.62
6.67	2.59
6.75	2.58
6.83	2.56
6.92	2.55
7.00	2.54
7.08	2.52
7.17	2.50
7.25	2.48
7.33	2.46
7.42	2.43
7.50	2.41
7.58	2.38
7.67	2.36
7.75	2.32
7.83	2.27
7.92	2.24
8.00	2.21
8.08	2.18
8.17	2.14
8.25	2.12
8.33	2.09
8.42	2.07
8.50	2.04
8.58	2.02
8.67	2.01
8.75	2.02
8.83	2.06
8.92	2.09
9.00	2.16
9.08	2.27
9.17	2.41
9.25	2.59
9.33	2.81
9.42	3.04
9.50	3.30
9.58	3.57
9.67	3.85
9.75	4.12
9.83	4.39
9.92	4.65
10.00	4.90
10.08	5.13
10.17	5.35
10.25	5.56
10.33	5.74
10.42	5.92
10.50	6.08
10.58	6.24
10.67	6.41
10.75	6.59
10.83	6.77
10.92	6.95
11.00	7.13
11.08	7.31
11.17	7.50
11.25	7.69
11.33	7.90
11.42	8.12
11.50	8.33
11.58	8.51
11.67	8.70
11.75	8.90
11.83	9.11
11.92	9.31
12.00	9.53
12.08	9.74
12.17	9.95
12.25	10.15
12.33	10.36
12.42	10.55
12.50	10.76
12.58	10.97
12.67	11.17
12.75	11.36
12.83	11.55
12.92	11.75
13.00	11.94
13.08	12.13
13.17	12.34
13.25	12.56
13.33	12.77
13.42	13.00
13.50	13.22
13.58	13.44
13.67	13.67
13.75	13.88
13.83	14.08
13.92	14.28
14.00	14.47
14.08	14.65
14.17	14.81
14.25	14.97
14.33	15.14
14.42	15.30
14.50	15.48
14.58	15.66
14.67	15.82
14.75	15.99
14.83	16.16
14.92	16.34
15.00	16.52
15.08	16.70
15.17	16.87
15.25	17.01
15.33	17.11
15.42	17.19
15.50	17.27
15.58	17.34
15.67	17.42
15.75	17.49
15.83	17.53
15.92	17.56
16.00	17.56
16.08	17.51
16.17	17.46
16.25	17.42
16.33	17.39
16.42	17.35
16.50	17.32
16.58	17.34
16.67	17.36
16.75	17.40
16.83	17.46
16.92	17.50
17.00	17.57
17.08	17.66
17.17	17.75
17.25	17.82
17.33	17.88
17.42	17.92
17.50	17.91
17.58	17.84
17.67	17.76
17.75	17.65
17.83	17.55
17.92	17.46
18.00	17.39
18.08	17.33
18.17	17.31
18.25	17.33
18.33	17.35
18.42	17.40
18.50	17.46
18.58	17.54
18.67	17.68
18.75	17.82
18.83	17.95
18.92	18.07
19.00	18.16
19.08	18.20
19.17	18.21
19.25	18.21
19.33	18.20
19.42	18.18
19.50	18.17
19.58	18.11
19.67	18.01
19.75	17.93
19.83	17.84
19.92	17.75
20.00	17.66
20.08	17.58
20.17	17.48
20.25	17.38
20.33	17.25
20.42	17.11
20.50	16.97
20.58	16.82
20.67	16.63
20.75	16.42
20.83	16.19
20.92	15.96
21.00	15.71
21.08	15.43
21.17	15.13
21.25	14.82
21.33	14.50
21.42	14.17
21.50	13.81
21.58	13.45
21.67	13.08
21.75	12.69
21.83	12.30
21.92	11.90
22.00	11.53
22.08	11.16
22.17	10.81
22.25	10.47
22.33	10.15
22.42	9.82
22.50	9.51
22.58	9.20
22.67	8.91
22.75	8.64
22.83	8.38
22.92	8.13
23.00	7.87
23.08	7.64
23.17	7.41
23.25	7.18
23.33	6.94
23.42	6.70
23.50	6.47
23.58	6.28
23.67	6.12
23.75	6.00
23.83	5.93
23.92	5.91
0.00	4.84
0.08	4.80
0.17	4.73
0.25	4.65
0.33	4.55
0.42	4.41
0.50	4.25
0.58	4.10
0.67	3.98
0.75	3.89
0.83	3.83
0.92	3.77
1.00	3.73
1.08	3.72
1.17	3.72
1.25	3.74
1.33	3.76
1.42	3.80
1.50	3.84
1.58	3.89
1.67	3.92
1.75	3.92
1.83	3.90
1.92	3.88
2.00	3.85
2.08	3.83
2.17	3.81
2.25	3.76
2.33	3.72
2.42	3.67
2.50	3.60
2.58	3.53
2.67	3.45
2.75	3.38
2.83	3.34
2.92	3.33
3.00	3.34
3.08	3.36
3.17	3.37
3.25	3.39
3.33	3.41
3.42	3.46
3.50	3.52
3.58	3.57
3.67	3.59
3.75	3.59
3.83	3.58
3.92	3.55
4.00	3.52
4.08	3.50
4.17	3.50
4.25	3.52
4.33	3.54
4.42	3.51
4.50	3.49
4.58	3.50
4.67	3.53
4.75	3.60
4.83	3.67
4.92	3.72
5.00	3.75
5.08	3.78
5.17	3.76
5.25	3.72
5.33	3.68
5.42	3.68
5.50	3.66
5.58	3.64
5.67	3.59
5.75	3.53
5.83	3.47
5.92	3.42
6.00	3.38
6.08	3.34
6.17	3.31
6.25	3.28
6.33	3.26
6.42	3.24
6.50	3.22
6.58	3.20
6.67	3.18
6.75	3.14
6.83	3.09
6.92	3.02
7.00	2.95
7.08	2.87
7.17	2.79
7.25	2.72
7.33	2.64
7.42	2.56
7.50	2.48
7.58	2.40
7.67	2.33
7.75	2.24
7.83	2.18
7.92	2.16
8.00	2.14
8.08	2.12
8.17	2.11
8.25	2.10
8.33	2.10
8.42	2.10
8.50	2.12
8.58	2.15
8.67	2.21
8.75	2.29
8.83	2.36
8.92	2.46
9.00	2.59
9.08	2.75
9.17	2.94
9.25	3.17
9.33	3.43
9.42	3.71
9.50	4.01
9.58	4.33
9.67	4.66
9.75	4.98
9.83	5.30
9.92	5.61
10.00	5.92
10.08	6.22
10.17	6.51
10.25	6.80
10.33	7.06
10.42	7.33
10.50	7.60
10.58	7.86
10.67	8.11
10.75	8.36
10.83	8.60
10.92	8.85
11.00	9.09
11.08	9.32
11.17	9.55
11.25	9.79
11.33	10.02
11.42	10.24
11.50	10.46
11.58	10.68
11.67	10.93
11.75	11.19
11.83	11.45
11.92	11.70
12.00	11.95
12.08	12.19
12.17	12.47
12.25	12.75
12.33	13.03
12.42	13.33
12.50	13.64
12.58	13.94
12.67	14.24
12.75	14.54
12.83	14.84
12.92	15.16
13.00	15.48
13.08	15.79
13.17	16.09
13.25	16.39
13.33	16.69
13.42	16.97
13.50	17.21
13.58	17.47
13.67	17.74
13.75	18.01
13.83	18.28
13.92	18.55
14.00	18.82
14.08	19.08
14.17	19.34
14.25	19.61
14.33	19.88
14.42	20.16
14.50	20.42
14.58	20.62
14.67	20.79
14.75	20.93
14.83	21.05
14.92	21.15
15.00	21.23
15.08	21.29
15.17	21.34
15.25	21.35
15.33	21.36
15.42	21.37
15.50	21.40
15.58	21.47
15.67	21.56
15.75	21.67
15.83	21.79
15.92	21.92
16.00	22.03
16.08	22.13
16.17	22.24
16.25	22.36
16.33	22.47
16.42	22.59
16.50	22.74
16.58	22.89
16.67	23.01
16.75	23.12
16.83	23.25
16.92	23.39
17.00	23.56
17.08	23.73
17.17	23.89
17.25	24.07
17.33	24.20
17.42	24.27
17.50	24.32
17.58	24.36
17.67	24.41
17.75	24.44
17.83	24.45
17.92	24.44
18.00	24.43
18.08	24.44
18.17	24.48
18.25	24.53
18.33	24.64
18.42	24.80
18.50	24.98
18.58	25.24
18.67	25.52
18.75	25.82
18.83	26.13
18.92	26.43
19.00	26.68
19.08	26.87
19.17	27.02
19.25	27.16
19.33	27.26
19.42	27.28
19.50	27.23
19.58	27.09
19.67	26.91
19.75	26.68
19.83	26.39
19.92	26.04
20.00	25.70
20.08	25.34
20.17	24.93
20.25	24.52
20.33	24.10
20.42	23.67
20.50	23.23
20.58	22.79
20.67	22.33
20.75	21.88
20.83	21.46
20.92	21.05
21.00	20.64
21.08	20.23
21.17	19.83
21.25	19.42
21.33	19.04
21.42	18.68
21.50	18.33
21.58	17.99
21.67	17.67
21.75	17.36
21.83	17.07
21.92	16.80
22.00	16.53
22.08	16.27
22.17	16.01
22.25	15.76
22.33	15.48
22.42	15.18
22.50	14.86
22.58	14.52
22.67	14.18
22.75	13.82
22.83	13.45
22.92	13.07
23.00	12.71
23.08	12.34
23.17	11.97
23.25	11.59
23.33	11.22
23.42	10.88
23.50	10.55
23.58	10.26
23.67	10.02
23.75	9.85
23.83	9.74
23.92	9.68
0.00	8.19
0.08	8.15
0.17	8.09
0.25	8.01
0.33	7.92
0.42	7.80
0.50	7.65
0.58	7.52
0.67	7.40
0.75	7.30
0.83	7.20
0.92	7.09
1.00	7.01
1.08	6.93
1.17	6.85
1.25	6.77
1.33	6.69
1.42	6.61
1.50	6.54
1.58	6.45
1.67	6.34
1.75	6.23
1.83	6.11
1.92	6.00
2.00	5.89
2.08	5.79
2.17	5.69
2.25	5.61
2.33	5.54
2.42	5.48
2.50	5.43
2.58	5.39
2.67	5.35
2.75	5.32
2.83	5.30
2.92	5.28
3.00	5.26
3.08	5.24
3.17	5.20
3.25	5.16
3.33	5.11
3.42	5.05
3.50	4.97
3.58	4.89
3.67	4.79
3.75	4.69
3.83	4.59
3.92	4.48
4.00	4.38
4.08	4.28
4.17	4.20
4.25	4.13
4.33	4.05
4.42	3.98
4.50	3.92
4.58	3.87
4.67	3.82
4.75	3.78
4.83	3.74
4.92	3.69
5.00	3.64
5.08	3.59
5.17	3.52
5.25	3.46
5.33	3.40
5.42	3.35
5.50	3.30
5.58	3.26
5.67	3.22
5.75	3.20
5.83	3.18
5.92	3.16
6.00	3.15
6.08	3.14
6.17	3.13
6.25	3.13
6.33	3.12
6.42	3.11
6.50	3.10
6.58	3.09
6.67	3.07
6.75	3.04
6.83	3.00
6.92	2.95
7.00	2.89
7.08	2.83
7.17	2.77
7.25	2.71
7.33	2.64
7.42	2.56
7.50	2.48
7.58	2.40
7.67	2.32
7.75	2.26
7.83	2.22
7.92	2.18
8.00	2.15
8.08	2.13
8.17	2.12
8.25	2.11
8.33	2.11
8.42	2.12
8.50	2.15
8.58	2.19
8.67	2.26
8.75	2.31
8.83	2.40
8.92	2.51
9.00	2.66
9.08	2.85
9.17	3.06
9.25	3.31
9.33	3.60
9.42	3.90
9.50	4.21
9.58	4.52
9.67	4.84
9.75	5.16
9.83	5.49
9.92	5.81
10.00	6.13
10.08	6.44
10.17	6.74
10.25	7.03
10.33	7.31
10.42	7.60
10.50	7.89
10.58	8.20
10.67	8.51
10.75	8.81
10.83	9.11
10.92	9.40
11.00	9.67
11.08	9.94
11.17	10.21
11.25	10.47
11.33	10.72
11.42	10.96
11.50	11.20
11.58	11.44
11.67	11.68
11.75	11.92
11.83	12.17
11.92	12.42
12.00	12.68
12.08	12.95
12.17	13.24
12.25	13.54
12.33	13.83
12.42	14.14
12.50	14.45
12.58	14.75
12.67	15.06
12.75	15.38
12.83	15.70
12.92	16.02
13.00	16.34
13.08	16.64
13.17	16.93
13.25	17.22
13.33	17.52
13.42	17.81
13.50	18.12
13.58	18.46
13.67	18.80
13.75	19.14
13.83	19.48
13.92	19.83
14.00	20.17
14.08	20.52
14.17	20.90
14.25	21.30
14.33	21.71
14.42	22.12
14.50	22.47
14.58	22.76
14.67	23.04
14.75	23.30
14.83	23.57
14.92	23.86
15.00	24.13
15.08	24.37
15.17	24.54
15.25	24.67
15.33	24.78
15.42	24.87
15.50	24.99
15.58	25.10
15.67	25.20
15.75	25.26
15.83	25.30
15.92	25.34
16.00	25.42
16.08	25.51
16.17	25.62
16.25	25.74
16.33	25.86
16.42	25.95
16.50	26.02
16.58	26.04
16.67	26.02
16.75	26.02
16.83	26.03
16.92	25.99
17.00	25.94
17.08	25.87
17.17	25.80
17.25	25.69
17.33	25.56
17.42	25.47
17.50	25.41
17.58	25.44
17.67	25.47
17.75	25.47
17.83	25.45
17.92	25.42
18.00	25.41
18.08	25.45
18.17	25.49
18.25	25.59
18.33	25.70
18.42	25.81
18.50	25.96
18.58	26.12
18.67	26.27
18.75	26.41
18.83	26.52
18.92	26.58
19.00	26.57
19.08	26.50
19.17	26.39
19.25	26.26
19.33	26.09
19.42	25.87
19.50	25.54
19.58	25.18
19.67	24.79
19.75	24.40
19.83	24.00
19.92	23.63
20.00	23.27
20.08	22.91
20.17	22.54
20.25	22.15
20.33	21.78
20.42	21.45
20.50	21.17
20.58	20.89
20.67	20.61
20.75	20.36
20.83	20.12
20.92	19.87
21.00	19.60
21.08	19.33
21.17	19.07
21.25	18.83
21.33	18.54
21.42	18.24
21.50	17.94
21.58	17.62
21.67	17.28
21.75	16.90
21.83	16.52
21.92	16.13
22.00	15.72
22.08	15.29
22.17	14.86
22.25	14.41
22.33	13.93
22.42	13.44
22.50	12.94
22.58	12.48
22.67	12.05
22.75	11.64
22.83	11.22
22.92	10.86
23.00	10.53
23.08	10.24
23.17	9.96
23.25	9.71
23.33	9.49
23.42	9.30
23.50	9.11
23.58	8.95
23.67	8.83
23.75	8.75
23.83	8.71
23.92	8.67
0.00	7.20
0.08	7.14
0.17	7.02
0.25	6.88
0.33	6.71
0.42	6.52
0.50	6.32
0.58	6.14
0.67	6.02
0.75	5.93
0.83	5.84
0.92	5.80
1.00	5.78
1.08	5.79
1.17	5.82
1.25	5.87
1.33	5.92
1.42	5.97
1.50	6.02
1.58	6.03
1.67	5.98
1.75	5.89
1.83	5.81
1.92	5.74
2.00	5.67
2.08	5.58
2.17	5.47
2.25	5.37
2.33	5.28
2.42	5.19
2.50	5.11
2.58	5.03
2.67	4.96
2.75	4.91
2.83	4.87
2.92	4.81
3.00	4.76
3.08	4.72
3.17	4.68
3.25	4.66
3.33	4.68
3.42	4.69
3.50	4.69
3.58	4.70
3.67	4.69
3.75	4.68
3.83	4.65
3.92	4.59
4.00	4.53
4.08	4.48
4.17	4.44
4.25	4.35
4.33	4.26
4.42	4.16
4.50	4.05
4.58	3.96
4.67	3.90
4.75	3.83
4.83	3.79
4.92	3.76
5.00	3.73
5.08	3.68
5.17	3.64
5.25	3.61
5.33	3.58
5.42	3.57
5.50	3.57
5.58	3.57
5.67	3.58
5.75	3.60
5.83	3.62
5.92	3.63
6.00	3.63
6.08	3.63
6.17	3.62
6.25	3.59
6.33	3.56
6.42	3.53
6.50	3.49
6.58	3.43
6.67	3.35
6.75	3.26
6.83	3.16
6.92	3.06
7.00	2.96
7.08	2.87
7.17	2.77
7.25	2.69
7.33	2.59
7.42	2.49
7.50	2.38
7.58	2.27
7.67	2.19
7.75	2.15
7.83	2.11
7.92	2.07
8.00	2.04
8.08	2.02
8.17	2.00
8.25	1.99
8.33	1.98
8.42	1.98
8.50	2.00
8.58	2.03
8.67	2.04
8.75	2.07
8.83	2.12
8.92	2.21
9.00	2.33
9.08	2.48
9.17	2.66
9.25	2.88
9.33	3.15
9.42	3.43
9.50	3.74
9.58	4.06
9.67	4.38
9.75	4.72
9.83	5.06
9.92	5.39
10.00	5.71
10.08	6.03
10.17	6.33
10.25	6.62
10.33	6.91
10.42	7.20
10.50	7.49
10.58	7.78
10.67	8.08
10.75	8.38
10.83	8.69
10.92	9.00
11.00	9.32
11.08	9.66
11.17	10.00
11.25	10.35
11.33	10.68
11.42	11.02
11.50	11.37
11.58	11.72
11.67	12.06
11.75	12.38
11.83	12.68
11.92	12.98
12.00	13.27
12.08	13.55
12.17	13.81
12.25	14.07
12.33	14.33
12.42	14.57
12.50	14.78
12.58	14.98
12.67	15.18
12.75	15.38
12.83	15.59
12.92	15.80
13.00	16.00
13.08	16.20
13.17	16.40
13.25	16.60
13.33	16.80
13.42	17.03
13.50	17.30
13.58	17.59
13.67	17.89
13.75	18.20
13.83	18.52
13.92	18.84
14.00	19.16
14.08	19.52
14.17	19.91
14.25	20.31
14.33	20.72
14.42	21.09
14.50	21.41
14.58	21.73
14.67	22.04
14.75	22.34
14.83	22.62
14.92	22.88
15.00	23.12
15.08	23.31
15.17	23.46
15.25	23.60
15.33	23.74
15.42	23.90
15.50	24.06
15.58	24.22
15.67	24.39
15.75	24.57
15.83	24.75
15.92	24.94
16.00	25.14
16.08	25.34
16.17	25.55
16.25	25.75
16.33	25.97
16.42	26.22
16.50	26.45
16.58	26.66
16.67	26.86
16.75	27.06
16.83	27.24
16.92	27.40
17.00	27.56
17.08	27.70
17.17	27.82
17.25	27.91
17.33	27.93
17.42	27.92
17.50	27.89
17.58	27.83
17.67	27.74
17.75	27.65
17.83	27.55
17.92	27.46
18.00	27.42
18.08	27.38
18.17	27.35
18.25	27.33
18.33	27.31
18.42	27.35
18.50	27.43
18.58	27.51
18.67	27.57
18.75	27.63
18.83	27.66
18.92	27.64
19.00	27.59
19.08	27.54
19.17	27.49
19.25	27.43
19.33	27.35
19.42	27.17
19.50	26.98
19.58	26.80
19.67	26.63
19.75	26.43
19.83	26.23
19.92	26.01
20.00	25.77
20.08	25.50
20.17	25.18
20.25	24.88
20.33	24.62
20.42	24.37
20.50	24.09
20.58	23.79
20.67	23.48
20.75	23.19
20.83	22.89
20.92	22.57
21.00	22.24
21.08	21.89
21.17	21.53
21.25	21.13
21.33	20.69
21.42	20.23
21.50	19.73
21.58	19.19
21.67	18.61
21.75	18.02
21.83	17.46
21.92	16.89
22.00	16.33
22.08	15.80
22.17	15.28
22.25	14.76
22.33	14.25
22.42	13.76
22.50	13.30
22.58	12.86
22.67	12.44
22.75	11.99
22.83	11.57
22.92	11.16
23.00	10.76
23.08	10.34
23.17	9.92
23.25	9.51
23.33	9.13
23.42	8.76
23.50	8.38
23.58	8.07
23.67	7.85
23.75	7.68
23.83	7.54
23.92	7.47
0.00	5.96
0.08	5.95
0.17	5.90
0.25	5.81
0.33	5.71
0.42	5.59
0.50	5.49
0.58	5.41
0.67	5.35
0.75	5.30
0.83	5.28
0.92	5.30
1.00	5.32
1.08	5.37
1.17	5.42
1.25	5.48
1.33	5.54
1.42	5.60
1.50	5.64
1.58	5.65
1.67	5.65
1.75	5.63
1.83	5.64
1.92	5.65
2.00	5.66
2.08	5.65
2.17	5.64
2.25	5.63
2.33	5.62
2.42	5.61
2.50	5.58
2.58	5.55
2.67	5.54
2.75	5.50
2.83	5.43
2.92	5.34
3.00	5.25
3.08	5.15
3.17	5.05
3.25	4.97
3.33	4.91
3.42	4.84
3.50	4.79
3.58	4.73
3.67	4.67
3.75	4.63
3.83	4.57
3.92	4.49
4.00	4.43
4.08	4.38
4.17	4.31
4.25	4.23
4.33	4.15
4.42	4.07
4.50	4.00
4.58	3.94
4.67	3.87
4.75	3.81
4.83	3.78
4.92	3.75
5.00	3.70
5.08	3.65
5.17	3.59
5.25	3.52
5.33	3.45
5.42	3.37
5.50	3.28
5.58	3.21
5.67	3.14
5.75	3.07
5.83	3.00
5.92	2.93
6.00	2.86
6.08	2.79
6.17	2.72
6.25	2.65
6.33	2.60
6.42	2.55
6.50	2.50
6.58	2.43
6.67	2.37
6.75	2.30
6.83	2.24
6.92	2.18
7.00	2.13
7.08	2.08
7.17	2.03
7.25	1.98
7.33	1.93
7.42	1.88
7.50	1.83
7.58	1.80
7.67	1.81
7.75	1.82
7.83	1.84
7.92	1.86
8.00	1.88
8.08	1.91
8.17	1.95
8.25	1.98
8.33	2.02
8.42	2.07
8.50	2.12
8.58	2.16
8.67	2.19
8.75	2.23
8.83	2.30
8.92	2.40
9.00	2.51
9.08	2.66
9.17	2.84
9.25	3.06
9.33	3.30
9.42	3.57
9.50	3.85
9.58	4.14
9.67	4.46
9.75	4.79
9.83	5.12
9.92	5.46
10.00	5.80
10.08	6.13
10.17	6.45
10.25	6.76
10.33	7.08
10.42	7.40
10.50	7.73
10.58	8.05
10.67	8.39
10.75	8.73
10.83	9.09
10.92	9.46
11.00	9.85
11.08	10.25
11.17	10.66
11.25	11.08
11.33	11.50
11.42	11.94
11.50	12.39
11.58	12.84
11.67	13.28
11.75	13.72
11.83	14.14
11.92	14.56
12.00	15.00
12.08	15.43
12.17	15.87
12.25	16.31
12.33	16.74
12.42	17.17
12.50	17.57
12.58	17.96
12.67	18.33
12.75	18.69
12.83	19.03
12.92	19.33
13.00	19.59
13.08	19.83
13.17	20.03
13.25	20.19
13.33	20.34
13.42	20.50
13.50	20.66
13.58	20.79
13.67	20.92
13.75	21.03
13.83	21.12
13.92	21.21
14.00	21.30
14.08	21.42
14.17	21.53
14.25	21.63
14.33	21.70
14.42	21.73
14.50	21.75
14.58	21.78
14.67	21.81
14.75	21.86
14.83	21.92
14.92	21.97
15.00	22.01
15.08	22.04
15.17	22.08
15.25	22.14
15.33	22.22
15.42	22.33
15.50	22.47
15.58	22.62
15.67	22.78
15.75	22.92
15.83	23.04
15.92	23.17
16.00	23.29
16.08	23.43
16.17	23.57
16.25	23.71
16.33	23.85
16.42	23.95
16.50	24.02
16.58	24.07
16.67	24.11
16.75	24.18
16.83	24.24
16.92	24.31
17.00	24.38
17.08	24.43
17.17	24.46
17.25	24.47
17.33	24.49
17.42	24.54
17.50	24.62
17.58	24.71
17.67	24.80
17.75	24.89
17.83	24.97
17.92	25.04
18.00	25.11
18.08	25.19
18.17	25.29
18.25	25.37
18.33	25.47
18.42	25.59
18.50	25.73
18.58	25.87
18.67	26.03
18.75	26.17
18.83	26.24
18.92	26.30
19.00	26.34
19.08	26.32
19.17	26.27
19.25	26.14
19.33	25.91
19.42	25.58
19.50	25.17
19.58	24.65
19.67	24.04
19.75	23.40
19.83	22.78
19.92	22.13
20.00	21.48
20.08	20.84
20.17	20.22
20.25	19.64
20.33	19.09
20.42	18.59
20.50	18.16
20.58	17.79
20.67	17.52
20.75	17.29
20.83	17.09
20.92	16.93
21.00	16.79
21.08	16.69
21.17	16.62
21.25	16.56
21.33	16.49
21.42	16.42
21.50	16.32
21.58	16.20
21.67	16.05
21.75	15.89
21.83	15.69
21.92	15.45
22.00	15.17
22.08	14.85
22.17	14.49
22.25	14.11
22.33	13.71
22.42	13.33
22.50	12.96
22.58	12.59
22.67	12.20
22.75	11.82
22.83	11.47
22.92	11.14
23.00	10.80
23.08	10.48
23.17	10.16
23.25	9.86
23.33	9.55
23.42	9.19
23.50	8.84
23.58	8.53
23.67	8.29
23.75	8.10
23.83	7.96
23.92	7.88
0.00	6.43
0.08	6.41
0.17	6.37
0.25	6.29
0.33	6.18
0.42	6.05
0.50	5.91
0.58	5.78
0.67	5.66
0.75	5.54
0.83	5.44
0.92	5.33
1.00	5.22
1.08	5.12
1.17	5.03
1.25	4.95
1.33	4.88
1.42	4.79
1.50	4.70
1.58	4.61
1.67	4.52
1.75	4.44
1.83	4.37
1.92	4.30
2.00	4.22
2.08	4.15
2.17	4.09
2.25	4.02
2.33	3.96
2.42	3.90
2.50	3.84
2.58	3.79
2.67	3.74
2.75	3.70
2.83	3.66
2.92	3.62
3.00	3.58
3.08	3.54
3.17	3.51
3.25	3.49
3.33	3.46
3.42	3.42
3.50	3.38
3.58	3.33
3.67	3.27
3.75	3.19
3.83	3.11
3.92	3.03
4.00	2.97
4.08	2.89
4.17	2.82
4.25	2.74
4.33	2.68
4.42	2.61
4.50	2.55
4.58	2.51
4.67	2.47
4.75	2.46
4.83	2.46
4.92	2.44
5.00	2.43
5.08	2.42
5.17	2.42
5.25	2.41
5.33	2.41
5.42	2.42
5.50	2.43
5.58	2.43
5.67	2.43
5.75	2.44
5.83	2.45
5.92	2.45
6.00	2.44
6.08	2.44
6.17	2.43
6.25	2.42
6.33	2.41
6.42	2.40
6.50	2.38
6.58	2.37
6.67	2.33
6.75	2.30
6.83	2.26
6.92	2.23
7.00	2.20
7.08	2.17
7.17	2.14
7.25	2.11
7.33	2.08
7.42	2.04
7.50	2.01
7.58	2.01
7.67	2.02
7.75	2.02
7.83	2.04
7.92	2.05
8.00	2.07
8.08	2.09
8.17	2.11
8.25	2.14
8.33	2.17
8.42	2.22
8.50	2.26
8.58	2.29
8.67	2.33
8.75	2.40
8.83	2.49
8.92	2.62
9.00	2.77
9.08	2.96
9.17	3.19
9.25	3.42
9.33	3.69
9.42	3.97
9.50	4.29
9.58	4.64
9.67	5.01
9.75	5.39
9.83	5.79
9.92	6.19
10.00	6.59
10.08	6.98
10.17	7.37
10.25	7.77
10.33	8.16
10.42	8.55
10.50	8.92
10.58	9.29
10.67	9.65
10.75	10.00
10.83	10.34
10.92	10.69
11.00	11.04
11.08	11.40
11.17	11.74
11.25	12.08
11.33	12.43
11.42	12.79
11.50	13.15
11.58	13.53
11.67	13.91
11.75	14.29
11.83	14.69
11.92	15.11
12.00	15.54
12.08	15.99
12.17	16.47
12.25	16.95
12.33	17.44
12.42	17.94
12.50	18.43
12.58	18.90
12.67	19.37
12.75	19.82
12.83	20.24
12.92	20.63
13.00	20.98
13.08	21.30
13.17	21.59
13.25	21.85
13.33	22.12
13.42	22.38
13.50	22.64
13.58	22.90
13.67	23.16
13.75	23.43
13.83	23.70
13.92	23.97
14.00	24.28
14.08	24.58
14.17	24.91
14.25	25.23
14.33	25.49
14.42	25.73
14.50	25.95
14.58	26.16
14.67	26.35
14.75	26.53
14.83	26.69
14.92	26.83
15.00	26.93
15.08	27.02
15.17	27.10
15.25	27.21
15.33	27.35
15.42	27.53
15.50	27.72
15.58	27.92
15.67	28.12
15.75	28.28
15.83	28.46
15.92	28.64
16.00	28.84
16.08	29.04
16.17	29.24
16.25	29.47
16.33	29.69
16.42	29.89
16.50	30.07
16.58	30.23
16.67	30.39
16.75	30.55
16.83	30.67
16.92	30.76
17.00	30.84
17.08	30.89
17.17	30.88
17.25	30.81
17.33	30.72
17.42	30.61
17.50	30.51
17.58	30.39
17.67	30.25
17.75	30.10
17.83	29.94
17.92	29.77
18.00	29.59
18.08	29.41
18.17	29.24
18.25	29.08
18.33	28.92
18.42	28.75
18.50	28.56
18.58	28.38
18.67	28.20
18.75	27.98
18.83	27.74
18.92	27.49
19.00	27.24
19.08	26.95
19.17	26.65
19.25	26.28
19.33	25.85
19.42	25.40
19.50	24.92
19.58	24.41
19.67	23.90
19.75	23.41
19.83	22.92
19.92	22.41
20.00	21.87
20.08	21.35
20.17	20.83
20.25	20.37
20.33	19.91
20.42	19.44
20.50	18.99
20.58	18.54
20.67	18.07
20.75	17.59
20.83	17.06
20.92	16.53
21.00	15.99
21.08	15.44
21.17	14.88
21.25	14.29
21.33	13.72
21.42	13.15
21.50	12.58
21.58	12.04
21.67	11.53
21.75	11.05
21.83	10.59
21.92	10.17
22.00	9.77
22.08	9.36
22.17	8.97
22.25	8.61
22.33	8.27
22.42	7.96
22.50	7.67
22.58	7.39
22.67	7.13
22.75	6.91
22.83	6.71
22.92	6.52
23.00	6.36
23.08	6.21
23.17	6.08
23.25	5.97
23.33	5.84
23.42	5.71
23.50	5.59
23.58	5.49
23.67	5.40
23.75	5.33
23.83	5.29
23.92	5.27
0.00	3.77
0.08	3.76
0.17	3.76
0.25	3.75
0.33	3.73
0.42	3.70
0.50	3.69
0.58	3.68
0.67	3.67
0.75	3.68
0.83	3.69
0.92	3.68
1.00	3.68
1.08	3.68
1.17	3.68
1.25	3.69
1.33	3.68
1.42	3.66
1.50	3.62
1.58	3.59
1.67	3.56
1.75	3.52
1.83	3.49
1.92	3.46
2.00	3.42
2.08	3.38
2.17	3.34
2.25	3.30
2.33	3.27
2.42	3.23
2.50	3.20
2.58	3.17
2.67	3.16
2.75	3.15
2.83	3.14
2.92	3.12
3.00	3.11
3.08	3.12
3.17	3.12
3.25	3.13
3.33	3.13
3.42	3.13
3.50	3.11
3.58	3.08
3.67	3.04
3.75	2.98
3.83	2.93
3.92	2.90
4.00	2.86
4.08	2.81
4.17	2.77
4.25	2.72
4.33	2.68
4.42	2.64
4.50	2.61
4.58	2.59
4.67	2.60
4.75	2.60
4.83	2.59
4.92	2.58
5.00	2.57
5.08	2.56
5.17	2.55
5.25	2.56
5.33	2.57
5.42	2.58
5.50	2.60
5.58	2.62
5.67	2.64
5.75	2.65
5.83	2.67
5.92	2.68
6.00	2.70
6.08	2.71
6.17	2.71
6.25	2.72
6.33	2.72
6.42	2.71
6.50	2.71
6.58	2.69
6.67	2.66
6.75	2.64
6.83	2.61
6.92	2.59
7.00	2.57
7.08	2.55
7.17	2.52
7.25	2.48
7.33	2.45
7.42	2.40
7.50	2.38
7.58	2.38
7.67	2.38
7.75	2.37
7.83	2.37
7.92	2.36
8.00	2.36
8.08	2.36
8.17	2.36
8.25	2.37
8.33	2.39
8.42	2.41
8.50	2.41
8.58	2.43
8.67	2.46
8.75	2.52
8.83	2.61
8.92	2.72
9.00	2.88
9.08	3.06
9.17	3.27
9.25	3.50
9.33	3.74
9.42	4.00
9.50	4.28
9.58	4.57
9.67	4.86
9.75	5.15
9.83	5.44
9.92	5.71
10.00	5.97
10.08	6.20
10.17	6.44
10.25	6.67
10.33	6.91
10.42	7.13
10.50	7.36
10.58	7.58
10.67	7.80
10.75	8.01
10.83	8.23
10.92	8.46
11.00	8.71
11.08	8.96
11.17	9.21
11.25	9.48
11.33	9.77
11.42	10.07
11.50	10.39
11.58	10.72
11.67	11.05
11.75	11.39
11.83	11.74
11.92	12.10
12.00	12.44
12.08	12.80
12.17	13.15
12.25	13.49
12.33	13.83
12.42	14.16
12.50	14.48
12.58	14.80
12.67	15.12
12.75	15.44
12.83	15.74
12.92	16.03
13.00	16.32
13.08	16.60
13.17	16.86
13.25	17.11
13.33	17.37
13.42	17.64
13.50	17.90
13.58	18.18
13.67	18.46
13.75	18.75
13.83	19.05
13.92	19.38
14.00	19.70
14.08	20.05
14.17	20.41
14.25	20.75
14.33	21.06
14.42	21.37
14.50	21.67
14.58	21.95
14.67	22.22
14.75	22.49
14.83	22.76
14.92	23.05
15.00	23.32
15.08	23.59
15.17	23.85
15.25	24.15
15.33	24.45
15.42	24.74
15.50	25.01
15.58	25.29
15.67	25.52
15.75	25.72
15.83	25.90
15.92	26.06
16.00	26.21
16.08	26.36
16.17	26.56
16.25	26.74
16.33	26.87
16.42	27.00
16.50	27.12
16.58	27.22
16.67	27.31
16.75	27.40
16.83	27.48
16.92	27.53
17.00	27.55
17.08	27.52
17.17	27.43
17.25	27.35
17.33	27.29
17.42	27.24
17.50	27.19
17.58	27.16
17.67	27.12
17.75	27.04
17.83	26.96
17.92	26.90
18.00	26.84
18.08	26.82
18.17	26.81
18.25	26.82
18.33	26.79
18.42	26.74
18.50	26.69
18.58	26.64
18.67	26.63
18.75	26.59
18.83	26.55
18.92	26.50
19.00	26.44
19.08	26.37
19.17	26.26
19.25	26.09
19.33	25.91
19.42	25.70
19.50	25.44
19.58	25.11
19.67	24.75
19.75	24.35
19.83	23.91
19.92	23.45
20.00	22.95
20.08	22.40
20.17	21.87
20.25	21.33
20.33	20.75
20.42	20.16
20.50	19.59
20.58	19.03
20.67	18.49
20.75	17.97
20.83	17.46
20.92	16.95
21.00	16.47
21.08	16.01
21.17	15.58
21.25	15.17
21.33	14.80
21.42	14.45
21.50	14.11
21.58	13.79
21.67	13.48
21.75	13.17
21.83	12.84
21.92	12.51
22.00	12.17
22.08	11.81
22.17	11.44
22.25	11.08
22.33	10.75
22.42	10.43
22.50	10.11
22.58	9.78
22.67	9.48
22.75	9.20
22.83	8.94
22.92	8.68
23.00	8.44
23.08	8.23
23.17	8.04
23.25	7.81
23.33	7.58
23.42	7.38
23.50	7.19
23.58	7.02
23.67	6.87
23.75	6.75
23.83	6.67
23.92	6.64
0.00	3.76
0.08	3.75
0.17	3.73
0.25	3.74
0.33	3.74
0.42	3.72
0.50	3.69
0.58	3.67
0.67	3.69
0.75	3.71
0.83	3.72
0.92	3.75
1.00	3.79
1.08	3.82
1.17	3.86
1.25	3.88
1.33	3.89
1.42	3.88
1.50	3.86
1.58	3.84
1.67	3.83
1.75	3.81
1.83	3.77
1.92	3.72
2.00	3.66
2.08	3.60
2.17	3.52
2.25	3.45
2.33	3.37
2.42	3.29
2.50	3.22
2.58	3.15
2.67	3.07
2.75	3.00
2.83	2.92
2.92	2.85
3.00	2.79
3.08	2.75
3.17	2.72
3.25	2.69
3.33	2.66
3.42	2.62
3.50	2.58
3.58	2.53
3.67	2.48
3.75	2.43
3.83	2.41
3.92	2.38
4.00	2.34
4.08	2.30
4.17	2.26
4.25	2.22
4.33	2.19
4.42	2.17
4.50	2.16
4.58	2.16
4.67	2.17
4.75	2.17
4.83	2.16
4.92	2.15
5.00	2.14
5.08	2.13
5.17	2.12
5.25	2.12
5.33	2.13
5.42	2.13
5.50	2.14
5.58	2.16
5.67	2.18
5.75	2.19
5.83	2.21
5.92	2.23
6.00	2.25
6.08	2.26
6.17	2.28
6.25	2.29
6.33	2.29
6.42	2.28
6.50	2.27
6.58	2.25
6.67	2.22
6.75	2.20
6.83	2.17
6.92	2.14
7.00	2.11
7.08	2.08
7.17	2.05
7.25	2.02
7.33	1.97
7.42	1.94
7.50	1.93
7.58	1.92
7.67	1.91
7.75	1.90
7.83	1.89
7.92	1.89
8.00	1.89
8.08	1.89
8.17	1.90
8.25	1.93
8.33	1.96
8.42	1.97
8.50	1.99
8.58	2.02
8.67	2.08
8.75	2.15
8.83	2.25
8.92	2.37
9.00	2.53
9.08	2.71
9.17	2.91
9.25	3.13
9.33	3.37
9.42	3.62
9.50	3.89
9.58	4.16
9.67	4.44
9.75	4.71
9.83	4.97
9.92	5.22
10.00	5.45
10.08	5.68
10.17	5.90
10.25	6.11
10.33	6.30
10.42	6.50
10.50	6.68
10.58	6.86
10.67	7.04
10.75	7.22
10.83	7.40
10.92	7.59
11.00	7.78
11.08	7.96
11.17	8.16
11.25	8.39
11.33	8.64
11.42	8.89
11.50	9.17
11.58	9.43
11.67	9.70
11.75	10.00
11.83	10.32
11.92	10.66
12.00	11.02
12.08	11.39
12.17	11.76
12.25	12.12
12.33	12.49
12.42	12.85
12.50	13.23
12.58	13.63
12.67	14.04
12.75	14.42
12.83	14.81
12.92	15.19
13.00	15.56
13.08	15.89
13.17	16.23
13.25	16.59
13.33	16.95
13.42	17.31
13.50	17.67
13.58	18.00
13.67	18.34
13.75	18.68
13.83	19.05
13.92	19.43
14.00	19.83
14.08	20.26
14.17	20.60
14.25	20.91
14.33	21.21
14.42	21.52
14.50	21.83
14.58	22.15
14.67	22.48
14.75	22.80
14.83	23.08
14.92	23.39
15.00	23.71
15.08	24.05
15.17	24.46
15.25	24.90
15.33	25.35
15.42	25.79
15.50	26.23
15.58	26.66
15.67	27.08
15.75	27.48
15.83	27.86
15.92	28.23
16.00	28.56
16.08	28.87
16.17	29.12
16.25	29.29
16.33	29.41
16.42	29.50
16.50	29.56
16.58	29.59
16.67	29.58
16.75	29.52
16.83	29.44
16.92	29.29
17.00	29.10
17.08	28.91
17.17	28.73
17.25	28.57
17.33	28.41
17.42	28.23
17.50	28.05
17.58	27.88
17.67	27.73
17.75	27.61
17.83	27.50
17.92	27.43
18.00	27.41
18.08	27.40
18.17	27.43
18.25	27.47
18.33	27.53
18.42	27.59
18.50	27.61
18.58	27.57
18.67	27.46
18.75	27.30
18.83	27.10
18.92	26.84
19.00	26.51
19.08	26.12
19.17	25.67
19.25	25.17
19.33	24.64
19.42	24.05
19.50	23.46
19.58	22.93
19.67	22.40
19.75	21.88
19.83	21.37
19.92	20.85
20.00	20.36
20.08	19.89
20.17	19.43
20.25	18.99
20.33	18.57
20.42	18.18
20.50	17.81
20.58	17.43
20.67	17.05
20.75	16.68
20.83	16.32
20.92	15.98
21.00	15.65
21.08	15.30
21.17	14.96
21.25	14.61
21.33	14.25
21.42	13.89
21.50	13.56
21.58	13.23
21.67	12.91
21.75	12.58
21.83	12.26
21.92	11.94
22.00	11.61
22.08	11.26
22.17	10.92
22.25	10.63
22.33	10.33
22.42	10.02
22.50	9.69
22.58	9.39
22.67	9.12
22.75	8.86
22.83	8.61
22.92	8.37
23.00	8.16
23.08	7.97
23.17	7.74
23.25	7.51
23.33	7.30
23.42	7.12
23.50	6.95
23.58	6.77
23.67	6.62
23.75	6.50
23.83	6.39
23.92	6.33
0.00	4.65
0.08	4.64
0.17	4.62
0.25	4.63
0.33	4.68
0.42	4.69
0.50	4.67
0.58	4.68
0.67	4.70
0.75	4.68
0.83	4.67
0.92	4.65
1.00	4.63
1.08	4.62
1.17	4.59
1.25	4.54
1.33	4.49
1.42	4.43
1.50	4.38
1.58	4.34
1.67	4.30
1.75	4.26
1.83	4.22
1.92	4.19
2.00	4.15
2.08	4.12
2.17	4.08
2.25	4.04
2.33	3.99
2.42	3.94
2.50	3.89
2.58	3.83
2.67	3.76
2.75	3.69
2.83	3.61
2.92	3.56
3.00	3.52
3.08	3.47
3.17	3.42
3.25	3.37
3.33	3.32
3.42	3.27
3.50	3.22
3.58	3.14
3.67	3.07
3.75	3.02
3.83	2.96
3.92	2.88
4.00	2.80
4.08	2.72
4.17	2.64
4.25	2.57
4.33	2.52
4.42	2.46
4.50	2.43
4.58	2.40
4.67	2.38
4.75	2.34
4.83	2.31
4.92	2.28
5.00	2.25
5.08	2.23
5.17	2.22
5.25	2.21
5.33	2.21
5.42	2.21
5.50	2.22
5.58	2.23
5.67	2.24
5.75	2.25
5.83	2.25
5.92	2.27
6.00	2.28
6.08	2.29
6.17	2.31
6.25	2.31
6.33	2.31
6.42	2.31
6.50	2.30
6.58	2.29
6.67	2.28
6.75	2.27
6.83	2.26
6.92	2.24
7.00	2.22
7.08	2.19
7.17	2.15
7.25	2.11
7.33	2.07
7.42	2.06
7.50	2.04
7.58	2.03
7.67	2.02
7.75	2.01
7.83	2.01
7.92	2.01
8.00	2.01
8.08	2.01
8.17	2.02
8.25	2.04
8.33	2.03
8.42	2.03
8.50	2.03
8.58	2.04
8.67	2.07
8.75	2.11
8.83	2.18
8.92	2.27
9.00	2.38
9.08	2.52
9.17	2.68
9.25	2.85
9.33	3.05
9.42	3.27
9.50	3.52
9.58	3.77
9.67	4.03
9.75	4.29
9.83	4.55
9.92	4.80
10.00	5.05
10.08	5.30
10.17	5.54
10.25	5.77
10.33	6.00
10.42	6.22
10.50	6.44
10.58	6.65
10.67	6.87
10.75	7.08
10.83	7.30
10.92	7.53
11.00	7.73
11.08	7.95
11.17	8.18
11.25	8.42
11.33	8.66
11.42	8.91
11.50	9.17
11.58	9.43
11.67	9.72
11.75	10.03
11.83	10.36
11.92	10.73
12.00	11.13
12.08	11.55
12.17	11.98
12.25	12.42
12.33	12.88
12.42	13.35
12.50	13.82
12.58	14.29
12.67	14.73
12.75	15.14
12.83	15.54
12.92	15.92
13.00	16.26
13.08	16.58
13.17	16.92
13.25	17.24
13.33	17.56
13.42	17.89
13.50	18.21
13.58	18.55
13.67	18.88
13.75	19.22
13.83	19.55
13.92	19.89
14.00	20.24
14.08	20.54
14.17	20.79
14.25	21.03
14.33	21.24
14.42	21.42
14.50	21.58
14.58	21.72
14.67	21.83
14.75	21.91
14.83	21.97
14.92	22.02
15.00	22.07
15.08	22.15
15.17	22.25
15.25	22.35
15.33	22.46
15.42	22.57
15.50	22.69
15.58	22.80
15.67	22.94
15.75	23.10
15.83	23.27
15.92	23.45
16.00	23.66
16.08	23.91
16.17	24.15
16.25	24.38
16.33	24.62
16.42	24.85
16.50	25.10
16.58	25.35
16.67	25.59
16.75	25.82
16.83	26.03
16.92	26.21
17.00	26.33
17.08	26.43
17.17	26.52
17.25	26.60
17.33	26.68
17.42	26.77
17.50	26.86
17.58	26.94
17.67	27.00
17.75	27.04
17.83	27.08
17.92	27.10
18.00	27.10
18.08	27.12
18.17	27.16
18.25	27.18
18.33	27.15
18.42	27.07
18.50	26.91
18.58	26.69
18.67	26.46
18.75	26.19
18.83	25.90
18.92	25.60
19.00	25.26
19.08	24.85
19.17	24.40
19.25	23.94
19.33	23.46
19.42	22.94
19.50	22.48
19.58	22.01
19.67	21.54
19.75	21.07
19.83	20.61
19.92	20.18
20.00	19.79
20.08	19.39
20.17	19.00
20.25	18.62
20.33	18.26
20.42	17.94
20.50	17.62
20.58	17.31
20.67	17.00
20.75	16.68
20.83	16.36
20.92	16.04
21.00	15.69
21.08	15.35
21.17	14.99
21.25	14.63
21.33	14.27
21.42	13.90
21.50	13.54
21.58	13.17
21.67	12.81
21.75	12.47
21.83	12.13
21.92	11.77
22.00	11.42
22.08	11.08
22.17	10.77
22.25	10.47
22.33	10.17
22.42	9.88
22.50	9.62
22.58	9.38
22.67	9.15
22.75	8.92
22.83	8.68
22.92	8.47
23.00	8.28
23.08	8.08
23.17	7.88
23.25	7.71
23.33	7.56
23.42	7.42
23.50	7.25
23.58	7.12
23.67	7.02
23.75	6.94
23.83	6.88
23.92	6.85
0.00	5.27
0.08	5.26
0.17	5.27
0.25	5.29
0.33	5.32
0.42	5.35
0.50	5.37
0.58	5.41
0.67	5.44
0.75	5.49
0.83	5.55
0.92	5.62
1.00	5.69
1.08	5.75
1.17	5.79
1.25	5.80
1.33	5.78
1.42	5.75
1.50	5.73
1.58	5.71
1.67	5.67
1.75	5.61
1.83	5.55
1.92	5.48
2.00	5.41
2.08	5.32
2.17	5.23
2.25	5.15
2.33	5.09
2.42	5.02
2.50	4.93
2.58	4.85
2.67	4.77
2.75	4.70
2.83	4.63
2.92	4.60
3.00	4.58
3.08	4.56
3.17	4.53
3.25	4.50
3.33	4.47
3.42	4.43
3.50	4.36
3.58	4.28
3.67	4.21
3.75	4.14
3.83	4.05
3.92	3.94
4.00	3.82
4.08	3.70
4.17	3.58
4.25	3.48
4.33	3.37
4.42	3.28
4.50	3.22
4.58	3.15
4.67	3.07
4.75	2.98
4.83	2.90
4.92	2.82
5.00	2.76
5.08	2.70
5.17	2.64
5.25	2.61
5.33	2.58
5.42	2.56
5.50	2.54
5.58	2.52
5.67	2.51
5.75	2.50
5.83	2.48
5.92	2.47
6.00	2.46
6.08	2.44
6.17	2.42
6.25	2.39
6.33	2.36
6.42	2.31
6.50	2.26
6.58	2.22
6.67	2.17
6.75	2.13
6.83	2.10
6.92	2.06
7.00	2.02
7.08	1.98
7.17	1.92
7.25	1.88
7.33	1.86
7.42	1.85
7.50	1.84
7.58	1.83
7.67	1.82
7.75	1.82
7.83	1.82
7.92	1.83
8.00	1.85
8.08	1.87
8.17	1.91
8.25	1.94
8.33	1.96
8.42	1.99
8.50	2.03
8.58	2.09
8.67	2.15
8.75	2.24
8.83	2.35
8.92	2.48
9.00	2.64
9.08	2.81
9.17	3.00
9.25	3.20
9.33	3.42
9.42	3.66
9.50	3.90
9.58	4.14
9.67	4.39
9.75	4.61
9.83	4.83
9.92	5.04
10.00	5.25
10.08	5.44
10.17	5.63
10.25	5.80
10.33	5.96
10.42	6.13
10.50	6.29
10.58	6.45
10.67	6.61
10.75	6.79
10.83	6.97
10.92	7.13
11.00	7.29
11.08	7.46
11.17	7.64
11.25	7.82
11.33	8.00
11.42	8.17
11.50	8.34
11.58	8.54
11.67	8.75
11.75	8.96
11.83	9.18
11.92	9.44
12.00	9.72
12.08	10.01
12.17	10.33
12.25	10.68
12.33	11.05
12.42	11.47
12.50	11.92
12.58	12.35
12.67	12.81
12.75	13.28
12.83	13.75
12.92	14.18
13.00	14.62
13.08	15.08
13.17	15.53
13.25	15.97
13.33	16.39
13.42	16.77
13.50	17.14
13.58	17.47
13.67	17.79
13.75	18.10
13.83	18.39
13.92	18.69
14.00	18.92
14.08	19.08
14.17	19.23
14.25	19.35
14.33	19.45
14.42	19.54
14.50	19.62
14.58	19.69
14.67	19.73
14.75	19.76
14.83	19.81
14.92	19.87
15.00	19.94
15.08	20.04
15.17	20.13
15.25	20.24
15.33	20.35
15.42	20.48
15.50	20.61
15.58	20.74
15.67	20.89
15.75	21.03
15.83	21.17
15.92	21.33
16.00	21.51
16.08	21.70
16.17	21.90
16.25	22.10
16.33	22.30
16.42	22.50
16.50	22.71
16.58	22.91
16.67	23.12
16.75	23.31
16.83	23.48
16.92	23.62
17.00	23.75
17.08	23.87
17.17	23.98
17.25	24.08
17.33	24.18
17.42	24.27
17.50	24.35
17.58	24.42
17.67	24.47
17.75	24.53
17.83	24.58
17.92	24.63
18.00	24.68
18.08	24.74
18.17	24.79
18.25	24.82
18.33	24.85
18.42	24.84
18.50	24.80
18.58	24.77
18.67	24.73
18.75	24.69
18.83	24.65
18.92	24.61
19.00	24.55
19.08	24.48
19.17	24.40
19.25	24.30
19.33	24.16
19.42	24.03
19.50	23.88
19.58	23.71
19.67	23.52
19.75	23.32
19.83	23.10
19.92	22.89
20.00	22.63
20.08	22.35
20.17	22.05
20.25	21.76
20.33	21.47
20.42	21.19
20.50	20.90
20.58	20.62
20.67	20.32
20.75	20.02
20.83	19.75
20.92	19.46
21.00	19.16
21.08	18.84
21.17	18.51
21.25	18.15
21.33	17.77
21.42	17.38
21.50	16.96
21.58	16.52
21.67	16.07
21.75	15.61
21.83	15.10
21.92	14.59
22.00	14.10
22.08	13.67
22.17	13.26
22.25	12.86
22.33	12.48
22.42	12.12
22.50	11.80
22.58	11.49
22.67	11.19
22.75	10.88
22.83	10.59
22.92	10.31
23.00	10.01
23.08	9.67
23.17	9.35
23.25	9.06
23.33	8.78
23.42	8.47
23.50	8.12
23.58	7.82
23.67	7.61
23.75	7.45
23.83	7.33
23.92	7.26
0.00	5.31
0.08	5.33
0.17	5.35
0.25	5.36
0.33	5.36
0.42	5.34
0.50	5.32
0.58	5.31
0.67	5.32
0.75	5.35
0.83	5.39
0.92	5.44
1.00	5.51
1.08	5.54
1.17	5.56
1.25	5.57
1.33	5.57
1.42	5.59
1.50	5.61
1.58	5.65
1.67	5.67
1.75	5.70
1.83	5.72
1.92	5.74
2.00	5.76
2.08	5.78
2.17	5.80
2.25	5.83
2.33	5.87
2.42	5.87
2.50	5.87
2.58	5.85
2.67	5.82
2.75	5.78
2.83	5.77
2.92	5.77
3.00	5.76
3.08	5.74
3.17	5.71
3.25	5.65
3.33	5.58
3.42	5.50
3.50	5.42
3.58	5.35
3.67	5.29
3.75	5.22
3.83	5.13
3.92	5.03
4.00	4.92
4.08	4.83
4.17	4.77
4.25	4.71
4.33	4.66
4.42	4.61
4.50	4.57
4.58	4.52
4.67	4.45
4.75	4.38
4.83	4.30
4.92	4.22
5.00	4.13
5.08	4.04
5.17	3.96
5.25	3.88
5.33	3.80
5.42	3.71
5.50	3.62
5.58	3.53
5.67	3.44
5.75	3.36
5.83	3.30
5.92	3.24
6.00	3.19
6.08	3.14
6.17	3.07
6.25	3.01
6.33	2.95
6.42	2.89
6.50	2.83
6.58	2.78
6.67	2.72
6.75	2.67
6.83	2.61
6.92	2.55
7.00	2.48
7.08	2.41
7.17	2.35
7.25	2.32
7.33	2.30
7.42	2.29
7.50	2.28
7.58	2.27
7.67	2.27
7.75	2.27
7.83	2.27
7.92	2.28
8.00	2.29
8.08	2.31
8.17	2.32
8.25	2.31
8.33	2.31
8.42	2.31
8.50	2.32
8.58	2.35
8.67	2.38
8.75	2.44
8.83	2.53
8.92	2.63
9.00	2.76
9.08	2.90
9.17	3.07
9.25	3.26
9.33	3.47
9.42	3.69
9.50	3.92
9.58	4.15
9.67	4.39
9.75	4.61
9.83	4.82
9.92	5.03
10.00	5.22
10.08	5.41
10.17	5.58
10.25	5.74
10.33	5.89
10.42	6.02
10.50	6.15
10.58	6.27
10.67	6.39
10.75	6.52
10.83	6.61
10.92	6.70
11.00	6.78
11.08	6.87
11.17	6.96
11.25	7.06
11.33	7.15
11.42	7.24
11.50	7.34
11.58	7.46
11.67	7.59
11.75	7.72
11.83	7.88
11.92	8.06
12.00	8.24
12.08	8.44
12.17	8.64
12.25	8.86
12.33	9.10
12.42	9.36
12.50	9.62
12.58	9.89
12.67	10.19
12.75	10.50
12.83	10.82
12.92	11.15
13.00	11.52
13.08	11.91
13.17	12.32
13.25	12.75
13.33	13.20
13.42	13.64
13.50	14.08
13.58	14.55
13.67	15.03
13.75	15.52
13.83	16.02
13.92	16.50
14.00	16.89
14.08	17.29
14.17	17.67
14.25	18.03
14.33	18.37
14.42	18.69
14.50	19.00
14.58	19.29
14.67	19.56
14.75	19.84
14.83	20.11
14.92	20.42
15.00	20.75
15.08	21.08
15.17	21.41
15.25	21.74
15.33	22.09
15.42	22.44
15.50	22.78
15.58	23.10
15.67	23.39
15.75	23.66
15.83	23.93
15.92	24.22
16.00	24.49
16.08	24.73
16.17	24.94
16.25	25.13
16.33	25.29
16.42	25.43
16.50	25.54
16.58	25.63
16.67	25.71
16.75	25.77
16.83	25.76
16.92	25.71
17.00	25.66
17.08	25.60
17.17	25.53
17.25	25.46
17.33	25.40
17.42	25.33
17.50	25.27
17.58	25.23
17.67	25.21
17.75	25.21
17.83	25.23
17.92	25.30
18.00	25.42
18.08	25.56
18.17	25.73
18.25	25.91
18.33	26.09
18.42	26.25
18.50	26.43
18.58	26.62
18.67	26.82
18.75	27.03
18.83	27.25
18.92	27.45
19.00	27.63
19.08	27.79
19.17	27.92
19.25	27.98
19.33	28.02
19.42	28.04
19.50	28.00
19.58	27.92
19.67	27.82
19.75	27.70
19.83	27.56
19.92	27.38
20.00	27.16
20.08	26.91
20.17	26.65
20.25	26.43
20.33	26.19
20.42	25.94
20.50	25.70
20.58	25.46
20.67	25.18
20.75	24.92
20.83	24.63
20.92	24.33
21.00	24.02
21.08	23.69
21.17	23.34
21.25	22.96
21.33	22.58
21.42	22.16
21.50	21.72
21.58	21.25
21.67	20.77
21.75	20.25
21.83	19.72
21.92	19.19
22.00	18.69
22.08	18.22
22.17	17.76
22.25	17.30
22.33	16.86
22.42	16.45
22.50	16.06
22.58	15.66
22.67	15.24
22.75	14.82
22.83	14.41
22.92	13.99
23.00	13.55
23.08	13.12
23.17	12.72
23.25	12.36
23.33	11.99
23.42	11.61
23.50	11.24
23.58	10.93
23.67	10.68
23.75	10.51
23.83	10.41
23.92	10.36
0.00	8.70
0.08	8.69
0.17	8.66
0.25	8.58
0.33	8.46
0.42	8.32
0.50	8.15
0.58	7.98
0.67	7.81
0.75	7.63
0.83	7.46
0.92	7.31
1.00	7.16
1.08	7.01
1.17	6.85
1.25	6.69
1.33	6.57
1.42	6.47
1.50	6.40
1.58	6.33
1.67	6.28
1.75	6.25
1.83	6.23
1.92	6.21
2.00	6.21
2.08	6.20
2.17	6.22
2.25	6.25
2.33	6.24
2.42	6.23
2.50	6.22
2.58	6.19
2.67	6.16
2.75	6.14
2.83	6.13
2.92	6.12
3.00	6.08
3.08	6.01
3.17	5.89
3.25	5.76
3.33	5.60
3.42	5.43
3.50	5.26
3.58	5.13
3.67	5.00
3.75	4.86
3.83	4.70
3.92	4.55
4.00	4.43
4.08	4.35
4.17	4.32
4.25	4.30
4.33	4.31
4.42	4.33
4.50	4.33
4.58	4.31
4.67	4.30
4.75	4.28
4.83	4.27
4.92	4.26
5.00	4.25
5.08	4.25
5.17	4.24
5.25	4.24
5.33	4.25
5.42	4.26
5.50	4.26
5.58	4.26
5.67	4.26
5.75	4.25
5.83	4.23
5.92	4.21
6.00	4.19
6.08	4.14
6.17	4.09
6.25	4.03
6.33	3.95
6.42	3.87
6.50	3.78
6.58	3.70
6.67	3.61
6.75	3.52
6.83	3.42
6.92	3.32
7.00	3.21
7.08	3.09
7.17	3.02
7.25	2.96
7.33	2.91
7.42	2.87
7.50	2.83
7.58	2.79
7.67	2.77
7.75	2.75
7.83	2.73
7.92	2.73
8.00	2.75
8.08	2.75
8.17	2.73
8.25	2.72
8.33	2.72
8.42	2.73
8.50	2.75
8.58	2.78
8.67	2.83
8.75	2.90
8.83	2.99
8.92	3.10
9.00	3.23
9.08	3.38
9.17	3.56
9.25	3.76
9.33	3.98
9.42	4.21
9.50	4.45
9.58	4.70
9.67	4.94
9.75	5.17
9.83	5.41
9.92	5.63
10.00	5.84
10.08	6.03
10.17	6.20
10.25	6.35
10.33	6.49
10.42	6.61
10.50	6.72
10.58	6.84
10.67	6.96
10.75	7.06
10.83	7.15
10.92	7.25
11.00	7.37
11.08	7.49
11.17	7.62
11.25	7.76
11.33	7.91
11.42	8.06
11.50	8.23
11.58	8.41
11.67	8.58
11.75	8.78
11.83	8.98
11.92	9.20
12.00	9.43
12.08	9.67
12.17	9.92
12.25	10.18
12.33	10.46
12.42	10.73
12.50	11.00
12.58	11.28
12.67	11.56
12.75	11.82
12.83	12.06
12.92	12.31
13.00	12.56
13.08	12.80
13.17	13.03
13.25	13.24
13.33	13.46
13.42	13.66
13.50	13.88
13.58	14.11
13.67	14.36
13.75	14.64
13.83	14.93
13.92	15.15
14.00	15.40
14.08	15.66
14.17	15.95
14.25	16.26
14.33	16.58
14.42	16.93
14.50	17.30
14.58	17.67
14.67	18.08
14.75	18.52
14.83	18.99
14.92	19.51
15.00	20.01
15.08	20.50
15.17	20.98
15.25	21.45
15.33	21.91
15.42	22.34
15.50	22.73
15.58	23.06
15.67	23.34
15.75	23.59
15.83	23.84
15.92	24.07
16.00	24.23
16.08	24.36
16.17	24.48
16.25	24.60
16.33	24.70
16.42	24.80
16.50	24.90
16.58	25.01
16.67	25.08
16.75	25.11
16.83	25.12
16.92	25.16
17.00	25.26
17.08	25.37
17.17	25.47
17.25	25.57
17.33	25.68
17.42	25.80
17.50	25.92
17.58	26.04
17.67	26.21
17.75	26.34
17.83	26.47
17.92	26.61
18.00	26.73
18.08	26.84
18.17	26.94
18.25	27.00
18.33	27.02
18.42	27.01
18.50	27.00
18.58	26.97
18.67	26.95
18.75	26.93
18.83	26.88
18.92	26.81
19.00	26.71
19.08	26.60
19.17	26.47
19.25	26.34
19.33	26.22
19.42	26.09
19.50	25.94
19.58	25.77
19.67	25.60
19.75	25.42
19.83	25.24
19.92	25.06
20.00	24.88
20.08	24.70
20.17	24.52
20.25	24.34
20.33	24.15
20.42	23.96
20.50	23.76
20.58	23.55
20.67	23.36
20.75	23.15
20.83	22.91
20.92	22.65
21.00	22.37
21.08	22.08
21.17	21.78
21.25	21.44
21.33	21.09
21.42	20.71
21.50	20.33
21.58	19.94
21.67	19.52
21.75	19.08
21.83	18.61
21.92	18.15
22.00	17.67
22.08	17.18
22.17	16.68
22.25	16.18
22.33	15.70
22.42	15.22
22.50	14.74
22.58	14.22
22.67	13.72
22.75	13.24
22.83	12.77
22.92	12.28
23.00	11.80
23.08	11.36
23.17	10.92
23.25	10.48
23.33	10.04
23.42	9.60
23.50	9.19
23.58	8.82
23.67	8.52
23.75	8.30
23.83	8.17
23.92	8.11
0.00	7.62
0.08	7.62
0.17	7.61
0.25	7.58
0.33	7.50
0.42	7.40
0.50	7.27
0.58	7.17
0.67	7.08
0.75	7.00
0.83	6.93
0.92	6.84
1.00	6.74
1.08	6.64
1.17	6.54
1.25	6.45
1.33	6.38
1.42	6.32
1.50	6.26
1.58	6.20
1.67	6.14
1.75	6.10
1.83	6.05
1.92	6.01
2.00	5.98
2.08	5.95
2.17	5.93
2.25	5.89
2.33	5.84
2.42	5.78
2.50	5.71
2.58	5.64
2.67	5.58
2.75	5.54
2.83	5.51
2.92	5.46
3.00	5.41
3.08	5.33
3.17	5.25
3.25	5.17
3.33	5.09
3.42	5.01
3.50	4.94
3.58	4.87
3.67	4.78
3.75	4.68
3.83	4.57
3.92	4.46
4.00	4.36
4.08	4.29
4.17	4.21
4.25	4.15
4.33	4.08
4.42	4.02
4.50	3.94
4.58	3.87
4.67	3.80
4.75	3.73
4.83	3.67
4.92	3.62
5.00	3.58
5.08	3.54
5.17	3.51
5.25	3.49
5.33	3.47
5.42	3.46
5.50	3.45
5.58	3.44
5.67	3.44
5.75	3.43
5.83	3.43
5.92	3.43
6.00	3.41
6.08	3.39
6.17	3.37
6.25	3.33
6.33	3.30
6.42	3.28
6.50	3.25
6.58	3.22
6.67	3.18
6.75	3.13
6.83	3.08
6.92	3.03
7.00	2.97
7.08	2.92
7.17	2.89
7.25	2.84
7.33	2.79
7.42	2.74
7.50	2.70
7.58	2.66
7.67	2.62
7.75	2.59
7.83	2.56
7.92	2.54
8.00	2.52
8.08	2.47
8.17	2.45
8.25	2.43
8.33	2.43
8.42	2.43
8.50	2.44
8.58	2.47
8.67	2.52
8.75	2.59
8.83	2.67
8.92	2.78
9.00	2.91
9.08	3.07
9.17	3.26
9.25	3.47
9.33	3.71
9.42	3.96
9.50	4.23
9.58	4.51
9.67	4.79
9.75	5.07
9.83	5.35
9.92	5.63
10.00	5.89
10.08	6.14
10.17	6.37
10.25	6.59
10.33	6.79
10.42	6.99
10.50	7.18
10.58	7.39
10.67	7.59
10.75	7.77
10.83	7.95
10.92	8.15
11.00	8.34
11.08	8.54
11.17	8.75
11.25	8.95
11.33	9.15
11.42	9.39
11.50	9.63
11.58	9.87
11.67	10.14
11.75	10.44
11.83	10.76
11.92	11.10
12.00	11.45
12.08	11.82
12.17	12.20
12.25	12.60
12.33	13.00
12.42	13.41
12.50	13.82
12.58	14.24
12.67	14.63
12.75	15.00
12.83	15.37
12.92	15.74
13.00	16.11
13.08	16.46
13.17	16.80
13.25	17.14
13.33	17.46
13.42	17.76
13.50	18.05
13.58	18.33
13.67	18.63
13.75	18.92
13.83	19.17
13.92	19.41
14.00	19.65
14.08	19.90
14.17	20.13
14.25	20.34
14.33	20.55
14.42	20.76
14.50	20.99
14.58	21.22
14.67	21.46
14.75	21.72
14.83	22.00
14.92	22.32
15.00	22.64
15.08	22.95
15.17	23.28
15.25	23.57
15.33	23.83
15.42	24.06
15.50	24.27
15.58	24.45
15.67	24.62
15.75	24.82
15.83	25.01
15.92	25.22
16.00	25.42
16.08	25.60
16.17	25.77
16.25	25.97
16.33	26.17
16.42	26.36
16.50	26.55
16.58	26.73
16.67	26.88
16.75	26.97
16.83	27.03
16.92	27.02
17.00	27.01
17.08	27.00
17.17	27.00
17.25	27.00
17.33	27.00
17.42	27.02
17.50	27.03
17.58	27.04
17.67	27.04
17.75	27.05
17.83	27.09
17.92	27.14
18.00	27.19
18.08	27.24
18.17	27.27
18.25	27.26
18.33	27.24
18.42	27.19
18.50	27.13
18.58	27.06
18.67	26.98
18.75	26.88
18.83	26.76
18.92	26.62
19.00	26.47
19.08	26.31
19.17	26.17
19.25	26.04
19.33	25.93
19.42	25.82
19.50	25.71
19.58	25.61
19.67	25.50
19.75	25.39
19.83	25.28
19.92	25.16
20.00	25.03
20.08	24.91
20.17	24.77
20.25	24.63
20.33	24.47
20.42	24.30
20.50	24.11
20.58	23.92
20.67	23.73
20.75	23.51
20.83	23.27
20.92	23.04
21.00	22.79
21.08	22.54
21.17	22.28
21.25	22.03
21.33	21.78
21.42	21.54
21.50	21.31
21.58	21.09
21.67	20.87
21.75	20.65
21.83	20.46
21.92	20.28
22.00	20.11
22.08	19.95
22.17	19.78
22.25	19.61
22.33	19.41
22.42	19.19
22.50	18.93
22.58	18.64
22.67	18.34
22.75	18.01
22.83	17.62
22.92	17.22
23.00	16.79
23.08	16.33
23.17	15.86
23.25	15.36
23.33	14.86
23.42	14.39
23.50	13.95
23.58	13.55
23.67	13.20
23.75	12.93
23.83	12.75
23.92	12.66
0.00	10.54
0.08	10.49
0.17	10.42
0.25	10.32
0.33	10.16
0.42	9.97
0.50	9.75
0.58	9.54
0.67	9.34
0.75	9.14
0.83	8.94
0.92	8.72
1.00	8.54
1.08	8.36
1.17	8.20
1.25	8.04
1.33	7.90
1.42	7.77
1.50	7.63
1.58	7.50
1.67	7.38
1.75	7.27
1.83	7.17
1.92	7.09
2.00	7.01
2.08	6.94
2.17	6.88
2.25	6.83
2.33	6.79
2.42	6.76
2.50	6.73
2.58	6.70
2.67	6.68
2.75	6.65
2.83	6.62
2.92	6.58
3.00	6.53
3.08	6.47
3.17	6.41
3.25	6.35
3.33	6.28
3.42	6.22
3.50	6.16
3.58	6.09
3.67	6.01
3.75	5.93
3.83	5.85
3.92	5.76
4.00	5.69
4.08	5.62
4.17	5.57
4.25	5.52
4.33	5.48
4.42	5.41
4.50	5.35
4.58	5.30
4.67	5.23
4.75	5.15
4.83	5.08
4.92	5.01
5.00	4.93
5.08	4.83
5.17	4.71
5.25	4.58
5.33	4.45
5.42	4.33
5.50	4.21
5.58	4.10
5.67	4.02
5.75	3.95
5.83	3.88
5.92	3.80
6.00	3.73
6.08	3.66
6.17	3.59
6.25	3.53
6.33	3.47
6.42	3.41
6.50	3.35
6.58	3.28
6.67	3.21
6.75	3.15
6.83	3.09
6.92	3.02
7.00	2.97
7.08	2.94
7.17	2.90
7.25	2.88
7.33	2.85
7.42	2.83
7.50	2.81
7.58	2.80
7.67	2.79
7.75	2.78
7.83	2.77
7.92	2.77
8.00	2.75
8.08	2.73
8.17	2.73
8.25	2.73
8.33	2.73
8.42	2.74
8.50	2.76
8.58	2.79
8.67	2.84
8.75	2.90
8.83	2.97
8.92	3.07
9.00	3.20
9.08	3.36
9.17	3.55
9.25	3.76
9.33	4.00
9.42	4.26
9.50	4.53
9.58	4.82
9.67	5.12
9.75	5.42
9.83	5.72
9.92	6.00
10.00	6.26
10.08	6.51
10.17	6.73
10.25	6.94
10.33	7.13
10.42	7.33
10.50	7.53
10.58	7.71
10.67	7.86
10.75	8.01
10.83	8.18
10.92	8.33
11.00	8.50
11.08	8.67
11.17	8.84
11.25	9.01
11.33	9.19
11.42	9.37
11.50	9.55
11.58	9.76
11.67	9.98
11.75	10.22
11.83	10.47
11.92	10.73
12.00	10.99
12.08	11.25
12.17	11.53
12.25	11.81
12.33	12.08
12.42	12.34
12.50	12.60
12.58	12.84
12.67	13.06
12.75	13.27
12.83	13.50
12.92	13.73
13.00	13.95
13.08	14.17
13.17	14.38
13.25	14.58
13.33	14.77
13.42	14.98
13.50	15.20
13.58	15.41
13.67	15.62
13.75	15.79
13.83	15.93
13.92	16.07
14.00	16.23
14.08	16.39
14.17	16.53
14.25	16.69
14.33	16.87
14.42	17.04
14.50	17.26
14.58	17.50
14.67	17.76
14.75	18.06
14.83	18.37
14.92	18.68
15.00	18.99
15.08	19.30
15.17	19.62
15.25	19.91
15.33	20.19
15.42	20.45
15.50	20.69
15.58	20.93
15.67	21.17
15.75	21.41
15.83	21.58
15.92	21.72
16.00	21.85
16.08	22.00
16.17	22.17
16.25	22.35
16.33	22.54
16.42	22.72
16.50	22.87
16.58	22.97
16.67	23.06
16.75	23.18
16.83	23.39
16.92	23.61
17.00	23.83
17.08	24.04
17.17	24.24
17.25	24.42
17.33	24.57
17.42	24.70
17.50	24.89
17.58	25.06
17.67	25.22
17.75	25.35
17.83	25.46
17.92	25.56
18.00	25.65
18.08	25.74
18.17	25.80
18.25	25.84
18.33	25.90
18.42	25.94
18.50	25.98
18.58	26.01
18.67	26.02
18.75	26.03
18.83	25.99
18.92	25.94
19.00	25.86
19.08	25.77
19.17	25.67
19.25	25.54
19.33	25.37
19.42	25.18
19.50	24.95
19.58	24.70
19.67	24.45
19.75	24.18
19.83	23.90
19.92	23.62
20.00	23.31
20.08	23.01
20.17	22.71
20.25	22.44
20.33	22.18
20.42	21.93
20.50	21.73
20.58	21.58
20.67	21.44
20.75	21.31
20.83	21.19
20.92	21.05
21.00	20.90
21.08	20.75
21.17	20.56
21.25	20.35
21.33	20.11
21.42	19.85
21.50	19.54
21.58	19.18
21.67	18.77
21.75	18.33
21.83	17.89
21.92	17.44
22.00	16.99
22.08	16.54
22.17	16.11
22.25	15.70
22.33	15.30
22.42	14.89
22.50	14.48
22.58	14.09
22.67	13.72
22.75	13.33
22.83	12.95
22.92	12.58
23.00	12.24
23.08	11.91
23.17	11.57
23.25	11.23
23.33	10.91
23.42	10.61
23.50	10.32
23.58	10.07
23.67	9.87
23.75	9.73
23.83	9.64
23.92	9.60
0.00	6.88
0.08	6.86
0.17	6.86
0.25	6.89
0.33	6.90
0.42	6.91
0.50	6.92
0.58	6.94
0.67	6.99
0.75	7.05
0.83	7.07
0.92	7.08
1.00	7.11
1.08	7.14
1.17	7.18
1.25	7.23
1.33	7.27
1.42	7.29
1.50	7.31
1.58	7.33
1.67	7.36
1.75	7.39
1.83	7.43
1.92	7.46
2.00	7.51
2.08	7.55
2.17	7.58
2.25	7.60
2.33	7.62
2.42	7.68
2.50	7.75
2.58	7.79
2.67	7.82
2.75	7.88
2.83	7.94
2.92	7.97
3.00	7.93
3.08	7.87
3.17	7.80
3.25	7.76
3.33	7.70
3.42	7.62
3.50	7.55
3.58	7.47
3.67	7.34
3.75	7.18
3.83	6.99
3.92	6.84
4.00	6.73
4.08	6.61
4.17	6.50
4.25	6.37
4.33	6.23
4.42	6.07
4.50	5.91
4.58	5.75
4.67	5.60
4.75	5.45
4.83	5.30
4.92	5.15
5.00	5.00
5.08	4.84
5.17	4.66
5.25	4.49
5.33	4.32
5.42	4.16
5.50	4.01
5.58	3.89
5.67	3.80
5.75	3.72
5.83	3.66
5.92	3.61
6.00	3.56
6.08	3.52
6.17	3.50
6.25	3.48
6.33	3.46
6.42	3.42
6.50	3.36
6.58	3.27
6.67	3.17
6.75	3.05
6.83	2.94
6.92	2.84
7.00	2.76
7.08	2.67
7.17	2.58
7.25	2.50
7.33	2.42
7.42	2.35
7.50	2.31
7.58	2.28
7.67	2.27
7.75	2.27
7.83	2.27
7.92	2.26
8.00	2.27
8.08	2.29
8.17	2.32
8.25	2.35
8.33	2.38
8.42	2.41
8.50	2.45
8.58	2.51
8.67	2.57
8.75	2.63
8.83	2.69
8.92	2.76
9.00	2.85
9.08	2.96
9.17	3.09
9.25	3.24
9.33	3.42
9.42	3.62
9.50	3.84
9.58	4.05
9.67	4.29
9.75	4.53
9.83	4.77
9.92	5.01
10.00	5.24
10.08	5.47
10.17	5.68
10.25	5.88
10.33	6.08
10.42	6.28
10.50	6.48
10.58	6.65
10.67	6.82
10.75	7.00
10.83	7.20
10.92	7.39
11.00	7.59
11.08	7.79
11.17	8.00
11.25	8.22
11.33	8.45
11.42	8.66
11.50	8.88
11.58	9.12
11.67	9.38
11.75	9.63
11.83	9.88
11.92	10.15
12.00	10.41
12.08	10.68
12.17	10.95
12.25	11.20
12.33	11.45
12.42	11.70
12.50	11.94
12.58	12.15
12.67	12.35
12.75	12.55
12.83	12.76
12.92	12.96
13.00	13.17
13.08	13.37
13.17	13.58
13.25	13.78
13.33	14.01
13.42	14.27
13.50	14.54
13.58	14.85
13.67	15.14
13.75	15.41
13.83	15.69
13.92	15.98
14.00	16.28
14.08	16.56
14.17	16.85
14.25	17.14
14.33	17.41
14.42	17.69
14.50	17.96
14.58	18.24
14.67	18.54
14.75	18.85
14.83	19.15
14.92	19.45
15.00	19.74
15.08	20.05
15.17	20.34
15.25	20.65
15.33	20.96
15.42	21.27
15.50	21.59
15.58	21.95
15.67	22.34
15.75	22.71
15.83	23.07
15.92	23.44
16.00	23.81
16.08	24.18
16.17	24.56
16.25	24.92
16.33	25.27
16.42	25.56
16.50	25.78
16.58	25.94
16.67	26.10
16.75	26.29
16.83	26.48
16.92	26.65
17.00	26.81
17.08	26.96
17.17	27.10
17.25	27.22
17.33	27.32
17.42	27.45
17.50	27.57
17.58	27.66
17.67	27.74
17.75	27.82
17.83	27.88
17.92	27.95
18.00	28.03
18.08	28.07
18.17	28.07
18.25	28.06
18.33	28.05
18.42	28.05
18.50	28.07
18.58	28.08
18.67	28.07
18.75	28.05
18.83	28.01
18.92	27.92
19.00	27.83
19.08	27.77
19.17	27.70
19.25	27.63
19.33	27.55
19.42	27.43
19.50	27.33
19.58	27.22
19.67	27.09
19.75	26.97
19.83	26.88
19.92	26.79
20.00	26.70
20.08	26.61
20.17	26.54
20.25	26.47
20.33	26.44
20.42	26.42
20.50	26.40
20.58	26.37
20.67	26.34
20.75	26.29
20.83	26.23
20.92	26.16
21.00	26.08
21.08	25.98
21.17	25.87
21.25	25.74
21.33	25.59
21.42	25.43
21.50	25.24
21.58	25.02
21.67	24.78
21.75	24.55
21.83	24.30
21.92	24.03
22.00	23.74
22.08	23.47
22.17	23.22
22.25	22.95
22.33	22.68
22.42	22.39
22.50	22.11
22.58	21.82
22.67	21.47
22.75	21.07
22.83	20.65
22.92	20.23
23.00	19.80
23.08	19.31
23.17	18.80
23.25	18.29
23.33	17.78
23.42	17.27
23.50	16.75
23.58	16.29
23.67	15.95
23.75	15.71
23.83	15.53
23.92	15.44
