0.00	2.91
0.08	2.91
0.17	2.91
0.25	2.90
0.33	2.91
0.42	2.92
0.50	2.92
0.58	2.92
0.67	2.92
0.75	2.88
0.83	2.87
0.92	2.87
1.00	2.86
1.08	2.84
1.17	2.81
1.25	2.79
1.33	2.77
1.42	2.76
1.50	2.76
1.58	2.77
1.67	2.78
1.75	2.75
1.83	2.72
1.92	2.71
2.00	2.71
2.08	2.72
2.17	2.73
2.25	2.75
2.33	2.76
2.42	2.76
2.50	2.76
2.58	2.75
2.67	2.76
2.75	2.79
2.83	2.80
2.92	2.78
3.00	2.77
3.08	2.76
3.17	2.74
3.25	2.73
3.33	2.71
3.42	2.69
3.50	2.67
3.58	2.65
3.67	2.63
3.75	2.60
3.83	2.58
3.92	2.55
4.00	2.52
4.08	2.49
4.17	2.47
4.25	2.44
4.33	2.41
4.42	2.40
4.50	2.38
4.58	2.37
4.67	2.36
4.75	2.35
4.83	2.33
4.92	2.33
5.00	2.32
5.08	2.30
5.17	2.29
5.25	2.29
5.33	2.29
5.42	2.28
5.50	2.26
5.58	2.25
5.67	2.24
5.75	2.23
5.83	2.22
5.92	2.22
6.00	2.21
6.08	2.21
6.17	2.21
6.25	2.20
6.33	2.19
6.42	2.19
6.50	2.19
6.58	2.19
6.67	2.19
6.75	2.19
6.83	2.18
6.92	2.17
7.00	2.16
7.08	2.16
7.17	2.15
7.25	2.15
7.33	2.14
7.42	2.14
7.50	2.13
7.58	2.12
7.67	2.11
7.75	2.11
7.83	2.10
7.92	2.10
8.00	2.09
8.08	2.08
8.17	2.06
8.25	2.04
8.33	2.02
8.42	2.00
8.50	1.98
8.58	1.95
8.67	1.93
8.75	1.91
8.83	1.91
8.92	1.93
9.00	1.98
9.08	2.04
9.17	2.13
9.25	2.26
9.33	2.42
9.42	2.63
9.50	2.87
9.58	3.13
9.67	3.43
9.75	3.75
9.83	4.07
9.92	4.40
10.00	4.74
10.08	5.08
10.17	5.41
10.25	5.73
10.33	6.04
10.42	6.33
10.50	6.61
10.58	6.87
10.67	7.13
10.75	7.38
10.83	7.62
10.92	7.86
11.00	8.08
11.08	8.29
11.17	8.49
11.25	8.68
11.33	8.86
11.42	9.02
11.50	9.21
11.58	9.38
11.67	9.53
11.75	9.68
11.83	9.81
11.92	9.94
12.00	10.07
12.08	10.19
12.17	10.29
12.25	10.39
12.33	10.50
12.42	10.59
12.50	10.68
12.58	10.76
12.67	10.84
12.75	10.92
12.83	11.00
12.92	11.08
13.00	11.16
13.08	11.25
13.17	11.34
13.25	11.44
13.33	11.55
13.42	11.65
13.50	11.77
13.58	11.90
13.67	12.05
13.75	12.20
13.83	12.37
13.92	12.54
14.00	12.71
14.08	12.90
14.17	13.08
14.25	13.25
14.33	13.43
14.42	13.60
14.50	13.77
14.58	13.92
14.67	14.08
14.75	14.22
14.83	14.36
14.92	14.49
15.00	14.61
15.08	14.73
15.17	14.85
15.25	14.96
15.33	15.07
15.42	15.17
15.50	15.26
15.58	15.33
15.67	15.38
15.75	15.41
15.83	15.41
15.92	15.40
16.00	15.37
16.08	15.32
16.17	15.26
16.25	15.18
16.33	15.10
16.42	15.00
16.50	14.90
16.58	14.80
16.67	14.71
16.75	14.64
16.83	14.59
16.92	14.57
17.00	14.57
17.08	14.59
17.17	14.62
17.25	14.65
17.33	14.69
17.42	14.73
17.50	14.76
17.58	14.80
17.67	14.85
17.75	14.87
17.83	14.86
17.92	14.87
18.00	14.91
18.08	14.93
18.17	14.94
18.25	14.93
18.33	14.91
18.42	14.89
18.50	14.86
18.58	14.81
18.67	14.73
18.75	14.66
18.83	14.60
18.92	14.47
19.00	14.33
19.08	14.21
19.17	14.11
19.25	14.03
19.33	13.96
19.42	13.88
19.50	13.80
19.58	13.74
19.67	13.69
19.75	13.67
19.83	13.69
19.92	13.71
20.00	13.71
20.08	13.67
20.17	13.63
20.25	13.59
20.33	13.56
20.42	13.54
20.50	13.52
20.58	13.50
20.67	13.46
20.75	13.38
20.83	13.28
20.92	13.17
21.00	13.06
21.08	12.95
21.17	12.80
21.25	12.65
21.33	12.48
21.42	12.31
21.50	12.16
21.58	12.00
21.67	11.82
21.75	11.64
21.83	11.45
21.92	11.25
22.00	11.05
22.08	10.86
22.17	10.68
22.25	10.48
22.33	10.28
22.42	10.04
22.50	9.79
22.58	9.56
22.67	9.33
22.75	9.09
22.83	8.85
22.92	8.60
23.00	8.35
23.08	8.10
23.17	7.84
23.25	7.59
23.33	7.32
23.42	7.07
23.50	6.79
23.58	6.55
23.67	6.34
23.75	6.19
23.83	6.09
23.92	6.03
0.00	5.01
0.08	5.00
0.17	4.97
0.25	4.92
0.33	4.83
0.42	4.76
0.50	4.67
0.58	4.58
0.67	4.46
0.75	4.35
0.83	4.28
0.92	4.20
1.00	4.10
1.08	4.00
1.17	3.90
1.25	3.81
1.33	3.72
1.42	3.65
1.50	3.59
1.58	3.53
1.67	3.45
1.75	3.36
1.83	3.31
1.92	3.27
2.00	3.25
2.08	3.23
2.17	3.22
2.25	3.20
2.33	3.19
2.42	3.17
2.50	3.15
2.58	3.14
2.67	3.16
2.75	3.15
2.83	3.12
2.92	3.10
3.00	3.08
3.08	3.06
3.17	3.05
3.25	3.04
3.33	3.02
3.42	3.01
3.50	3.00
3.58	2.98
3.67	2.97
3.75	2.96
3.83	2.96
3.92	2.95
4.00	2.94
4.08	2.93
4.17	2.93
4.25	2.92
4.33	2.93
4.42	2.95
4.50	2.98
4.58	3.00
4.67	3.03
4.75	3.06
4.83	3.08
4.92	3.11
5.00	3.12
5.08	3.13
5.17	3.16
5.25	3.19
5.33	3.19
5.42	3.18
5.50	3.17
5.58	3.15
5.67	3.13
5.75	3.11
5.83	3.10
5.92	3.08
6.00	3.06
6.08	3.03
6.17	2.99
6.25	2.95
6.33	2.92
6.42	2.90
6.50	2.89
6.58	2.88
6.67	2.86
6.75	2.82
6.83	2.77
6.92	2.74
7.00	2.71
7.08	2.67
7.17	2.65
7.25	2.62
7.33	2.59
7.42	2.54
7.50	2.49
7.58	2.45
7.67	2.42
7.75	2.39
7.83	2.37
7.92	2.34
8.00	2.32
8.08	2.29
8.17	2.27
8.25	2.24
8.33	2.21
8.42	2.19
8.50	2.16
8.58	2.14
8.67	2.12
8.75	2.11
8.83	2.12
8.92	2.15
9.00	2.18
9.08	2.24
9.17	2.32
9.25	2.45
9.33	2.61
9.42	2.80
9.50	3.02
9.58	3.27
9.67	3.54
9.75	3.82
9.83	4.12
9.92	4.42
10.00	4.72
10.08	5.02
10.17	5.30
10.25	5.56
10.33	5.81
10.42	6.03
10.50	6.22
10.58	6.39
10.67	6.55
10.75	6.68
10.83	6.80
10.92	6.92
11.00	7.04
11.08	7.15
11.17	7.26
11.25	7.37
11.33	7.47
11.42	7.60
11.50	7.74
11.58	7.87
11.67	7.99
11.75	8.12
11.83	8.25
11.92	8.39
12.00	8.52
12.08	8.65
12.17	8.79
12.25	8.94
12.33	9.11
12.42	9.28
12.50	9.46
12.58	9.66
12.67	9.89
12.75	10.14
12.83	10.40
12.92	10.66
13.00	10.93
13.08	11.20
13.17	11.47
13.25	11.74
13.33	12.00
13.42	12.27
13.50	12.54
13.58	12.81
13.67	13.08
13.75	13.35
13.83	13.60
13.92	13.86
14.00	14.11
14.08	14.34
14.17	14.56
14.25	14.75
14.33	14.93
14.42	15.09
14.50	15.21
14.58	15.33
14.67	15.43
14.75	15.51
14.83	15.57
14.92	15.63
15.00	15.68
15.08	15.75
15.17	15.81
15.25	15.91
15.33	16.01
15.42	16.13
15.50	16.26
15.58	16.37
15.67	16.49
15.75	16.59
15.83	16.68
15.92	16.78
16.00	16.89
16.08	17.00
16.17	17.11
16.25	17.20
16.33	17.26
16.42	17.32
16.50	17.38
16.58	17.45
16.67	17.54
16.75	17.66
16.83	17.79
16.92	17.93
17.00	18.02
17.08	18.10
17.17	18.16
17.25	18.24
17.33	18.32
17.42	18.38
17.50	18.44
17.58	18.49
17.67	18.53
17.75	18.56
17.83	18.57
17.92	18.63
18.00	18.71
18.08	18.80
18.17	18.88
18.25	18.96
18.33	19.05
18.42	19.12
18.50	19.16
18.58	19.16
18.67	19.14
18.75	19.10
18.83	18.99
18.92	18.86
19.00	18.71
19.08	18.52
19.17	18.33
19.25	18.10
19.33	17.86
19.42	17.62
19.50	17.39
19.58	17.17
19.67	16.96
19.75	16.80
19.83	16.62
19.92	16.42
20.00	16.20
20.08	15.97
20.17	15.73
20.25	15.50
20.33	15.27
20.42	15.05
20.50	14.83
20.58	14.61
20.67	14.34
20.75	14.03
20.83	13.71
20.92	13.40
21.00	13.09
21.08	12.73
21.17	12.35
21.25	11.94
21.33	11.52
21.42	11.11
21.50	10.69
21.58	10.26
21.67	9.82
21.75	9.39
21.83	8.95
21.92	8.51
22.00	8.09
22.08	7.71
22.17	7.34
22.25	6.99
22.33	6.63
22.42	6.27
22.50	5.93
22.58	5.61
22.67	5.32
22.75	5.04
22.83	4.80
22.92	4.58
23.00	4.38
23.08	4.20
23.17	4.02
23.25	3.86
23.33	3.71
23.42	3.55
23.50	3.40
23.58	3.27
23.67	3.17
23.75	3.09
23.83	3.04
23.92	3.01
0.00	3.14
0.08	3.13
0.17	3.12
0.25	3.09
0.33	3.06
0.42	3.03
0.50	3.01
0.58	2.96
0.67	2.93
0.75	2.91
0.83	2.90
0.92	2.89
1.00	2.86
1.08	2.84
1.17	2.82
1.25	2.80
1.33	2.81
1.42	2.81
1.50	2.81
1.58	2.79
1.67	2.77
1.75	2.76
1.83	2.75
1.92	2.76
2.00	2.77
2.08	2.78
2.17	2.79
2.25	2.80
2.33	2.79
2.42	2.78
2.50	2.78
2.58	2.79
2.67	2.78
2.75	2.76
2.83	2.73
2.92	2.71
3.00	2.67
3.08	2.63
3.17	2.59
3.25	2.55
3.33	2.51
3.42	2.48
3.50	2.44
3.58	2.41
3.67	2.38
3.75	2.34
3.83	2.31
3.92	2.28
4.00	2.26
4.08	2.24
4.17	2.22
4.25	2.21
4.33	2.21
4.42	2.20
4.50	2.20
4.58	2.19
4.67	2.17
4.75	2.16
4.83	2.15
4.92	2.14
5.00	2.13
5.08	2.13
5.17	2.13
5.25	2.12
5.33	2.11
5.42	2.10
5.50	2.10
5.58	2.10
5.67	2.10
5.75	2.10
5.83	2.10
5.92	2.11
6.00	2.11
6.08	2.11
6.17	2.12
6.25	2.12
6.33	2.13
6.42	2.14
6.50	2.15
6.58	2.16
6.67	2.15
6.75	2.15
6.83	2.15
6.92	2.14
7.00	2.13
7.08	2.13
7.17	2.13
7.25	2.12
7.33	2.11
7.42	2.10
7.50	2.09
7.58	2.09
7.67	2.10
7.75	2.10
7.83	2.10
7.92	2.10
8.00	2.10
8.08	2.09
8.17	2.07
8.25	2.06
8.33	2.05
8.42	2.03
8.50	2.01
8.58	1.99
8.67	1.98
8.75	1.99
8.83	2.01
8.92	2.04
9.00	2.09
9.08	2.16
9.17	2.27
9.25	2.40
9.33	2.57
9.42	2.77
9.50	3.00
9.58	3.26
9.67	3.53
9.75	3.81
9.83	4.10
9.92	4.39
10.00	4.69
10.08	4.98
10.17	5.26
10.25	5.52
10.33	5.77
10.42	6.00
10.50	6.21
10.58	6.42
10.67	6.61
10.75	6.79
10.83	6.97
10.92	7.13
11.00	7.28
11.08	7.43
11.17	7.56
11.25	7.69
11.33	7.81
11.42	7.95
11.50	8.06
11.58	8.18
11.67	8.30
11.75	8.41
11.83	8.53
11.92	8.66
12.00	8.78
12.08	8.91
12.17	9.06
12.25	9.21
12.33	9.36
12.42	9.50
12.50	9.65
12.58	9.82
12.67	9.98
12.75	10.15
12.83	10.31
12.92	10.47
13.00	10.64
13.08	10.81
13.17	10.98
13.25	11.16
13.33	11.34
13.42	11.52
13.50	11.71
13.58	11.90
13.67	12.13
13.75	12.39
13.83	12.66
13.92	12.95
14.00	13.24
14.08	13.54
14.17	13.85
14.25	14.17
14.33	14.49
14.42	14.81
14.50	15.14
14.58	15.48
14.67	15.80
14.75	16.11
14.83	16.41
14.92	16.71
15.00	17.00
15.08	17.28
15.17	17.59
15.25	17.88
15.33	18.15
15.42	18.43
15.50	18.65
15.58	18.84
15.67	18.98
15.75	19.08
15.83	19.14
15.92	19.19
16.00	19.22
16.08	19.23
16.17	19.21
16.25	19.18
16.33	19.15
16.42	19.13
16.50	19.13
16.58	19.16
16.67	19.23
16.75	19.33
16.83	19.47
16.92	19.63
17.00	19.80
17.08	19.98
17.17	20.16
17.25	20.35
17.33	20.54
17.42	20.71
17.50	20.87
17.58	21.00
17.67	21.13
17.75	21.23
17.83	21.32
17.92	21.42
18.00	21.52
18.08	21.62
18.17	21.71
18.25	21.81
18.33	21.91
18.42	21.98
18.50	22.03
18.58	22.07
18.67	22.11
18.75	22.12
18.83	22.09
18.92	22.02
19.00	21.91
19.08	21.79
19.17	21.65
19.25	21.50
19.33	21.35
19.42	21.22
19.50	21.11
19.58	21.00
19.67	20.92
19.75	20.85
19.83	20.80
19.92	20.73
20.00	20.66
20.08	20.58
20.17	20.49
20.25	20.40
20.33	20.29
20.42	20.16
20.50	20.02
20.58	19.86
20.67	19.67
20.75	19.47
20.83	19.26
20.92	19.05
21.00	18.79
21.08	18.51
21.17	18.21
21.25	17.90
21.33	17.61
21.42	17.29
21.50	16.97
21.58	16.62
21.67	16.24
21.75	15.81
21.83	15.36
21.92	14.91
22.00	14.48
22.08	14.03
22.17	13.58
22.25	13.11
22.33	12.63
22.42	12.19
22.50	11.74
22.58	11.30
22.67	10.89
22.75	10.50
22.83	10.14
22.92	9.80
23.00	9.47
23.08	9.15
23.17	8.85
23.25	8.56
23.33	8.25
23.42	7.95
23.50	7.65
23.58	7.40
23.67	7.19
23.75	7.03
23.83	6.93
23.92	6.87
0.00	NaN
0.08	NaN
0.17	NaN
0.25	NaN
0.33	NaN
0.42	NaN
0.50	NaN
0.58	NaN
0.67	NaN
0.75	NaN
0.83	NaN
0.92	NaN
1.00	NaN
1.08	NaN
1.17	4.40
1.25	4.36
1.33	4.31
1.42	4.26
1.50	4.20
1.58	4.12
1.67	4.10
1.75	4.12
1.83	4.13
1.92	4.15
2.00	4.17
2.08	4.18
2.17	4.19
2.25	4.19
2.33	4.18
2.42	4.16
2.50	4.17
2.58	4.16
2.67	4.08
2.75	3.99
2.83	3.90
2.92	3.81
3.00	3.72
3.08	3.63
3.17	3.53
3.25	3.44
3.33	3.36
3.42	3.29
3.50	3.22
3.58	3.17
3.67	3.12
3.75	3.08
3.83	3.04
3.92	3.02
4.00	3.01
4.08	3.00
4.17	3.01
4.25	3.03
4.33	3.05
4.42	3.06
4.50	3.07
4.58	3.08
4.67	3.09
4.75	3.09
4.83	3.09
4.92	3.07
5.00	3.06
5.08	3.05
5.17	3.03
5.25	2.99
5.33	2.96
5.42	2.93
5.50	2.90
5.58	2.87
5.67	2.84
5.75	2.81
5.83	2.79
5.92	2.76
6.00	2.73
6.08	2.70
6.17	2.68
6.25	2.66
6.33	2.65
6.42	2.64
6.50	2.64
6.58	2.63
6.67	2.63
6.75	2.63
6.83	2.61
6.92	2.60
7.00	2.60
7.08	2.61
7.17	2.61
7.25	2.60
7.33	2.58
7.42	2.56
7.50	2.54
7.58	2.51
7.67	2.48
7.75	2.44
7.83	2.39
7.92	2.34
8.00	2.29
8.08	2.23
8.17	2.17
8.25	2.12
8.33	2.06
8.42	2.01
8.50	1.96
8.58	1.92
8.67	1.91
8.75	1.91
8.83	1.93
8.92	1.95
9.00	1.99
9.08	2.05
9.17	2.15
9.25	2.28
9.33	2.45
9.42	2.65
9.50	2.89
9.58	3.15
9.67	3.43
9.75	3.74
9.83	4.07
9.92	4.42
10.00	4.79
10.08	5.15
10.17	5.51
10.25	5.87
10.33	6.19
10.42	6.51
10.50	6.83
10.58	7.13
10.67	7.41
10.75	7.68
10.83	7.93
10.92	8.16
11.00	8.39
11.08	8.61
11.17	8.82
11.25	9.03
11.33	9.25
11.42	9.46
11.50	9.66
11.58	9.88
11.67	10.11
11.75	10.36
11.83	10.62
11.92	10.89
12.00	11.18
12.08	11.48
12.17	11.78
12.25	12.09
12.33	12.38
12.42	12.66
12.50	12.94
12.58	13.21
12.67	13.48
12.75	13.74
12.83	13.99
12.92	14.24
13.00	14.47
13.08	14.72
13.17	14.95
13.25	15.19
13.33	15.45
13.42	15.71
13.50	15.96
13.58	16.23
13.67	16.51
13.75	16.78
13.83	17.04
13.92	17.30
14.00	17.57
14.08	17.83
14.17	18.11
14.25	18.39
14.33	18.67
14.42	18.95
14.50	19.24
14.58	19.49
14.67	19.73
14.75	19.97
14.83	20.22
14.92	20.46
15.00	20.71
15.08	20.98
15.17	21.27
15.25	21.56
15.33	21.84
15.42	22.10
15.50	22.35
15.58	22.57
15.67	22.79
15.75	23.00
15.83	23.21
15.92	23.42
16.00	23.65
16.08	23.84
16.17	24.03
16.25	24.23
16.33	24.43
16.42	24.63
16.50	24.83
16.58	25.03
16.67	25.21
16.75	25.36
16.83	25.51
16.92	25.63
17.00	25.73
17.08	25.81
17.17	25.87
17.25	25.93
17.33	25.99
17.42	26.06
17.50	26.14
17.58	26.23
17.67	26.31
17.75	26.36
17.83	26.38
17.92	26.40
18.00	26.41
18.08	26.41
18.17	26.39
18.25	26.37
18.33	26.32
18.42	26.24
18.50	26.14
18.58	26.05
18.67	25.98
18.75	25.94
18.83	25.90
18.92	25.85
19.00	25.81
19.08	25.76
19.17	25.71
19.25	25.64
19.33	25.59
19.42	25.56
19.50	25.52
19.58	25.51
19.67	25.50
19.75	25.49
19.83	25.43
19.92	25.33
20.00	25.21
20.08	25.08
20.17	24.92
20.25	24.74
20.33	24.53
20.42	24.28
20.50	23.99
20.58	23.65
20.67	23.27
20.75	22.87
20.83	22.49
20.92	22.10
21.00	21.70
21.08	21.28
21.17	20.85
21.25	20.43
21.33	20.00
21.42	19.54
21.50	19.07
21.58	18.60
21.67	18.11
21.75	17.61
21.83	17.10
21.92	16.58
22.00	16.05
22.08	15.52
22.17	14.98
22.25	14.45
22.33	13.95
22.42	13.47
22.50	13.01
22.58	12.56
22.67	12.12
22.75	11.70
22.83	11.30
22.92	10.92
23.00	10.55
23.08	10.20
23.17	9.86
23.25	9.51
23.33	9.16
23.42	8.82
23.50	8.51
23.58	8.24
23.67	8.01
23.75	7.83
23.83	7.70
23.92	7.63
0.00	7.53
0.08	7.51
0.17	7.48
0.25	7.45
0.33	7.39
0.42	7.31
0.50	7.21
0.58	7.16
0.67	7.13
0.75	7.06
0.83	6.98
0.92	6.90
1.00	6.83
1.08	6.76
1.17	6.72
1.25	6.68
1.33	6.66
1.42	6.64
1.50	6.58
1.58	6.46
1.67	6.41
1.75	6.39
1.83	6.39
1.92	6.38
2.00	6.39
2.08	6.40
2.17	6.41
2.25	6.42
2.33	6.43
2.42	6.46
2.50	6.53
2.58	6.57
2.67	6.58
2.75	6.57
2.83	6.53
2.92	6.47
3.00	6.39
3.08	6.29
3.17	6.19
3.25	6.06
3.33	5.93
3.42	5.77
3.50	5.61
3.58	5.44
3.67	5.27
3.75	5.12
3.83	4.97
3.92	4.83
4.00	4.70
4.08	4.57
4.17	4.48
4.25	4.39
4.33	4.31
4.42	4.25
4.50	4.20
4.58	4.17
4.67	4.15
4.75	4.14
4.83	4.13
4.92	4.13
5.00	4.15
5.08	4.16
5.17	4.14
5.25	4.12
5.33	4.10
5.42	4.07
5.50	4.04
5.58	4.01
5.67	3.99
5.75	3.96
5.83	3.94
5.92	3.90
6.00	3.86
6.08	3.83
6.17	3.81
6.25	3.78
6.33	3.76
6.42	3.72
6.50	3.68
6.58	3.63
6.67	3.57
6.75	3.53
6.83	3.49
6.92	3.45
7.00	3.40
7.08	3.34
7.17	3.29
7.25	3.24
7.33	3.19
7.42	3.15
7.50	3.11
7.58	3.06
7.67	3.01
7.75	2.95
7.83	2.89
7.92	2.83
8.00	2.76
8.08	2.70
8.17	2.64
8.25	2.59
8.33	2.54
8.42	2.50
8.50	2.44
8.58	2.41
8.67	2.39
8.75	2.38
8.83	2.39
8.92	2.43
9.00	2.49
9.08	2.59
9.17	2.72
9.25	2.88
9.33	3.08
9.42	3.32
9.50	3.60
9.58	3.90
9.67	4.22
9.75	4.58
9.83	4.95
9.92	5.33
10.00	5.72
10.08	6.11
10.17	6.50
10.25	6.85
10.33	7.17
10.42	7.49
10.50	7.77
10.58	8.04
10.67	8.30
10.75	8.55
10.83	8.80
10.92	9.04
11.00	9.27
11.08	9.50
11.17	9.74
11.25	10.03
11.33	10.33
11.42	10.62
11.50	10.89
11.58	11.17
11.67	11.44
11.75	11.72
11.83	12.00
11.92	12.29
12.00	12.62
12.08	12.96
12.17	13.29
12.25	13.61
12.33	13.93
12.42	14.29
12.50	14.67
12.58	15.06
12.67	15.44
12.75	15.81
12.83	16.16
12.92	16.50
13.00	16.82
13.08	17.12
13.17	17.41
13.25	17.69
13.33	17.97
13.42	18.26
13.50	18.56
13.58	18.88
13.67	19.19
13.75	19.50
13.83	19.83
13.92	20.15
14.00	20.47
14.08	20.79
14.17	21.11
14.25	21.42
14.33	21.74
14.42	22.08
14.50	22.39
14.58	22.70
14.67	23.02
14.75	23.33
14.83	23.63
14.92	23.93
15.00	24.25
15.08	24.59
15.17	24.93
15.25	25.27
15.33	25.56
15.42	25.83
15.50	26.06
15.58	26.27
15.67	26.46
15.75	26.62
15.83	26.75
15.92	26.85
16.00	26.89
16.08	26.88
16.17	26.83
16.25	26.76
16.33	26.66
16.42	26.55
16.50	26.43
16.58	26.29
16.67	26.18
16.75	26.02
16.83	25.84
16.92	25.66
17.00	25.48
17.08	25.32
17.17	25.16
17.25	25.00
17.33	24.84
17.42	24.69
17.50	24.54
17.58	24.37
17.67	24.22
17.75	24.12
17.83	24.02
17.92	23.93
18.00	23.84
18.08	23.77
18.17	23.70
18.25	23.65
18.33	23.56
18.42	23.47
18.50	23.40
18.58	23.31
18.67	23.21
18.75	23.14
18.83	23.07
18.92	23.01
19.00	22.96
19.08	22.91
19.17	22.86
19.25	22.84
19.33	22.84
19.42	22.84
19.50	22.89
19.58	22.97
19.67	23.02
19.75	23.00
19.83	22.93
19.92	22.83
20.00	22.71
20.08	22.57
20.17	22.41
20.25	22.24
20.33	22.06
20.42	21.87
20.50	21.60
20.58	21.32
20.67	21.06
20.75	20.87
20.83	20.69
20.92	20.51
21.00	20.32
21.08	20.10
21.17	19.88
21.25	19.64
21.33	19.39
21.42	19.12
21.50	18.82
21.58	18.48
21.67	18.10
21.75	17.66
21.83	17.20
21.92	16.71
22.00	16.22
22.08	15.70
22.17	15.16
22.25	14.65
22.33	14.12
22.42	13.59
22.50	13.07
22.58	12.56
22.67	12.06
22.75	11.59
22.83	11.13
22.92	10.68
23.00	10.25
23.08	9.81
23.17	9.38
23.25	8.94
23.33	8.53
23.42	8.17
23.50	7.84
23.58	7.56
23.67	7.33
23.75	7.12
23.83	6.97
23.92	6.88
0.00	5.90
0.08	5.89
0.17	5.86
0.25	5.82
0.33	5.79
0.42	5.73
0.50	5.68
0.58	5.67
0.67	5.64
0.75	5.58
0.83	5.53
0.92	5.48
1.00	5.43
1.08	5.38
1.17	5.34
1.25	5.30
1.33	5.28
1.42	5.23
1.50	5.16
1.58	5.13
1.67	5.15
1.75	5.17
1.83	5.20
1.92	5.24
2.00	5.30
2.08	5.36
2.17	5.43
2.25	5.50
2.33	5.59
2.42	5.69
2.50	5.76
2.58	5.81
2.67	5.85
2.75	5.89
2.83	5.93
2.92	5.96
3.00	5.98
3.08	5.98
3.17	5.97
3.25	5.94
3.33	5.91
3.42	5.85
3.50	5.79
3.58	5.71
3.67	5.63
3.75	5.53
3.83	5.42
3.92	5.31
4.00	5.19
4.08	5.09
4.17	5.00
4.25	4.91
4.33	4.83
4.42	4.75
4.50	4.68
4.58	4.60
4.67	4.53
4.75	4.44
4.83	4.36
4.92	4.29
5.00	4.22
5.08	4.12
5.17	4.03
5.25	3.93
5.33	3.82
5.42	3.70
5.50	3.60
5.58	3.50
5.67	3.42
5.75	3.35
5.83	3.27
5.92	3.17
6.00	3.08
6.08	3.00
6.17	2.94
6.25	2.88
6.33	2.83
6.42	2.77
6.50	2.70
6.58	2.63
6.67	2.57
6.75	2.50
6.83	2.45
6.92	2.41
7.00	2.37
7.08	2.33
7.17	2.28
7.25	2.25
7.33	2.21
7.42	2.18
7.50	2.16
7.58	2.14
7.67	2.11
7.75	2.09
7.83	2.06
7.92	2.02
8.00	1.99
8.08	1.95
8.17	1.92
8.25	1.88
8.33	1.84
8.42	1.81
8.50	1.80
8.58	1.81
8.67	1.83
8.75	1.85
8.83	1.87
8.92	1.92
9.00	1.99
9.08	2.08
9.17	2.21
9.25	2.37
9.33	2.55
9.42	2.77
9.50	2.99
9.58	3.24
9.67	3.52
9.75	3.82
9.83	4.13
9.92	4.45
10.00	4.75
10.08	5.06
10.17	5.34
10.25	5.59
10.33	5.84
10.42	6.06
10.50	6.26
10.58	6.45
10.67	6.62
10.75	6.80
10.83	6.97
10.92	7.14
11.00	7.31
11.08	7.49
11.17	7.69
11.25	7.91
11.33	8.12
11.42	8.34
11.50	8.57
11.58	8.81
11.67	9.05
11.75	9.29
11.83	9.53
11.92	9.78
12.00	10.04
12.08	10.30
12.17	10.55
12.25	10.79
12.33	11.06
12.42	11.35
12.50	11.65
12.58	11.95
12.67	12.25
12.75	12.55
12.83	12.85
12.92	13.16
13.00	13.49
13.08	13.82
13.17	14.17
13.25	14.54
13.33	14.91
13.42	15.27
13.50	15.63
13.58	16.00
13.67	16.36
13.75	16.75
13.83	17.11
13.92	17.46
14.00	17.79
14.08	18.11
14.17	18.40
14.25	18.64
14.33	18.89
14.42	19.12
14.50	19.34
14.58	19.52
14.67	19.67
14.75	19.80
14.83	19.92
14.92	20.03
15.00	20.16
15.08	20.28
15.17	20.40
15.25	20.51
15.33	20.59
15.42	20.66
15.50	20.70
15.58	20.74
15.67	20.79
15.75	20.84
15.83	20.90
15.92	20.95
16.00	20.97
16.08	20.99
16.17	21.02
16.25	21.05
16.33	21.10
16.42	21.18
16.50	21.26
16.58	21.35
16.67	21.42
16.75	21.47
16.83	21.51
16.92	21.54
17.00	21.57
17.08	21.60
17.17	21.63
17.25	21.64
17.33	21.66
17.42	21.67
17.50	21.68
17.58	21.66
17.67	21.63
17.75	21.62
17.83	21.60
17.92	21.59
18.00	21.59
18.08	21.60
18.17	21.60
18.25	21.54
18.33	21.47
18.42	21.41
18.50	21.37
18.58	21.38
18.67	21.41
18.75	21.44
18.83	21.50
18.92	21.56
19.00	21.63
19.08	21.70
19.17	21.80
19.25	21.96
19.33	22.13
19.42	22.31
19.50	22.53
19.58	22.72
19.67	22.86
19.75	22.94
19.83	22.99
19.92	23.01
20.00	22.99
20.08	22.94
20.17	22.86
20.25	22.74
20.33	22.58
20.42	22.34
20.50	22.04
20.58	21.72
20.67	21.41
20.75	21.07
20.83	20.65
20.92	20.18
21.00	19.66
21.08	19.12
21.17	18.56
21.25	17.99
21.33	17.41
21.42	16.80
21.50	16.15
21.58	15.46
21.67	14.72
21.75	14.02
21.83	13.32
21.92	12.63
22.00	11.95
22.08	11.23
22.17	10.54
22.25	9.85
22.33	9.17
22.42	8.52
22.50	7.90
22.58	7.33
22.67	6.80
22.75	6.31
22.83	5.85
22.92	5.43
23.00	5.04
23.08	4.67
23.17	4.31
23.25	3.99
23.33	3.72
23.42	3.50
23.50	3.29
23.58	3.12
23.67	2.99
23.75	2.88
23.83	2.79
23.92	2.74
0.00	3.12
0.08	3.11
0.17	3.09
0.25	3.05
0.33	3.01
0.42	2.99
0.50	2.98
0.58	2.97
0.67	2.93
0.75	2.88
0.83	2.84
0.92	2.81
1.00	2.78
1.08	2.77
1.17	2.76
1.25	2.76
1.33	2.76
1.42	2.74
1.50	2.72
1.58	2.70
1.67	2.70
1.75	2.70
1.83	2.70
1.92	2.71
2.00	2.71
2.08	2.71
2.17	2.71
2.25	2.70
2.33	2.70
2.42	2.70
2.50	2.70
2.58	2.70
2.67	2.70
2.75	2.70
2.83	2.70
2.92	2.70
3.00	2.69
3.08	2.68
3.17	2.67
3.25	2.65
3.33	2.63
3.42	2.60
3.50	2.58
3.58	2.55
3.67	2.52
3.75	2.50
3.83	2.47
3.92	2.45
4.00	2.43
4.08	2.42
4.17	2.42
4.25	2.41
4.33	2.40
4.42	2.40
4.50	2.40
4.58	2.40
4.67	2.39
4.75	2.38
4.83	2.39
4.92	2.39
5.00	2.38
5.08	2.37
5.17	2.36
5.25	2.35
5.33	2.34
5.42	2.34
5.50	2.34
5.58	2.34
5.67	2.34
5.75	2.34
5.83	2.34
5.92	2.33
6.00	2.33
6.08	2.33
6.17	2.33
6.25	2.33
6.33	2.31
6.42	2.29
6.50	2.27
6.58	2.24
6.67	2.21
6.75	2.18
6.83	2.16
6.92	2.14
7.00	2.12
7.08	2.09
7.17	2.07
7.25	2.05
7.33	2.05
7.42	2.04
7.50	2.04
7.58	2.04
7.67	2.03
7.75	2.02
7.83	2.01
7.92	2.00
8.00	2.00
8.08	1.99
8.17	1.98
8.25	1.97
8.33	1.97
8.42	1.97
8.50	2.00
8.58	2.02
8.67	2.05
8.75	2.08
8.83	2.12
8.92	2.18
9.00	2.26
9.08	2.37
9.17	2.50
9.25	2.67
9.33	2.87
9.42	3.08
9.50	3.31
9.58	3.59
9.67	3.89
9.75	4.21
9.83	4.55
9.92	4.88
10.00	5.22
10.08	5.54
10.17	5.84
10.25	6.14
10.33	6.41
10.42	6.66
10.50	6.91
10.58	7.13
10.67	7.35
10.75	7.56
10.83	7.78
10.92	7.98
11.00	8.20
11.08	8.45
11.17	8.72
11.25	8.98
11.33	9.23
11.42	9.49
11.50	9.76
11.58	10.04
11.67	10.32
11.75	10.60
11.83	10.89
11.92	11.19
12.00	11.48
12.08	11.75
12.17	12.01
12.25	12.27
12.33	12.55
12.42	12.81
12.50	13.08
12.58	13.35
12.67	13.61
12.75	13.86
12.83	14.11
12.92	14.37
13.00	14.62
13.08	14.86
13.17	15.12
13.25	15.39
13.33	15.67
13.42	15.98
13.50	16.29
13.58	16.59
13.67	16.91
13.75	17.21
13.83	17.49
13.92	17.77
14.00	18.06
14.08	18.33
14.17	18.57
14.25	18.82
14.33	19.04
14.42	19.24
14.50	19.43
14.58	19.60
14.67	19.77
14.75	19.93
14.83	20.09
14.92	20.27
15.00	20.46
15.08	20.64
15.17	20.83
15.25	21.00
15.33	21.14
15.42	21.23
15.50	21.32
15.58	21.38
15.67	21.43
15.75	21.47
15.83	21.49
15.92	21.47
16.00	21.44
16.08	21.41
16.17	21.36
16.25	21.31
16.33	21.29
16.42	21.30
16.50	21.31
16.58	21.33
16.67	21.35
16.75	21.39
16.83	21.42
16.92	21.46
17.00	21.51
17.08	21.57
17.17	21.64
17.25	21.72
17.33	21.79
17.42	21.85
17.50	21.92
17.58	22.00
17.67	22.08
17.75	22.15
17.83	22.22
17.92	22.28
18.00	22.31
18.08	22.31
18.17	22.27
18.25	22.21
18.33	22.13
18.42	22.04
18.50	21.91
18.58	21.75
18.67	21.60
18.75	21.46
18.83	21.32
18.92	21.21
19.00	21.15
19.08	21.11
19.17	21.10
19.25	21.13
19.33	21.20
19.42	21.35
19.50	21.54
19.58	21.74
19.67	21.87
19.75	21.98
19.83	22.05
19.92	22.07
20.00	22.07
20.08	22.03
20.17	21.96
20.25	21.84
20.33	21.63
20.42	21.33
20.50	20.97
20.58	20.64
20.67	20.28
20.75	19.88
20.83	19.44
20.92	18.99
21.00	18.50
21.08	18.00
21.17	17.48
21.25	16.96
21.33	16.44
21.42	15.91
21.50	15.36
21.58	14.80
21.67	14.27
21.75	13.78
21.83	13.30
21.92	12.85
22.00	12.41
22.08	12.00
22.17	11.60
22.25	11.23
22.33	10.88
22.42	10.56
22.50	10.25
22.58	9.98
22.67	9.73
22.75	9.48
22.83	9.23
22.92	8.98
23.00	8.71
23.08	8.43
23.17	8.16
23.25	7.93
23.33	7.71
23.42	7.49
23.50	7.28
23.58	7.08
23.67	6.92
23.75	6.80
23.83	6.71
23.92	6.66
0.00	5.51
0.08	5.49
0.17	5.45
0.25	5.39
0.33	5.32
0.42	5.29
0.50	5.25
0.58	5.18
0.67	5.09
0.75	5.01
0.83	4.94
0.92	4.88
1.00	4.83
1.08	4.77
1.17	4.72
1.25	4.65
1.33	4.55
1.42	4.49
1.50	4.47
1.58	4.45
1.67	4.44
1.75	4.43
1.83	4.42
1.92	4.41
2.00	4.41
2.08	4.42
2.17	4.43
2.25	4.48
2.33	4.51
2.42	4.48
2.50	4.46
2.58	4.44
2.67	4.43
2.75	4.41
2.83	4.40
2.92	4.38
3.00	4.37
3.08	4.35
3.17	4.33
3.25	4.31
3.33	4.28
3.42	4.26
3.50	4.23
3.58	4.18
3.67	4.14
3.75	4.08
3.83	4.01
3.92	3.96
4.00	3.91
4.08	3.88
4.17	3.84
4.25	3.79
4.33	3.75
4.42	3.70
4.50	3.66
4.58	3.60
4.67	3.54
4.75	3.50
4.83	3.47
4.92	3.40
5.00	3.32
5.08	3.23
5.17	3.15
5.25	3.08
5.33	3.00
5.42	2.92
5.50	2.85
5.58	2.80
5.67	2.75
5.75	2.70
5.83	2.64
5.92	2.61
6.00	2.58
6.08	2.57
6.17	2.55
6.25	2.54
6.33	2.53
6.42	2.52
6.50	2.51
6.58	2.49
6.67	2.46
6.75	2.45
6.83	2.44
6.92	2.43
7.00	2.40
7.08	2.37
7.17	2.34
7.25	2.32
7.33	2.29
7.42	2.26
7.50	2.24
7.58	2.21
7.67	2.18
7.75	2.14
7.83	2.11
7.92	2.08
8.00	2.05
8.08	2.01
8.17	1.98
8.25	1.95
8.33	1.92
8.42	1.92
8.50	1.92
8.58	1.92
8.67	1.91
8.75	1.91
8.83	1.92
8.92	1.95
9.00	2.00
9.08	2.08
9.17	2.19
9.25	2.32
9.33	2.47
9.42	2.63
9.50	2.82
9.58	3.04
9.67	3.28
9.75	3.53
9.83	3.79
9.92	4.04
10.00	4.29
10.08	4.52
10.17	4.74
10.25	4.95
10.33	5.13
10.42	5.28
10.50	5.42
10.58	5.56
10.67	5.68
10.75	5.80
10.83	5.92
10.92	6.03
11.00	6.17
11.08	6.32
11.17	6.45
11.25	6.59
11.33	6.73
11.42	6.89
11.50	7.06
11.58	7.22
11.67	7.39
11.75	7.56
11.83	7.74
11.92	7.92
12.00	8.10
12.08	8.28
12.17	8.46
12.25	8.67
12.33	8.87
12.42	9.08
12.50	9.28
12.58	9.47
12.67	9.66
12.75	9.86
12.83	10.05
12.92	10.25
13.00	10.45
13.08	10.64
13.17	10.84
13.25	11.05
13.33	11.28
13.42	11.52
13.50	11.76
13.58	12.01
13.67	12.27
13.75	12.53
13.83	12.80
13.92	13.09
14.00	13.38
14.08	13.64
14.17	13.93
14.25	14.21
14.33	14.50
14.42	14.78
14.50	15.08
14.58	15.38
14.67	15.69
14.75	15.99
14.83	16.32
14.92	16.65
15.00	16.97
15.08	17.30
15.17	17.60
15.25	17.86
15.33	18.08
15.42	18.27
15.50	18.43
15.58	18.57
15.67	18.69
15.75	18.77
15.83	18.81
15.92	18.84
16.00	18.85
16.08	18.86
16.17	18.85
16.25	18.85
16.33	18.87
16.42	18.89
16.50	18.90
16.58	18.90
16.67	18.91
16.75	18.92
16.83	18.95
16.92	18.99
17.00	19.04
17.08	19.12
17.17	19.22
17.25	19.35
17.33	19.49
17.42	19.63
17.50	19.76
17.58	19.89
17.67	20.02
17.75	20.14
17.83	20.24
17.92	20.33
18.00	20.42
18.08	20.46
18.17	20.43
18.25	20.38
18.33	20.30
18.42	20.21
18.50	20.13
18.58	20.03
18.67	19.91
18.75	19.77
18.83	19.61
18.92	19.43
19.00	19.24
19.08	19.09
19.17	18.96
19.25	18.82
19.33	18.73
19.42	18.66
19.50	18.58
19.58	18.48
19.67	18.39
19.75	18.31
19.83	18.23
19.92	18.13
20.00	18.03
20.08	17.92
20.17	17.81
20.25	17.68
20.33	17.50
20.42	17.31
20.50	17.10
20.58	16.85
20.67	16.52
20.75	16.17
20.83	15.80
20.92	15.43
21.00	15.07
21.08	14.68
21.17	14.28
21.25	13.85
21.33	13.39
21.42	12.90
21.50	12.39
21.58	11.90
21.67	11.44
21.75	10.96
21.83	10.46
21.92	9.92
22.00	9.36
22.08	8.83
22.17	8.29
22.25	7.77
22.33	7.28
22.42	6.82
22.50	6.41
22.58	6.02
22.67	5.65
22.75	5.32
22.83	5.01
22.92	4.73
23.00	4.45
23.08	4.18
23.17	3.95
23.25	3.76
23.33	3.58
23.42	3.41
23.50	3.26
23.58	3.13
23.67	3.03
23.75	2.96
23.83	2.93
23.92	2.91
0.00	3.55
0.08	3.55
0.17	3.52
0.25	3.49
0.33	3.47
0.42	3.44
0.50	3.41
0.58	3.35
0.67	3.30
0.75	3.25
0.83	3.21
0.92	3.18
1.00	3.16
1.08	3.15
1.17	3.14
1.25	3.12
1.33	3.08
1.42	3.06
1.50	3.04
1.58	3.04
1.67	3.04
1.75	3.04
1.83	3.03
1.92	3.02
2.00	3.00
2.08	2.98
2.17	2.97
2.25	2.96
2.33	2.95
2.42	2.94
2.50	2.92
2.58	2.91
2.67	2.89
2.75	2.87
2.83	2.86
2.92	2.84
3.00	2.82
3.08	2.81
3.17	2.79
3.25	2.77
3.33	2.75
3.42	2.73
3.50	2.72
3.58	2.70
3.67	2.68
3.75	2.66
3.83	2.64
3.92	2.63
4.00	2.62
4.08	2.61
4.17	2.59
4.25	2.57
4.33	2.55
4.42	2.52
4.50	2.50
4.58	2.47
4.67	2.46
4.75	2.46
4.83	2.44
4.92	2.41
5.00	2.38
5.08	2.36
5.17	2.34
5.25	2.32
5.33	2.31
5.42	2.29
5.50	2.29
5.58	2.29
5.67	2.28
5.75	2.26
5.83	2.26
5.92	2.27
6.00	2.29
6.08	2.31
6.17	2.32
6.25	2.33
6.33	2.33
6.42	2.34
6.50	2.33
6.58	2.33
6.67	2.33
6.75	2.34
6.83	2.34
6.92	2.34
7.00	2.32
7.08	2.31
7.17	2.31
7.25	2.32
7.33	2.32
7.42	2.32
7.50	2.32
7.58	2.32
7.67	2.31
7.75	2.30
7.83	2.30
7.92	2.29
8.00	2.29
8.08	2.29
8.17	2.28
8.25	2.28
8.33	2.30
8.42	2.33
8.50	2.35
8.58	2.38
8.67	2.42
8.75	2.46
8.83	2.53
8.92	2.62
9.00	2.73
9.08	2.86
9.17	3.03
9.25	3.21
9.33	3.41
9.42	3.64
9.50	3.89
9.58	4.17
9.67	4.46
9.75	4.75
9.83	5.04
9.92	5.33
10.00	5.58
10.08	5.83
10.17	6.08
10.25	6.29
10.33	6.47
10.42	6.63
10.50	6.78
10.58	6.91
10.67	7.02
10.75	7.13
10.83	7.22
10.92	7.33
11.00	7.46
11.08	7.56
11.17	7.65
11.25	7.76
11.33	7.86
11.42	7.96
11.50	8.07
11.58	8.17
11.67	8.28
11.75	8.39
11.83	8.49
11.92	8.59
12.00	8.67
12.08	8.75
12.17	8.84
12.25	8.94
12.33	9.05
12.42	9.16
12.50	9.27
12.58	9.39
12.67	9.52
12.75	9.66
12.83	9.82
12.92	10.00
13.00	10.19
13.08	10.40
13.17	10.64
13.25	10.89
13.33	11.17
13.42	11.45
13.50	11.74
13.58	12.05
13.67	12.36
13.75	12.67
13.83	12.99
13.92	13.31
14.00	13.61
14.08	13.91
14.17	14.20
14.25	14.48
14.33	14.76
14.42	15.02
14.50	15.27
14.58	15.51
14.67	15.75
14.75	16.00
14.83	16.26
14.92	16.52
15.00	16.78
15.08	17.00
15.17	17.20
15.25	17.35
15.33	17.48
15.42	17.59
15.50	17.67
15.58	17.73
15.67	17.77
15.75	17.75
15.83	17.71
15.92	17.67
16.00	17.62
16.08	17.58
16.17	17.56
16.25	17.56
16.33	17.58
16.42	17.61
16.50	17.65
16.58	17.71
16.67	17.79
16.75	17.88
16.83	17.99
16.92	18.09
17.00	18.21
17.08	18.33
17.17	18.46
17.25	18.60
17.33	18.74
17.42	18.89
17.50	19.04
17.58	19.21
17.67	19.38
17.75	19.56
17.83	19.75
17.92	19.96
18.00	20.15
18.08	20.30
18.17	20.48
18.25	20.65
18.33	20.83
18.42	21.00
18.50	21.16
18.58	21.32
18.67	21.47
18.75	21.62
18.83	21.73
18.92	21.79
19.00	21.90
19.08	22.00
19.17	22.07
19.25	22.17
19.33	22.28
19.42	22.39
19.50	22.43
19.58	22.43
19.67	22.41
19.75	22.36
19.83	22.31
19.92	22.25
20.00	22.16
20.08	22.05
20.17	21.90
20.25	21.67
20.33	21.43
20.42	21.18
20.50	20.98
20.58	20.77
20.67	20.57
20.75	20.37
20.83	20.17
20.92	19.98
21.00	19.79
21.08	19.62
21.17	19.47
21.25	19.35
21.33	19.22
21.42	19.08
21.50	18.92
21.58	18.75
21.67	18.56
21.75	18.35
21.83	18.11
21.92	17.83
22.00	17.56
22.08	17.23
22.17	16.84
22.25	16.39
22.33	15.87
22.42	15.31
22.50	14.70
22.58	14.07
22.67	13.42
22.75	12.78
22.83	12.12
22.92	11.45
23.00	10.76
23.08	10.13
23.17	9.56
23.25	9.04
23.33	8.56
23.42	8.13
23.50	7.76
23.58	7.43
23.67	7.16
23.75	6.97
23.83	6.87
23.92	6.84
0.00	5.14
0.08	5.11
0.17	5.05
0.25	5.00
0.33	4.91
0.42	4.78
0.50	4.61
0.58	4.45
0.67	4.30
0.75	4.17
0.83	4.06
0.92	3.97
1.00	3.92
1.08	3.88
1.17	3.83
1.25	3.76
1.33	3.70
1.42	3.66
1.50	3.64
1.58	3.63
1.67	3.62
1.75	3.62
1.83	3.60
1.92	3.58
2.00	3.54
2.08	3.52
2.17	3.51
2.25	3.49
2.33	3.49
2.42	3.49
2.50	3.48
2.58	3.46
2.67	3.45
2.75	3.42
2.83	3.39
2.92	3.36
3.00	3.32
3.08	3.27
3.17	3.21
3.25	3.16
3.33	3.11
3.42	3.07
3.50	3.02
3.58	2.98
3.67	2.94
3.75	2.91
3.83	2.90
3.92	2.89
4.00	2.88
4.08	2.88
4.17	2.87
4.25	2.85
4.33	2.83
4.42	2.82
4.50	2.79
4.58	2.77
4.67	2.76
4.75	2.74
4.83	2.69
4.92	2.64
5.00	2.60
5.08	2.56
5.17	2.51
5.25	2.48
5.33	2.45
5.42	2.41
5.50	2.38
5.58	2.34
5.67	2.29
5.75	2.26
5.83	2.24
5.92	2.23
6.00	2.21
6.08	2.20
6.17	2.17
6.25	2.14
6.33	2.12
6.42	2.10
6.50	2.08
6.58	2.07
6.67	2.07
6.75	2.06
6.83	2.06
6.92	2.05
7.00	2.03
7.08	2.03
7.17	2.04
7.25	2.04
7.33	2.04
7.42	2.05
7.50	2.06
7.58	2.06
7.67	2.06
7.75	2.06
7.83	2.07
7.92	2.07
8.00	2.08
8.08	2.08
8.17	2.09
8.25	2.11
8.33	2.14
8.42	2.17
8.50	2.20
8.58	2.23
8.67	2.27
8.75	2.32
8.83	2.39
8.92	2.47
9.00	2.56
9.08	2.69
9.17	2.83
9.25	2.98
9.33	3.17
9.42	3.38
9.50	3.61
9.58	3.86
9.67	4.12
9.75	4.38
9.83	4.63
9.92	4.86
10.00	5.07
10.08	5.28
10.17	5.45
10.25	5.59
10.33	5.72
10.42	5.83
10.50	5.92
10.58	6.01
10.67	6.08
10.75	6.15
10.83	6.22
10.92	6.32
11.00	6.43
11.08	6.52
11.17	6.61
11.25	6.69
11.33	6.79
11.42	6.88
11.50	6.97
11.58	7.05
11.67	7.15
11.75	7.25
11.83	7.35
11.92	7.43
12.00	7.51
12.08	7.62
12.17	7.76
12.25	7.91
12.33	8.07
12.42	8.24
12.50	8.42
12.58	8.62
12.67	8.83
12.75	9.07
12.83	9.31
12.92	9.59
13.00	9.88
13.08	10.19
13.17	10.53
13.25	10.87
13.33	11.21
13.42	11.56
13.50	11.91
13.58	12.25
13.67	12.58
13.75	12.90
13.83	13.23
13.92	13.55
14.00	13.84
14.08	14.14
14.17	14.42
14.25	14.71
14.33	14.99
14.42	15.27
14.50	15.57
14.58	15.86
14.67	16.17
14.75	16.50
14.83	16.82
14.92	17.16
15.00	17.49
15.08	17.79
15.17	18.05
15.25	18.27
15.33	18.47
15.42	18.68
15.50	18.88
15.58	19.07
15.67	19.21
15.75	19.34
15.83	19.46
15.92	19.57
16.00	19.68
16.08	19.79
16.17	19.93
16.25	20.07
16.33	20.21
16.42	20.35
16.50	20.48
16.58	20.62
16.67	20.77
16.75	20.91
16.83	21.06
16.92	21.21
17.00	21.37
17.08	21.53
17.17	21.71
17.25	21.89
17.33	22.05
17.42	22.19
17.50	22.34
17.58	22.49
17.67	22.64
17.75	22.76
17.83	22.86
17.92	22.94
18.00	22.96
18.08	22.98
18.17	22.98
18.25	22.96
18.33	22.96
18.42	22.93
18.50	22.88
18.58	22.80
18.67	22.72
18.75	22.64
18.83	22.53
18.92	22.44
19.00	22.33
19.08	22.18
19.17	22.06
19.25	21.93
19.33	21.78
19.42	21.59
19.50	21.37
19.58	21.13
19.67	20.87
19.75	20.58
19.83	20.26
19.92	19.93
20.00	19.59
20.08	19.22
20.17	18.80
20.25	18.36
20.33	17.90
20.42	17.44
20.50	16.94
20.58	16.41
20.67	15.89
20.75	15.38
20.83	14.92
20.92	14.45
21.00	13.97
21.08	13.49
21.17	13.02
21.25	12.55
21.33	12.10
21.42	11.68
21.50	11.29
21.58	10.91
21.67	10.53
21.75	10.12
21.83	9.70
21.92	9.35
22.00	9.01
22.08	8.67
22.17	8.34
22.25	8.02
22.33	7.71
22.42	7.41
22.50	7.13
22.58	6.86
22.67	6.60
22.75	6.35
22.83	6.11
22.92	5.85
23.00	5.62
23.08	5.42
23.17	5.24
23.25	5.07
23.33	4.91
23.42	4.78
23.50	4.67
23.58	4.58
23.67	4.50
23.75	4.44
23.83	4.42
23.92	4.42
0.00	3.86
0.08	3.85
0.17	3.85
0.25	3.86
0.33	3.83
0.42	3.79
0.50	3.74
0.58	3.69
0.67	3.64
0.75	3.60
0.83	3.57
0.92	3.58
1.00	3.58
1.08	3.59
1.17	3.58
1.25	3.56
1.33	3.54
1.42	3.53
1.50	3.53
1.58	3.54
1.67	3.54
1.75	3.55
1.83	3.54
1.92	3.52
2.00	3.51
2.08	3.49
2.17	3.47
2.25	3.47
2.33	3.47
2.42	3.47
2.50	3.47
2.58	3.46
2.67	3.45
2.75	3.44
2.83	3.43
2.92	3.41
3.00	3.39
3.08	3.36
3.17	3.33
3.25	3.30
3.33	3.27
3.42	3.23
3.50	3.19
3.58	3.14
3.67	3.10
3.75	3.06
3.83	3.03
3.92	2.99
4.00	2.94
4.08	2.90
4.17	2.85
4.25	2.79
4.33	2.74
4.42	2.70
4.50	2.66
4.58	2.63
4.67	2.60
4.75	2.56
4.83	2.51
4.92	2.47
5.00	2.43
5.08	2.40
5.17	2.37
5.25	2.34
5.33	2.31
5.42	2.28
5.50	2.25
5.58	2.22
5.67	2.20
5.75	2.18
5.83	2.17
5.92	2.16
6.00	2.15
6.08	2.13
6.17	2.12
6.25	2.12
6.33	2.10
6.42	2.09
6.50	2.07
6.58	2.07
6.67	2.06
6.75	2.05
6.83	2.03
6.92	2.02
7.00	2.01
7.08	2.01
7.17	2.01
7.25	2.00
7.33	2.00
7.42	2.00
7.50	1.99
7.58	1.98
7.67	1.98
7.75	1.97
7.83	1.97
7.92	1.96
8.00	1.95
8.08	1.94
8.17	1.94
8.25	1.96
8.33	1.97
8.42	1.98
8.50	2.00
8.58	2.02
8.67	2.05
8.75	2.09
8.83	2.14
8.92	2.21
9.00	2.30
9.08	2.42
9.17	2.54
9.25	2.68
9.33	2.86
9.42	3.06
9.50	3.28
9.58	3.52
9.67	3.77
9.75	4.03
9.83	4.29
9.92	4.52
10.00	4.77
10.08	4.98
10.17	5.17
10.25	5.35
10.33	5.52
10.42	5.67
10.50	5.80
10.58	5.91
10.67	6.02
10.75	6.12
10.83	6.24
10.92	6.36
11.00	6.46
11.08	6.56
11.17	6.65
11.25	6.75
11.33	6.85
11.42	6.95
11.50	7.05
11.58	7.17
11.67	7.31
11.75	7.45
11.83	7.58
11.92	7.72
12.00	7.90
12.08	8.11
12.17	8.33
12.25	8.57
12.33	8.81
12.42	9.05
12.50	9.29
12.58	9.54
12.67	9.79
12.75	10.04
12.83	10.31
12.92	10.58
13.00	10.85
13.08	11.14
13.17	11.45
13.25	11.76
13.33	12.09
13.42	12.45
13.50	12.81
13.58	13.18
13.67	13.55
13.75	13.93
13.83	14.31
13.92	14.65
14.00	15.00
14.08	15.31
14.17	15.62
14.25	15.92
14.33	16.21
14.42	16.49
14.50	16.77
14.58	17.05
14.67	17.34
14.75	17.63
14.83	17.92
14.92	18.22
15.00	18.49
15.08	18.74
15.17	18.95
15.25	19.14
15.33	19.31
15.42	19.47
15.50	19.63
15.58	19.77
15.67	19.89
15.75	20.01
15.83	20.13
15.92	20.25
16.00	20.37
16.08	20.54
16.17	20.71
16.25	20.90
16.33	21.07
16.42	21.23
16.50	21.38
16.58	21.53
16.67	21.69
16.75	21.85
16.83	22.00
16.92	22.15
17.00	22.31
17.08	22.46
17.17	22.60
17.25	22.76
17.33	22.93
17.42	23.11
17.50	23.29
17.58	23.47
17.67	23.65
17.75	23.81
17.83	23.94
17.92	24.04
18.00	24.12
18.08	24.16
18.17	24.17
18.25	24.16
18.33	24.11
18.42	24.04
18.50	23.95
18.58	23.83
18.67	23.69
18.75	23.55
18.83	23.42
18.92	23.32
19.00	23.24
19.08	23.19
19.17	23.17
19.25	23.18
19.33	23.17
19.42	23.13
19.50	23.09
19.58	23.05
19.67	23.02
19.75	22.98
19.83	22.93
19.92	22.87
20.00	22.78
20.08	22.66
20.17	22.50
20.25	22.32
20.33	22.18
20.42	22.04
20.50	21.87
20.58	21.67
20.67	21.46
20.75	21.23
20.83	20.97
20.92	20.71
21.00	20.43
21.08	20.12
21.17	19.79
21.25	19.42
21.33	18.99
21.42	18.54
21.50	18.05
21.58	17.52
21.67	16.96
21.75	16.35
21.83	15.73
21.92	15.07
22.00	14.40
22.08	13.71
22.17	13.02
22.25	12.34
22.33	11.69
22.42	11.05
22.50	10.45
22.58	9.88
22.67	9.34
22.75	8.85
22.83	8.36
22.92	7.93
23.00	7.57
23.08	7.25
23.17	6.95
23.25	6.67
23.33	6.45
23.42	6.26
23.50	6.09
23.58	5.96
23.67	5.87
23.75	5.80
23.83	5.76
23.92	5.73
0.00	5.14
0.08	5.14
0.17	5.14
0.25	5.11
0.33	5.05
0.42	4.97
0.50	4.87
0.58	4.77
0.67	4.69
0.75	4.62
0.83	4.57
0.92	4.52
1.00	4.47
1.08	4.41
1.17	4.36
1.25	4.32
1.33	4.28
1.42	4.26
1.50	4.23
1.58	4.22
1.67	4.21
1.75	4.20
1.83	4.20
1.92	4.20
2.00	4.22
2.08	4.23
2.17	4.24
2.25	4.27
2.33	4.29
2.42	4.30
2.50	4.32
2.58	4.33
2.67	4.33
2.75	4.33
2.83	4.31
2.92	4.29
3.00	4.27
3.08	4.24
3.17	4.20
3.25	4.15
3.33	4.11
3.42	4.05
3.50	3.99
3.58	3.93
3.67	3.89
3.75	3.85
3.83	3.82
3.92	3.78
4.00	3.73
4.08	3.68
4.17	3.64
4.25	3.61
4.33	3.57
4.42	3.54
4.50	3.53
4.58	3.51
4.67	3.45
4.75	3.40
4.83	3.34
4.92	3.29
5.00	3.24
5.08	3.18
5.17	3.10
5.25	3.04
5.33	3.00
5.42	2.95
5.50	2.89
5.58	2.85
5.67	2.82
5.75	2.80
5.83	2.79
5.92	2.78
6.00	2.77
6.08	2.77
6.17	2.77
6.25	2.75
6.33	2.73
6.42	2.72
6.50	2.71
6.58	2.71
6.67	2.70
6.75	2.68
6.83	2.66
6.92	2.63
7.00	2.61
7.08	2.60
7.17	2.58
7.25	2.56
7.33	2.55
7.42	2.52
7.50	2.50
7.58	2.47
7.67	2.44
7.75	2.41
7.83	2.39
7.92	2.36
8.00	2.33
8.08	2.31
8.17	2.30
8.25	2.29
8.33	2.28
8.42	2.27
8.50	2.26
8.58	2.27
8.67	2.28
8.75	2.30
8.83	2.34
8.92	2.39
9.00	2.46
9.08	2.54
9.17	2.65
9.25	2.77
9.33	2.93
9.42	3.12
9.50	3.33
9.58	3.56
9.67	3.82
9.75	4.08
9.83	4.33
9.92	4.60
10.00	4.84
10.08	5.08
10.17	5.31
10.25	5.54
10.33	5.76
10.42	5.96
10.50	6.16
10.58	6.34
10.67	6.51
10.75	6.69
10.83	6.88
10.92	7.06
11.00	7.22
11.08	7.38
11.17	7.53
11.25	7.67
11.33	7.82
11.42	7.96
11.50	8.13
11.58	8.31
11.67	8.50
11.75	8.68
11.83	8.84
11.92	9.02
12.00	9.23
12.08	9.44
12.17	9.65
12.25	9.86
12.33	10.06
12.42	10.26
12.50	10.46
12.58	10.66
12.67	10.85
12.75	11.06
12.83	11.27
12.92	11.50
13.00	11.73
13.08	11.99
13.17	12.25
13.25	12.50
13.33	12.76
13.42	13.00
13.50	13.22
13.58	13.45
13.67	13.67
13.75	13.90
13.83	14.09
13.92	14.31
14.00	14.52
14.08	14.73
14.17	14.94
14.25	15.17
14.33	15.40
14.42	15.65
14.50	15.91
14.58	16.22
14.67	16.54
14.75	16.87
14.83	17.22
14.92	17.54
15.00	17.85
15.08	18.10
15.17	18.35
15.25	18.58
15.33	18.80
15.42	19.03
15.50	19.22
15.58	19.40
15.67	19.59
15.75	19.77
15.83	19.96
15.92	20.14
16.00	20.35
16.08	20.58
16.17	20.80
16.25	21.01
16.33	21.17
16.42	21.30
16.50	21.41
16.58	21.48
16.67	21.52
16.75	21.53
16.83	21.51
16.92	21.48
17.00	21.43
17.08	21.38
17.17	21.35
17.25	21.38
17.33	21.41
17.42	21.46
17.50	21.51
17.58	21.58
17.67	21.64
17.75	21.70
17.83	21.74
17.92	21.76
18.00	21.78
18.08	21.78
18.17	21.74
18.25	21.66
18.33	21.57
18.42	21.46
18.50	21.33
18.58	21.21
18.67	21.14
18.75	21.09
18.83	21.05
18.92	21.02
19.00	21.00
19.08	20.98
19.17	20.97
19.25	21.00
19.33	21.01
19.42	21.04
19.50	21.07
19.58	21.09
19.67	21.07
19.75	21.04
19.83	21.02
19.92	20.99
20.00	20.96
20.08	20.92
20.17	20.86
20.25	20.80
20.33	20.73
20.42	20.66
20.50	20.59
20.58	20.49
20.67	20.39
20.75	20.28
20.83	20.15
20.92	20.03
21.00	19.90
21.08	19.75
21.17	19.56
21.25	19.35
21.33	19.10
21.42	18.77
21.50	18.38
21.58	17.93
21.67	17.40
21.75	16.84
21.83	16.24
21.92	15.57
22.00	14.87
22.08	14.14
22.17	13.41
22.25	12.73
22.33	12.09
22.42	11.48
22.50	10.92
22.58	10.43
22.67	10.00
22.75	9.60
22.83	9.26
22.92	9.02
23.00	8.80
23.08	8.61
23.17	8.41
23.25	8.21
23.33	8.07
23.42	7.93
23.50	7.81
23.58	7.70
23.67	7.63
23.75	7.59
23.83	7.51
23.92	7.45
0.00	6.32
0.08	6.34
0.17	6.29
0.25	6.21
0.33	6.10
0.42	5.95
0.50	5.78
0.58	5.63
0.67	5.49
0.75	5.36
0.83	5.24
0.92	5.11
1.00	4.98
1.08	4.88
1.17	4.85
1.25	4.84
1.33	4.84
1.42	4.85
1.50	4.86
1.58	4.87
1.67	4.90
1.75	4.95
1.83	5.01
1.92	5.10
2.00	5.16
2.08	5.19
2.17	5.21
2.25	5.23
2.33	5.26
2.42	5.30
2.50	5.34
2.58	5.38
2.67	5.41
2.75	5.44
2.83	5.45
2.92	5.45
3.00	5.44
3.08	5.40
3.17	5.35
3.25	5.28
3.33	5.18
3.42	5.05
3.50	4.90
3.58	4.75
3.67	4.61
3.75	4.45
3.83	4.29
3.92	4.14
4.00	3.98
4.08	3.83
4.17	3.68
4.25	3.55
4.33	3.43
4.42	3.34
4.50	3.26
4.58	3.15
4.67	3.03
4.75	2.93
4.83	2.84
4.92	2.76
5.00	2.69
5.08	2.62
5.17	2.57
5.25	2.52
5.33	2.47
5.42	2.42
5.50	2.37
5.58	2.34
5.67	2.32
5.75	2.31
5.83	2.30
5.92	2.29
6.00	2.27
6.08	2.25
6.17	2.24
6.25	2.22
6.33	2.21
6.42	2.21
6.50	2.21
6.58	2.22
6.67	2.20
6.75	2.19
6.83	2.18
6.92	2.18
7.00	2.18
7.08	2.18
7.17	2.17
7.25	2.17
7.33	2.16
7.42	2.14
7.50	2.12
7.58	2.10
7.67	2.09
7.75	2.07
7.83	2.05
7.92	2.03
8.00	2.01
8.08	2.02
8.17	2.02
8.25	2.03
8.33	2.04
8.42	2.05
8.50	2.07
8.58	2.09
8.67	2.13
8.75	2.18
8.83	2.24
8.92	2.32
9.00	2.40
9.08	2.50
9.17	2.62
9.25	2.77
9.33	2.95
9.42	3.15
9.50	3.38
9.58	3.64
9.67	3.90
9.75	4.15
9.83	4.42
9.92	4.68
10.00	4.92
10.08	5.16
10.17	5.39
10.25	5.60
10.33	5.79
10.42	5.97
10.50	6.12
10.58	6.26
10.67	6.41
10.75	6.58
10.83	6.75
10.92	6.92
11.00	7.08
11.08	7.26
11.17	7.46
11.25	7.66
11.33	7.86
11.42	8.07
11.50	8.29
11.58	8.51
11.67	8.73
11.75	8.92
11.83	9.13
11.92	9.37
12.00	9.62
12.08	9.87
12.17	10.14
12.25	10.43
12.33	10.71
12.42	11.03
12.50	11.35
12.58	11.68
12.67	12.03
12.75	12.38
12.83	12.73
12.92	13.09
13.00	13.44
13.08	13.78
13.17	14.10
13.25	14.43
13.33	14.75
13.42	15.05
13.50	15.35
13.58	15.66
13.67	15.98
13.75	16.29
13.83	16.60
13.92	16.92
14.00	17.24
14.08	17.58
14.17	17.93
14.25	18.27
14.33	18.62
14.42	18.97
14.50	19.34
14.58	19.70
14.67	20.04
14.75	20.40
14.83	20.73
14.92	21.03
15.00	21.29
15.08	21.53
15.17	21.74
15.25	21.95
15.33	22.13
15.42	22.29
15.50	22.41
15.58	22.50
15.67	22.56
15.75	22.61
15.83	22.64
15.92	22.66
16.00	22.69
16.08	22.68
16.17	22.65
16.25	22.59
16.33	22.51
16.42	22.42
16.50	22.34
16.58	22.26
16.67	22.17
16.75	22.08
16.83	22.00
16.92	21.94
17.00	21.88
17.08	21.87
17.17	21.87
17.25	21.89
17.33	21.92
17.42	21.97
17.50	22.03
17.58	22.11
17.67	22.21
17.75	22.30
17.83	22.40
17.92	22.50
18.00	22.61
18.08	22.73
18.17	22.86
18.25	23.00
18.33	23.13
18.42	23.25
18.50	23.35
18.58	23.41
18.67	23.45
18.75	23.49
18.83	23.51
18.92	23.52
19.00	23.55
19.08	23.57
19.17	23.55
19.25	23.44
19.33	23.29
19.42	23.14
19.50	22.98
19.58	22.82
19.67	22.65
19.75	22.48
19.83	22.30
19.92	22.08
20.00	21.84
20.08	21.60
20.17	21.42
20.25	21.31
20.33	21.18
20.42	21.03
20.50	20.87
20.58	20.71
20.67	20.53
20.75	20.34
20.83	20.15
20.92	19.93
21.00	19.69
21.08	19.40
21.17	19.04
21.25	18.65
21.33	18.25
21.42	17.84
21.50	17.41
21.58	16.96
21.67	16.51
21.75	16.06
21.83	15.59
21.92	15.11
22.00	14.63
22.08	14.17
22.17	13.71
22.25	13.27
22.33	12.83
22.42	12.40
22.50	11.99
22.58	11.61
22.67	11.22
22.75	10.85
22.83	10.53
22.92	10.22
23.00	9.93
23.08	9.66
23.17	9.40
23.25	9.18
23.33	8.97
23.42	8.77
23.50	8.56
23.58	8.39
23.67	8.26
23.75	8.16
23.83	8.07
23.92	8.03
0.00	5.92
0.08	5.89
0.17	5.81
0.25	5.69
0.33	5.52
0.42	5.31
0.50	5.07
0.58	4.83
0.67	4.58
0.75	4.35
0.83	4.13
0.92	3.91
1.00	3.72
1.08	3.57
1.17	3.45
1.25	3.34
1.33	3.25
1.42	3.16
1.50	3.09
1.58	3.05
1.67	3.02
1.75	3.00
1.83	3.01
1.92	3.01
2.00	2.99
2.08	2.97
2.17	2.95
2.25	2.94
2.33	2.93
2.42	2.93
2.50	2.92
2.58	2.92
2.67	2.91
2.75	2.90
2.83	2.89
2.92	2.87
3.00	2.85
3.08	2.84
3.17	2.82
3.25	2.80
3.33	2.80
3.42	2.79
3.50	2.79
3.58	2.81
3.67	2.84
3.75	2.86
3.83	2.90
3.92	2.94
4.00	2.97
4.08	3.00
4.17	3.03
4.25	3.02
4.33	3.04
4.42	3.06
4.50	3.07
4.58	3.06
4.67	3.06
4.75	3.05
4.83	3.03
4.92	3.03
5.00	3.04
5.08	3.04
5.17	3.06
5.25	3.09
5.33	3.09
5.42	3.09
5.50	3.09
5.58	3.10
5.67	3.11
5.75	3.14
5.83	3.16
5.92	3.16
6.00	3.16
6.08	3.15
6.17	3.15
6.25	3.14
6.33	3.14
6.42	3.14
6.50	3.15
6.58	3.14
6.67	3.12
6.75	3.08
6.83	3.06
6.92	3.03
7.00	3.01
7.08	2.98
7.17	2.95
7.25	2.91
7.33	2.87
7.42	2.83
7.50	2.78
7.58	2.73
7.67	2.68
7.75	2.63
7.83	2.58
7.92	2.51
8.00	2.47
8.08	2.42
8.17	2.38
8.25	2.32
8.33	2.26
8.42	2.21
8.50	2.15
8.58	2.11
8.67	2.07
8.75	2.04
8.83	2.03
8.92	2.04
9.00	2.04
9.08	2.07
9.17	2.13
9.25	2.22
9.33	2.34
9.42	2.49
9.50	2.67
9.58	2.87
9.67	3.07
9.75	3.28
9.83	3.52
9.92	3.73
10.00	3.95
10.08	4.17
10.17	4.38
10.25	4.58
10.33	4.77
10.42	4.93
10.50	5.08
10.58	5.23
10.67	5.39
10.75	5.53
10.83	5.66
10.92	5.79
11.00	5.91
11.08	6.02
11.17	6.12
11.25	6.21
11.33	6.31
11.42	6.41
11.50	6.52
11.58	6.63
11.67	6.71
11.75	6.79
11.83	6.88
11.92	6.99
12.00	7.11
12.08	7.24
12.17	7.38
12.25	7.54
12.33	7.71
12.42	7.88
12.50	8.07
12.58	8.27
12.67	8.51
12.75	8.77
12.83	9.04
12.92	9.32
13.00	9.63
13.08	9.96
13.17	10.30
13.25	10.64
13.33	10.98
13.42	11.33
13.50	11.68
13.58	12.03
13.67	12.36
13.75	12.70
13.83	13.05
13.92	13.39
14.00	13.72
14.08	14.03
14.17	14.33
14.25	14.63
14.33	14.93
14.42	15.28
14.50	15.64
14.58	16.02
14.67	16.40
14.75	16.75
14.83	17.08
14.92	17.36
15.00	17.64
15.08	17.92
15.17	18.18
15.25	18.43
15.33	18.65
15.42	18.82
15.50	18.96
15.58	19.08
15.67	19.19
15.75	19.26
15.83	19.34
15.92	19.43
16.00	19.52
16.08	19.63
16.17	19.75
16.25	19.87
16.33	19.99
16.42	20.09
16.50	20.21
16.58	20.33
16.67	20.47
16.75	20.62
16.83	20.77
16.92	20.92
17.00	21.02
17.08	21.06
17.17	21.08
17.25	21.12
17.33	21.16
17.42	21.18
17.50	21.18
17.58	21.18
17.67	21.16
17.75	21.08
17.83	21.00
17.92	20.92
18.00	20.90
18.08	20.92
18.17	20.94
18.25	20.95
18.33	20.95
18.42	20.95
18.50	20.94
18.58	20.91
18.67	20.93
18.75	20.97
18.83	21.02
18.92	21.09
19.00	21.15
19.08	21.16
19.17	21.10
19.25	21.01
19.33	20.90
19.42	20.77
19.50	20.63
19.58	20.47
19.67	20.30
19.75	20.11
19.83	19.88
19.92	19.61
20.00	19.32
20.08	19.04
20.17	18.77
20.25	18.50
20.33	18.20
20.42	17.91
20.50	17.65
20.58	17.40
20.67	17.14
20.75	16.88
20.83	16.63
20.92	16.39
21.00	16.15
21.08	15.91
21.17	15.69
21.25	15.49
21.33	15.29
21.42	15.09
21.50	14.83
21.58	14.55
21.67	14.31
21.75	14.03
21.83	13.74
21.92	13.42
22.00	13.10
22.08	12.76
22.17	12.41
22.25	12.07
22.33	11.71
22.42	11.36
22.50	11.03
22.58	10.68
22.67	10.31
22.75	9.98
22.83	9.65
22.92	9.31
23.00	8.97
23.08	8.63
23.17	8.31
23.25	7.99
23.33	7.68
23.42	7.37
23.50	7.05
23.58	6.77
23.67	6.55
23.75	6.36
23.83	6.24
23.92	6.17
0.00	5.49
0.08	5.44
0.17	5.38
0.25	5.31
0.33	5.21
0.42	5.08
0.50	4.93
0.58	4.77
0.67	4.63
0.75	4.48
0.83	4.32
0.92	4.17
1.00	4.07
1.08	4.00
1.17	3.94
1.25	3.89
1.33	3.84
1.42	3.79
1.50	3.75
1.58	3.73
1.67	3.70
1.75	3.70
1.83	3.70
1.92	3.66
2.00	3.61
2.08	3.55
2.17	3.51
2.25	3.47
2.33	3.44
2.42	3.42
2.50	3.41
2.58	3.40
2.67	3.40
2.75	3.41
2.83	3.42
2.92	3.44
3.00	3.46
3.08	3.48
3.17	3.50
3.25	3.51
3.33	3.52
3.42	3.52
3.50	3.55
3.58	3.58
3.67	3.61
3.75	3.63
3.83	3.65
3.92	3.65
4.00	3.65
4.08	3.64
4.17	3.63
4.25	3.62
4.33	3.63
4.42	3.61
4.50	3.56
4.58	3.49
4.67	3.42
4.75	3.35
4.83	3.29
4.92	3.24
5.00	3.18
5.08	3.14
5.17	3.10
5.25	3.03
5.33	2.97
5.42	2.93
5.50	2.91
5.58	2.90
5.67	2.91
5.75	2.92
5.83	2.92
5.92	2.92
6.00	2.91
6.08	2.91
6.17	2.90
6.25	2.90
6.33	2.90
6.42	2.91
6.50	2.90
6.58	2.87
6.67	2.84
6.75	2.82
6.83	2.80
6.92	2.77
7.00	2.75
7.08	2.72
7.17	2.70
7.25	2.66
7.33	2.62
7.42	2.58
7.50	2.53
7.58	2.49
7.67	2.44
7.75	2.39
7.83	2.33
7.92	2.29
8.00	2.26
8.08	2.24
8.17	2.21
8.25	2.17
8.33	2.14
8.42	2.12
8.50	2.09
8.58	2.08
8.67	2.07
8.75	2.08
8.83	2.10
8.92	2.11
9.00	2.14
9.08	2.19
9.17	2.28
9.25	2.39
9.33	2.54
9.42	2.71
9.50	2.91
9.58	3.11
9.67	3.32
9.75	3.57
9.83	3.81
9.92	4.06
10.00	4.31
10.08	4.54
10.17	4.77
10.25	4.98
10.33	5.17
10.42	5.34
10.50	5.51
10.58	5.70
10.67	5.87
10.75	6.04
10.83	6.19
10.92	6.34
11.00	6.49
11.08	6.64
11.17	6.78
11.25	6.93
11.33	7.09
11.42	7.26
11.50	7.43
11.58	7.60
11.67	7.76
11.75	7.94
11.83	8.14
11.92	8.35
12.00	8.57
12.08	8.81
12.17	9.05
12.25	9.31
12.33	9.57
12.42	9.85
12.50	10.13
12.58	10.42
12.67	10.72
12.75	11.02
12.83	11.34
12.92	11.65
13.00	11.96
13.08	12.28
13.17	12.59
13.25	12.89
13.33	13.17
13.42	13.45
13.50	13.72
13.58	13.96
13.67	14.19
13.75	14.43
13.83	14.67
13.92	14.90
14.00	15.13
14.08	15.37
14.17	15.62
14.25	15.87
14.33	16.16
14.42	16.49
14.50	16.85
14.58	17.25
14.67	17.65
14.75	18.05
14.83	18.40
14.92	18.73
15.00	19.08
15.08	19.42
15.17	19.75
15.25	20.05
15.33	20.29
15.42	20.45
15.50	20.56
15.58	20.63
15.67	20.65
15.75	20.65
15.83	20.67
15.92	20.66
16.00	20.61
16.08	20.50
16.17	20.36
16.25	20.21
16.33	20.08
16.42	19.98
16.50	19.89
16.58	19.80
16.67	19.73
16.75	19.66
16.83	19.62
16.92	19.57
17.00	19.56
17.08	19.60
17.17	19.64
17.25	19.67
17.33	19.70
17.42	19.72
17.50	19.74
17.58	19.74
17.67	19.71
17.75	19.67
17.83	19.62
17.92	19.55
18.00	19.46
18.08	19.38
18.17	19.31
18.25	19.25
18.33	19.18
18.42	19.12
18.50	19.04
18.58	18.99
18.67	18.94
18.75	18.89
18.83	18.86
18.92	18.85
19.00	18.83
19.08	18.79
19.17	18.76
19.25	18.73
19.33	18.71
19.42	18.70
19.50	18.70
19.58	18.71
19.67	18.72
19.75	18.73
19.83	18.70
19.92	18.64
20.00	18.56
20.08	18.48
20.17	18.35
20.25	18.19
20.33	18.00
20.42	17.81
20.50	17.61
20.58	17.39
20.67	17.15
20.75	16.89
20.83	16.63
20.92	16.36
21.00	16.10
21.08	15.83
21.17	15.58
21.25	15.32
21.33	15.05
21.42	14.75
21.50	14.43
21.58	14.15
21.67	13.89
21.75	13.60
21.83	13.29
21.92	12.95
22.00	12.59
22.08	12.21
22.17	11.82
22.25	11.44
22.33	11.05
22.42	10.68
22.50	10.31
22.58	9.90
22.67	9.56
22.75	9.25
22.83	8.96
22.92	8.70
23.00	8.45
23.08	8.23
23.17	8.02
23.25	7.82
23.33	7.63
23.42	7.43
23.50	7.24
23.58	7.07
23.67	6.89
23.75	6.75
23.83	6.66
23.92	6.62
0.00	6.29
0.08	6.24
0.17	6.17
0.25	6.10
0.33	6.00
0.42	5.91
0.50	5.78
0.58	5.65
0.67	5.52
0.75	5.37
0.83	5.27
0.92	5.20
1.00	5.19
1.08	5.20
1.17	5.22
1.25	5.24
1.33	5.26
1.42	5.27
1.50	5.32
1.58	5.37
1.67	5.45
1.75	5.53
1.83	5.57
1.92	5.60
2.00	5.59
2.08	5.61
2.17	5.63
2.25	5.66
2.33	5.68
2.42	5.70
2.50	5.72
2.58	5.73
2.67	5.74
2.75	5.75
2.83	5.74
2.92	5.72
3.00	5.69
3.08	5.65
3.17	5.59
3.25	5.53
3.33	5.45
3.42	5.39
3.50	5.32
3.58	5.24
3.67	5.15
3.75	5.06
3.83	4.97
3.92	4.87
4.00	4.76
4.08	4.66
4.17	4.56
4.25	4.47
4.33	4.38
4.42	4.25
4.50	4.13
4.58	4.01
4.67	3.90
4.75	3.79
4.83	3.69
4.92	3.59
5.00	3.49
5.08	3.40
5.17	3.30
5.25	3.19
5.33	3.10
5.42	3.03
5.50	2.96
5.58	2.91
5.67	2.86
5.75	2.80
5.83	2.75
5.92	2.70
6.00	2.65
6.08	2.59
6.17	2.55
6.25	2.52
6.33	2.49
6.42	2.46
6.50	2.42
6.58	2.37
6.67	2.34
6.75	2.31
6.83	2.28
6.92	2.25
7.00	2.22
7.08	2.19
7.17	2.16
7.25	2.14
7.33	2.11
7.42	2.08
7.50	2.06
7.58	2.03
7.67	2.00
7.75	1.97
7.83	1.96
7.92	1.96
8.00	1.96
8.08	1.95
8.17	1.94
8.25	1.94
8.33	1.93
8.42	1.94
8.50	1.95
8.58	1.96
8.67	1.99
8.75	2.02
8.83	2.04
8.92	2.08
9.00	2.14
9.08	2.23
9.17	2.35
9.25	2.49
9.33	2.66
9.42	2.86
9.50	3.06
9.58	3.27
9.67	3.52
9.75	3.76
9.83	4.01
9.92	4.26
10.00	4.51
10.08	4.75
10.17	4.98
10.25	5.19
10.33	5.38
10.42	5.55
10.50	5.74
10.58	5.92
10.67	6.09
10.75	6.24
10.83	6.39
10.92	6.54
11.00	6.69
11.08	6.85
11.17	7.01
11.25	7.19
11.33	7.37
11.42	7.56
11.50	7.74
11.58	7.93
11.67	8.14
11.75	8.35
11.83	8.57
11.92	8.79
12.00	9.02
12.08	9.25
12.17	9.49
12.25	9.73
12.33	9.98
12.42	10.24
12.50	10.50
12.58	10.76
12.67	11.03
12.75	11.31
12.83	11.59
12.92	11.88
13.00	12.17
13.08	12.45
13.17	12.72
13.25	12.99
13.33	13.26
13.42	13.54
13.50	13.80
13.58	14.06
13.67	14.34
13.75	14.60
13.83	14.86
13.92	15.13
14.00	15.40
14.08	15.67
14.17	15.94
14.25	16.23
14.33	16.53
14.42	16.82
14.50	17.12
14.58	17.40
14.67	17.67
14.75	17.89
14.83	18.08
14.92	18.27
15.00	18.44
15.08	18.62
15.17	18.78
15.25	18.93
15.33	19.09
15.42	19.27
15.50	19.46
15.58	19.67
15.67	19.91
15.75	20.19
15.83	20.48
15.92	20.76
16.00	21.05
16.08	21.34
16.17	21.63
16.25	21.92
16.33	22.18
16.42	22.41
16.50	22.61
16.58	22.79
16.67	22.96
16.75	23.11
16.83	23.26
16.92	23.38
17.00	23.50
17.08	23.60
17.17	23.68
17.25	23.76
17.33	23.84
17.42	23.90
17.50	23.94
17.58	23.94
17.67	23.92
17.75	23.88
17.83	23.84
17.92	23.76
18.00	23.63
18.08	23.48
18.17	23.29
18.25	23.08
18.33	22.83
18.42	22.57
18.50	22.32
18.58	22.08
18.67	21.85
18.75	21.62
18.83	21.42
18.92	21.24
19.00	21.08
19.08	20.92
19.17	20.79
19.25	20.68
19.33	20.61
19.42	20.56
19.50	20.51
19.58	20.47
19.67	20.42
19.75	20.37
19.83	20.31
19.92	20.24
20.00	20.16
20.08	20.07
20.17	19.96
20.25	19.85
20.33	19.72
20.42	19.60
20.50	19.46
20.58	19.29
20.67	19.11
20.75	18.90
20.83	18.68
20.92	18.45
21.00	18.22
21.08	17.99
21.17	17.73
21.25	17.46
21.33	17.16
21.42	16.83
21.50	16.55
21.58	16.27
21.67	15.97
21.75	15.68
21.83	15.38
21.92	15.05
22.00	14.72
22.08	14.37
22.17	14.01
22.25	13.64
22.33	13.27
22.42	12.90
22.50	12.49
22.58	12.10
22.67	11.72
22.75	11.35
22.83	10.98
22.92	10.62
23.00	10.28
23.08	9.97
23.17	9.68
23.25	9.40
23.33	9.12
23.42	8.86
23.50	8.61
23.58	8.37
23.67	8.18
23.75	8.04
23.83	7.95
23.92	7.92
0.00	6.23
0.08	6.20
0.17	6.14
0.25	6.06
0.33	5.97
0.42	5.83
0.50	5.66
0.58	5.51
0.67	5.35
0.75	5.19
0.83	5.08
0.92	5.01
1.00	4.97
1.08	4.94
1.17	4.91
1.25	4.90
1.33	4.92
1.42	4.97
1.50	5.02
1.58	5.08
1.67	5.15
1.75	5.18
1.83	5.20
1.92	5.20
2.00	5.19
2.08	5.17
2.17	5.12
2.25	5.08
2.33	5.02
2.42	4.94
2.50	4.86
2.58	4.77
2.67	4.68
2.75	4.59
2.83	4.50
2.92	4.40
3.00	4.30
3.08	4.23
3.17	4.19
3.25	4.13
3.33	4.10
3.42	4.08
3.50	4.08
3.58	4.09
3.67	4.10
3.75	4.10
3.83	4.09
3.92	4.09
4.00	4.08
4.08	4.07
4.17	4.07
4.25	4.08
4.33	4.07
4.42	4.06
4.50	4.03
4.58	3.99
4.67	3.94
4.75	3.89
4.83	3.83
4.92	3.78
5.00	3.74
5.08	3.67
5.17	3.60
5.25	3.53
5.33	3.46
5.42	3.40
5.50	3.35
5.58	3.31
5.67	3.26
5.75	3.22
5.83	3.17
5.92	3.11
6.00	3.05
6.08	2.99
6.17	2.94
6.25	2.89
6.33	2.85
6.42	2.80
6.50	2.75
6.58	2.71
6.67	2.68
6.75	2.66
6.83	2.65
6.92	2.64
7.00	2.63
7.08	2.62
7.17	2.60
7.25	2.58
7.33	2.56
7.42	2.53
7.50	2.50
7.58	2.47
7.67	2.44
7.75	2.41
7.83	2.40
7.92	2.39
8.00	2.36
8.08	2.33
8.17	2.29
8.25	2.24
8.33	2.20
8.42	2.15
8.50	2.10
8.58	2.06
8.67	2.03
8.75	1.99
8.83	1.96
8.92	1.95
9.00	1.96
9.08	2.00
9.17	2.08
9.25	2.19
9.33	2.34
9.42	2.51
9.50	2.69
9.58	2.91
9.67	3.14
9.75	3.39
9.83	3.64
9.92	3.90
10.00	4.15
10.08	4.40
10.17	4.63
10.25	4.84
10.33	5.05
10.42	5.26
10.50	5.47
10.58	5.65
10.67	5.84
10.75	6.01
10.83	6.19
10.92	6.37
11.00	6.56
11.08	6.74
11.17	6.94
11.25	7.14
11.33	7.35
11.42	7.55
11.50	7.73
11.58	7.90
11.67	8.09
11.75	8.28
11.83	8.46
11.92	8.63
12.00	8.81
12.08	9.01
12.17	9.21
12.25	9.40
12.33	9.58
12.42	9.77
12.50	9.98
12.58	10.18
12.67	10.38
12.75	10.59
12.83	10.81
12.92	11.02
13.00	11.23
13.08	11.42
13.17	11.61
13.25	11.81
13.33	12.01
13.42	12.22
13.50	12.42
13.58	12.63
13.67	12.84
13.75	13.04
13.83	13.24
13.92	13.43
14.00	13.62
14.08	13.81
14.17	14.01
14.25	14.21
14.33	14.42
14.42	14.63
14.50	14.84
14.58	15.06
14.67	15.27
14.75	15.48
14.83	15.70
14.92	15.89
15.00	16.08
15.08	16.27
15.17	16.45
15.25	16.61
15.33	16.76
15.42	16.92
15.50	17.06
15.58	17.19
15.67	17.30
15.75	17.39
15.83	17.49
15.92	17.57
16.00	17.61
16.08	17.62
16.17	17.61
16.25	17.59
16.33	17.56
16.42	17.50
16.50	17.44
16.58	17.37
16.67	17.31
16.75	17.26
16.83	17.27
16.92	17.32
17.00	17.37
17.08	17.42
17.17	17.47
17.25	17.52
17.33	17.58
17.42	17.64
17.50	17.66
17.58	17.68
17.67	17.70
17.75	17.69
17.83	17.62
17.92	17.58
18.00	17.56
18.08	17.55
18.17	17.54
18.25	17.53
18.33	17.51
18.42	17.51
18.50	17.54
18.58	17.57
18.67	17.61
18.75	17.68
18.83	17.73
18.92	17.77
19.00	17.79
19.08	17.82
19.17	17.85
19.25	17.88
19.33	17.93
19.42	17.97
19.50	18.02
19.58	18.07
19.67	18.08
19.75	18.09
19.83	18.10
19.92	18.11
20.00	18.09
20.08	18.05
20.17	18.00
20.25	17.92
20.33	17.83
20.42	17.71
20.50	17.57
20.58	17.42
20.67	17.24
20.75	17.02
20.83	16.79
20.92	16.55
21.00	16.31
21.08	16.06
21.17	15.77
21.25	15.47
21.33	15.16
21.42	14.86
21.50	14.56
21.58	14.23
21.67	13.92
21.75	13.58
21.83	13.23
21.92	12.87
22.00	12.51
22.08	12.15
22.17	11.79
22.25	11.44
22.33	11.09
22.42	10.72
22.50	10.37
22.58	10.05
22.67	9.74
22.75	9.43
22.83	9.15
22.92	8.88
23.00	8.66
23.08	8.45
23.17	8.25
23.25	8.04
23.33	7.83
23.42	7.63
23.50	7.39
23.58	7.19
23.67	7.03
23.75	6.92
23.83	6.86
23.92	6.82
0.00	5.81
0.08	5.78
0.17	5.72
0.25	5.60
0.33	5.44
0.42	5.29
0.50	5.11
0.58	4.92
0.67	4.70
0.75	4.53
0.83	4.41
0.92	4.33
1.00	4.25
1.08	4.19
1.17	4.13
1.25	4.10
1.33	4.09
1.42	4.10
1.50	4.11
1.58	4.17
1.67	4.19
1.75	4.19
1.83	4.18
1.92	4.17
2.00	4.15
2.08	4.14
2.17	4.13
2.25	4.11
2.33	4.09
2.42	4.07
2.50	4.05
2.58	4.05
2.67	4.03
2.75	4.00
2.83	3.95
2.92	3.89
3.00	3.82
3.08	3.76
3.17	3.72
3.25	3.69
3.33	3.68
3.42	3.66
3.50	3.64
3.58	3.63
3.67	3.60
3.75	3.58
3.83	3.57
3.92	3.59
4.00	3.64
4.08	3.72
4.17	3.79
4.25	3.83
4.33	3.85
4.42	3.88
4.50	3.89
4.58	3.90
4.67	3.92
4.75	3.94
4.83	3.93
4.92	3.89
5.00	3.82
5.08	3.73
5.17	3.66
5.25	3.59
5.33	3.53
5.42	3.46
5.50	3.39
5.58	3.33
5.67	3.27
5.75	3.22
5.83	3.18
5.92	3.15
6.00	3.12
6.08	3.09
6.17	3.05
6.25	3.02
6.33	2.97
6.42	2.94
6.50	2.91
6.58	2.88
6.67	2.85
6.75	2.82
6.83	2.79
6.92	2.73
7.00	2.67
7.08	2.59
7.17	2.51
7.25	2.43
7.33	2.35
7.42	2.27
7.50	2.20
7.58	2.13
7.67	2.08
7.75	2.05
7.83	2.03
7.92	2.01
8.00	2.00
8.08	2.00
8.17	1.99
8.25	1.99
8.33	1.99
8.42	2.00
8.50	2.01
8.58	2.02
8.67	2.02
8.75	2.03
8.83	2.05
8.92	2.08
9.00	2.15
9.08	2.23
9.17	2.35
9.25	2.50
9.33	2.67
9.42	2.85
9.50	3.08
9.58	3.33
9.67	3.60
9.75	3.89
9.83	4.19
9.92	4.51
10.00	4.83
10.08	5.14
10.17	5.45
10.25	5.75
10.33	6.06
10.42	6.38
10.50	6.66
10.58	6.94
10.67	7.20
10.75	7.45
10.83	7.70
10.92	7.94
11.00	8.17
11.08	8.40
11.17	8.65
11.25	8.90
11.33	9.14
11.42	9.39
11.50	9.64
11.58	9.92
11.67	10.21
11.75	10.49
11.83	10.77
11.92	11.06
12.00	11.34
12.08	11.62
12.17	11.90
12.25	12.18
12.33	12.47
12.42	12.75
12.50	13.02
12.58	13.28
12.67	13.55
12.75	13.83
12.83	14.11
12.92	14.40
13.00	14.69
13.08	14.97
13.17	15.25
13.25	15.53
13.33	15.79
13.42	16.06
13.50	16.36
13.58	16.67
13.67	16.99
13.75	17.31
13.83	17.63
13.92	17.96
14.00	18.28
14.08	18.58
14.17	18.90
14.25	19.21
14.33	19.50
14.42	19.77
14.50	20.00
14.58	20.20
14.67	20.35
14.75	20.46
14.83	20.55
14.92	20.62
15.00	20.70
15.08	20.76
15.17	20.82
15.25	20.86
15.33	20.90
15.42	20.93
15.50	20.96
15.58	21.01
15.67	21.08
15.75	21.17
15.83	21.26
15.92	21.34
16.00	21.43
16.08	21.51
16.17	21.61
16.25	21.72
16.33	21.86
16.42	22.01
16.50	22.16
16.58	22.34
16.67	22.53
16.75	22.70
16.83	22.85
16.92	23.00
17.00	23.14
17.08	23.29
17.17	23.45
17.25	23.63
17.33	23.79
17.42	23.89
17.50	23.94
17.58	23.98
17.67	23.99
17.75	24.03
17.83	24.10
17.92	24.20
18.00	24.29
18.08	24.36
18.17	24.43
18.25	24.52
18.33	24.64
18.42	24.83
18.50	25.04
18.58	25.26
18.67	25.53
18.75	25.81
18.83	26.04
18.92	26.19
19.00	26.32
19.08	26.41
19.17	26.44
19.25	26.41
19.33	26.33
19.42	26.19
19.50	26.01
19.58	25.75
19.67	25.41
19.75	25.04
19.83	24.70
19.92	24.38
20.00	24.01
20.08	23.63
20.17	23.25
20.25	22.88
20.33	22.53
20.42	22.19
20.50	21.87
20.58	21.55
20.67	21.23
20.75	20.91
20.83	20.56
20.92	20.23
21.00	19.93
21.08	19.62
21.17	19.32
21.25	19.00
21.33	18.70
21.42	18.41
21.50	18.11
21.58	17.81
21.67	17.51
21.75	17.21
21.83	16.92
21.92	16.64
22.00	16.35
22.08	16.06
22.17	15.76
22.25	15.46
22.33	15.14
22.42	14.84
22.50	14.56
22.58	14.28
22.67	13.98
22.75	13.67
22.83	13.34
22.92	13.03
23.00	12.73
23.08	12.43
23.17	12.12
23.25	11.81
23.33	11.48
23.42	11.12
23.50	10.76
23.58	10.45
23.67	10.20
23.75	10.02
23.83	9.90
23.92	9.83
0.00	9.58
0.08	9.55
0.17	9.48
0.25	9.34
0.33	9.13
0.42	8.91
0.50	8.66
0.58	8.38
0.67	8.12
0.75	7.90
0.83	7.70
0.92	7.51
1.00	7.33
1.08	7.15
1.17	6.99
1.25	6.86
1.33	6.74
1.42	6.63
1.50	6.55
1.58	6.46
1.67	6.35
1.75	6.25
1.83	6.14
1.92	6.03
2.00	5.92
2.08	5.82
2.17	5.72
2.25	5.62
2.33	5.53
2.42	5.45
2.50	5.38
2.58	5.33
2.67	5.30
2.75	5.28
2.83	5.26
2.92	5.26
3.00	5.27
3.08	5.27
3.17	5.27
3.25	5.29
3.33	5.29
3.42	5.29
3.50	5.26
3.58	5.20
3.67	5.12
3.75	5.04
3.83	4.94
3.92	4.83
4.00	4.73
4.08	4.65
4.17	4.56
4.25	4.47
4.33	4.38
4.42	4.29
4.50	4.23
4.58	4.21
4.67	4.19
4.75	4.18
4.83	4.18
4.92	4.18
5.00	4.14
5.08	4.10
5.17	4.06
5.25	4.03
5.33	4.01
5.42	4.01
5.50	3.98
5.58	3.94
5.67	3.89
5.75	3.84
5.83	3.80
5.92	3.75
6.00	3.71
6.08	3.67
6.17	3.63
6.25	3.56
6.33	3.49
6.42	3.41
6.50	3.34
6.58	3.28
6.67	3.21
6.75	3.13
6.83	3.06
6.92	2.99
7.00	2.91
7.08	2.84
7.17	2.76
7.25	2.68
7.33	2.59
7.42	2.51
7.50	2.43
7.58	2.35
7.67	2.29
7.75	2.24
7.83	2.19
7.92	2.14
8.00	2.09
8.08	2.04
8.17	2.01
8.25	1.97
8.33	1.95
8.42	1.93
8.50	1.93
8.58	1.92
8.67	1.92
8.75	1.92
8.83	1.95
8.92	2.00
9.00	2.08
9.08	2.19
9.17	2.33
9.25	2.50
9.33	2.68
9.42	2.90
9.50	3.14
9.58	3.39
9.67	3.67
9.75	3.97
9.83	4.29
9.92	4.61
10.00	4.93
10.08	5.25
10.17	5.56
10.25	5.87
10.33	6.18
10.42	6.49
10.50	6.79
10.58	7.08
10.67	7.37
10.75	7.65
10.83	7.94
10.92	8.22
11.00	8.50
11.08	8.78
11.17	9.05
11.25	9.33
11.33	9.58
11.42	9.84
11.50	10.12
11.58	10.40
11.67	10.69
11.75	10.98
11.83	11.27
11.92	11.55
12.00	11.85
12.08	12.17
12.17	12.49
12.25	12.83
12.33	13.19
12.42	13.54
12.50	13.89
12.58	14.25
12.67	14.62
12.75	14.97
12.83	15.33
12.92	15.67
13.00	15.99
13.08	16.31
13.17	16.63
13.25	16.94
13.33	17.24
13.42	17.56
13.50	17.88
13.58	18.21
13.67	18.54
13.75	18.88
13.83	19.24
13.92	19.61
14.00	19.99
14.08	20.41
14.17	20.86
14.25	21.32
14.33	21.80
14.42	22.25
14.50	22.70
14.58	23.07
14.67	23.43
14.75	23.79
14.83	24.14
14.92	24.45
15.00	24.73
15.08	24.94
15.17	25.10
15.25	25.24
15.33	25.34
15.42	25.42
15.50	25.49
15.58	25.58
15.67	25.64
15.75	25.68
15.83	25.73
15.92	25.79
16.00	25.85
16.08	25.93
16.17	26.02
16.25	26.12
16.33	26.21
16.42	26.31
16.50	26.42
16.58	26.53
16.67	26.63
16.75	26.68
16.83	26.71
16.92	26.73
17.00	26.74
17.08	26.73
17.17	26.71
17.25	26.67
17.33	26.60
17.42	26.51
17.50	26.41
17.58	26.31
17.67	26.24
17.75	26.17
17.83	26.14
17.92	26.13
18.00	26.12
18.08	26.10
18.17	26.08
18.25	26.07
18.33	26.10
18.42	26.12
18.50	26.14
18.58	26.19
18.67	26.26
18.75	26.28
18.83	26.24
18.92	26.18
19.00	26.11
19.08	26.04
19.17	25.97
19.25	25.86
19.33	25.72
19.42	25.55
19.50	25.33
19.58	25.05
19.67	24.76
19.75	24.48
19.83	24.20
19.92	23.87
20.00	23.54
20.08	23.18
20.17	22.84
20.25	22.54
20.33	22.23
20.42	21.95
20.50	21.69
20.58	21.44
20.67	21.19
20.75	20.96
20.83	20.75
20.92	20.56
21.00	20.37
21.08	20.19
21.17	19.97
21.25	19.76
21.33	19.60
21.42	19.41
21.50	19.21
21.58	18.98
21.67	18.73
21.75	18.46
21.83	18.16
21.92	17.82
22.00	17.46
22.08	17.07
22.17	16.68
22.25	16.23
22.33	15.75
22.42	15.27
22.50	14.80
22.58	14.33
22.67	13.87
22.75	13.42
22.83	13.02
22.92	12.66
23.00	12.32
23.08	11.99
23.17	11.67
23.25	11.39
23.33	11.11
23.42	10.85
23.50	10.61
23.58	10.41
23.67	10.26
23.75	10.15
23.83	10.05
23.92	9.99
0.00	10.00
0.08	9.98
0.17	9.89
0.25	9.76
0.33	9.59
0.42	9.33
0.50	9.00
0.58	8.77
0.67	8.61
0.75	8.49
0.83	8.40
0.92	8.31
1.00	8.22
1.08	8.15
1.17	8.13
1.25	8.11
1.33	8.10
1.42	8.13
1.50	8.16
1.58	8.10
1.67	8.03
1.75	7.91
1.83	7.79
1.92	7.68
2.00	7.57
2.08	7.46
2.17	7.35
2.25	7.23
2.33	7.12
2.42	7.02
2.50	6.93
2.58	6.86
2.67	6.79
2.75	6.72
2.83	6.63
2.92	6.53
3.00	6.43
3.08	6.34
3.17	6.29
3.25	6.24
3.33	6.17
3.42	6.09
3.50	6.00
3.58	5.89
3.67	5.78
3.75	5.68
3.83	5.59
3.92	5.50
4.00	5.42
4.08	5.32
4.17	5.18
4.25	5.05
4.33	4.93
4.42	4.83
4.50	4.74
4.58	4.66
4.67	4.58
4.75	4.50
4.83	4.43
4.92	4.35
5.00	4.29
5.08	4.24
5.17	4.19
5.25	4.16
5.33	4.15
5.42	4.14
5.50	4.13
5.58	4.13
5.67	4.14
5.75	4.15
5.83	4.16
5.92	4.18
6.00	4.19
6.08	4.19
6.17	4.19
6.25	4.18
6.33	4.15
6.42	4.11
6.50	4.07
6.58	4.02
6.67	3.96
6.75	3.89
6.83	3.82
6.92	3.73
7.00	3.65
7.08	3.56
7.17	3.48
7.25	3.40
7.33	3.31
7.42	3.23
7.50	3.14
7.58	3.08
7.67	3.03
7.75	2.98
7.83	2.93
7.92	2.87
8.00	2.80
8.08	2.74
8.17	2.68
8.25	2.62
8.33	2.56
8.42	2.51
8.50	2.46
8.58	2.39
8.67	2.33
8.75	2.29
8.83	2.27
8.92	2.27
9.00	2.30
9.08	2.37
9.17	2.46
9.25	2.57
9.33	2.71
9.42	2.90
9.50	3.11
9.58	3.36
9.67	3.63
9.75	3.93
9.83	4.24
9.92	4.57
10.00	4.90
10.08	5.23
10.17	5.56
10.25	5.92
10.33	6.27
10.42	6.62
10.50	6.95
10.58	7.28
10.67	7.61
10.75	7.93
10.83	8.26
10.92	8.59
11.00	8.93
11.08	9.28
11.17	9.61
11.25	9.93
11.33	10.24
11.42	10.56
11.50	10.88
11.58	11.20
11.67	11.51
11.75	11.81
11.83	12.10
11.92	12.39
12.00	12.66
12.08	12.94
12.17	13.21
12.25	13.48
12.33	13.75
12.42	14.01
12.50	14.28
12.58	14.54
12.67	14.80
12.75	15.06
12.83	15.32
12.92	15.57
13.00	15.82
13.08	16.07
13.17	16.31
13.25	16.56
13.33	16.84
13.42	17.14
13.50	17.45
13.58	17.77
13.67	18.10
13.75	18.45
13.83	18.80
13.92	19.15
14.00	19.53
14.08	19.92
14.17	20.32
14.25	20.70
14.33	21.05
14.42	21.38
14.50	21.67
14.58	21.94
14.67	22.20
14.75	22.46
14.83	22.71
14.92	22.94
15.00	23.11
15.08	23.25
15.17	23.39
15.25	23.53
15.33	23.68
15.42	23.83
15.50	24.01
15.58	24.18
15.67	24.34
15.75	24.51
15.83	24.69
15.92	24.86
16.00	25.05
16.08	25.25
16.17	25.43
16.25	25.59
16.33	25.74
16.42	25.87
16.50	25.98
16.58	26.12
16.67	26.28
16.75	26.43
16.83	26.58
16.92	26.73
17.00	26.87
17.08	27.01
17.17	27.13
17.25	27.23
17.33	27.30
17.42	27.37
17.50	27.42
17.58	27.43
17.67	27.42
17.75	27.45
17.83	27.45
17.92	27.45
18.00	27.43
18.08	27.42
18.17	27.42
18.25	27.42
18.33	27.42
18.42	27.43
18.50	27.46
18.58	27.48
18.67	27.44
18.75	27.34
18.83	27.24
18.92	27.12
19.00	27.02
19.08	26.91
19.17	26.82
19.25	26.74
19.33	26.67
19.42	26.61
19.50	26.52
19.58	26.44
19.67	26.38
19.75	26.32
19.83	26.23
19.92	26.13
20.00	26.01
20.08	25.88
20.17	25.76
20.25	25.58
20.33	25.36
20.42	25.11
20.50	24.86
20.58	24.59
20.67	24.32
20.75	24.04
20.83	23.75
20.92	23.44
21.00	23.10
21.08	22.72
21.17	22.31
21.25	21.96
21.33	21.58
21.42	21.15
21.50	20.69
21.58	20.21
21.67	19.71
21.75	19.20
21.83	18.69
21.92	18.17
22.00	17.64
22.08	17.12
22.17	16.59
22.25	16.01
22.33	15.46
22.42	14.93
22.50	14.39
22.58	13.85
22.67	13.30
22.75	12.78
22.83	12.28
22.92	11.79
23.00	11.31
23.08	10.81
23.17	10.35
23.25	9.91
23.33	9.49
23.42	9.11
23.50	8.79
23.58	8.52
23.67	8.29
23.75	8.09
23.83	7.96
23.92	7.88
0.00	7.43
0.08	7.42
0.17	7.38
0.25	7.32
0.33	7.22
0.42	7.04
0.50	6.86
0.58	6.73
0.67	6.62
0.75	6.56
0.83	6.50
0.92	6.46
1.00	6.41
1.08	6.39
1.17	6.38
1.25	6.37
1.33	6.39
1.42	6.44
1.50	6.45
1.58	6.45
1.67	6.44
1.75	6.42
1.83	6.40
1.92	6.38
2.00	6.34
2.08	6.30
2.17	6.26
2.25	6.21
2.33	6.16
2.42	6.11
2.50	6.05
2.58	5.98
2.67	5.90
2.75	5.80
2.83	5.69
2.92	5.56
3.00	5.44
3.08	5.34
3.17	5.23
3.25	5.12
3.33	5.00
3.42	4.88
3.50	4.77
3.58	4.67
3.67	4.57
3.75	4.49
3.83	4.43
3.92	4.41
4.00	4.38
4.08	4.34
4.17	4.31
4.25	4.29
4.33	4.27
4.42	4.27
4.50	4.27
4.58	4.26
4.67	4.25
4.75	4.22
4.83	4.15
4.92	4.05
5.00	3.95
5.08	3.85
5.17	3.78
5.25	3.73
5.33	3.67
5.42	3.58
5.50	3.48
5.58	3.38
5.67	3.31
5.75	3.24
5.83	3.19
5.92	3.15
6.00	3.11
6.08	3.06
6.17	2.99
6.25	2.90
6.33	2.85
6.42	2.80
6.50	2.75
6.58	2.70
6.67	2.65
6.75	2.60
6.83	2.54
6.92	2.49
7.00	2.44
7.08	2.39
7.17	2.34
7.25	2.28
7.33	2.23
7.42	2.19
7.50	2.17
7.58	2.18
7.67	2.18
7.75	2.19
7.83	2.19
7.92	2.19
8.00	2.20
8.08	2.21
8.17	2.22
8.25	2.23
8.33	2.25
8.42	2.26
8.50	2.25
8.58	2.24
8.67	2.24
8.75	2.25
8.83	2.28
8.92	2.33
9.00	2.39
9.08	2.47
9.17	2.57
9.25	2.68
9.33	2.85
9.42	3.03
9.50	3.24
9.58	3.48
9.67	3.76
9.75	4.05
9.83	4.36
9.92	4.68
10.00	5.02
10.08	5.37
10.17	5.74
10.25	6.11
10.33	6.47
10.42	6.83
10.50	7.19
10.58	7.55
10.67	7.90
10.75	8.26
10.83	8.63
10.92	9.02
11.00	9.42
11.08	9.83
11.17	10.24
11.25	10.66
11.33	11.09
11.42	11.53
11.50	11.97
11.58	12.42
11.67	12.87
11.75	13.31
11.83	13.76
11.92	14.19
12.00	14.62
12.08	15.04
12.17	15.47
12.25	15.90
12.33	16.32
12.42	16.75
12.50	17.18
12.58	17.60
12.67	18.01
12.75	18.43
12.83	18.81
12.92	19.18
13.00	19.53
13.08	19.86
13.17	20.15
13.25	20.43
13.33	20.69
13.42	20.92
13.50	21.13
13.58	21.31
13.67	21.47
13.75	21.60
13.83	21.72
13.92	21.82
14.00	21.94
14.08	22.04
14.17	22.13
14.25	22.19
14.33	22.22
14.42	22.24
14.50	22.25
14.58	22.28
14.67	22.33
14.75	22.38
14.83	22.43
14.92	22.47
15.00	22.50
15.08	22.53
15.17	22.58
15.25	22.65
15.33	22.73
15.42	22.82
15.50	22.93
15.58	23.03
15.67	23.12
15.75	23.22
15.83	23.31
15.92	23.41
16.00	23.52
16.08	23.63
16.17	23.74
16.25	23.84
16.33	23.94
16.42	24.03
16.50	24.10
16.58	24.17
16.67	24.23
16.75	24.30
16.83	24.35
16.92	24.39
17.00	24.42
17.08	24.46
17.17	24.49
17.25	24.49
17.33	24.50
17.42	24.51
17.50	24.53
17.58	24.55
17.67	24.58
17.75	24.62
17.83	24.66
17.92	24.71
18.00	24.76
18.08	24.81
18.17	24.89
18.25	25.00
18.33	25.12
18.42	25.29
18.50	25.49
18.58	25.69
18.67	25.85
18.75	25.96
18.83	26.05
18.92	26.11
19.00	26.13
19.08	26.10
19.17	26.00
19.25	25.81
19.33	25.54
19.42	25.15
19.50	24.67
19.58	24.13
19.67	23.60
19.75	23.02
19.83	22.41
19.92	21.80
20.00	21.21
20.08	20.65
20.17	20.11
20.25	19.59
20.33	19.10
20.42	18.66
20.50	18.28
20.58	17.94
20.67	17.64
20.75	17.40
20.83	17.19
20.92	17.02
21.00	16.85
21.08	16.71
21.17	16.62
21.25	16.56
21.33	16.49
21.42	16.43
21.50	16.37
21.58	16.30
21.67	16.24
21.75	16.15
21.83	16.03
21.92	15.87
22.00	15.66
22.08	15.41
22.17	15.12
22.25	14.81
22.33	14.49
22.42	14.14
22.50	13.76
22.58	13.34
22.67	12.90
22.75	12.46
22.83	12.02
22.92	11.58
23.00	11.16
23.08	10.73
23.17	10.31
23.25	9.88
23.33	9.45
23.42	9.05
23.50	8.66
23.58	8.32
23.67	8.03
23.75	7.81
23.83	7.66
23.92	7.58
0.00	6.87
0.08	6.85
0.17	6.79
0.25	6.70
0.33	6.56
0.42	6.37
0.50	6.16
0.58	5.97
0.67	5.80
0.75	5.65
0.83	5.52
0.92	5.41
1.00	5.29
1.08	5.19
1.17	5.10
1.25	5.01
1.33	4.94
1.42	4.86
1.50	4.78
1.58	4.70
1.67	4.63
1.75	4.56
1.83	4.49
1.92	4.42
2.00	4.36
2.08	4.29
2.17	4.23
2.25	4.18
2.33	4.13
2.42	4.08
2.50	4.03
2.58	3.98
2.67	3.93
2.75	3.88
2.83	3.82
2.92	3.76
3.00	3.70
3.08	3.65
3.17	3.60
3.25	3.54
3.33	3.48
3.42	3.42
3.50	3.35
3.58	3.29
3.67	3.22
3.75	3.16
3.83	3.11
3.92	3.06
4.00	2.98
4.08	2.91
4.17	2.85
4.25	2.79
4.33	2.73
4.42	2.67
4.50	2.62
4.58	2.57
4.67	2.54
4.75	2.51
4.83	2.48
4.92	2.46
5.00	2.44
5.08	2.44
5.17	2.44
5.25	2.44
5.33	2.44
5.42	2.43
5.50	2.43
5.58	2.43
5.67	2.42
5.75	2.40
5.83	2.40
5.92	2.38
6.00	2.36
6.08	2.33
6.17	2.31
6.25	2.29
6.33	2.27
6.42	2.25
6.50	2.23
6.58	2.21
6.67	2.19
6.75	2.17
6.83	2.15
6.92	2.12
7.00	2.10
7.08	2.08
7.17	2.06
7.25	2.04
7.33	2.01
7.42	2.00
7.50	2.00
7.58	2.01
7.67	2.01
7.75	2.01
7.83	2.02
7.92	2.04
8.00	2.06
8.08	2.08
8.17	2.11
8.25	2.14
8.33	2.17
8.42	2.18
8.50	2.19
8.58	2.21
8.67	2.23
8.75	2.27
8.83	2.32
8.92	2.38
9.00	2.47
9.08	2.57
9.17	2.69
9.25	2.85
9.33	3.02
9.42	3.23
9.50	3.48
9.58	3.76
9.67	4.08
9.75	4.43
9.83	4.79
9.92	5.16
10.00	5.55
10.08	5.96
10.17	6.38
10.25	6.81
10.33	7.22
10.42	7.62
10.50	8.01
10.58	8.39
10.67	8.76
10.75	9.13
10.83	9.50
10.92	9.88
11.00	10.25
11.08	10.61
11.17	10.95
11.25	11.29
11.33	11.66
11.42	12.03
11.50	12.41
11.58	12.80
11.67	13.19
11.75	13.58
11.83	13.98
11.92	14.40
12.00	14.83
12.08	15.29
12.17	15.76
12.25	16.25
12.33	16.75
12.42	17.27
12.50	17.77
12.58	18.26
12.67	18.75
12.75	19.21
12.83	19.65
12.92	20.07
13.00	20.48
13.08	20.86
13.17	21.20
13.25	21.56
13.33	21.88
13.42	22.19
13.50	22.49
13.58	22.80
13.67	23.09
13.75	23.39
13.83	23.68
13.92	23.98
14.00	24.26
14.08	24.55
14.17	24.83
14.25	25.08
14.33	25.29
14.42	25.48
14.50	25.65
14.58	25.80
14.67	25.94
14.75	26.07
14.83	26.16
14.92	26.24
15.00	26.32
15.08	26.40
15.17	26.49
15.25	26.59
15.33	26.73
15.42	26.88
15.50	27.07
15.58	27.25
15.67	27.44
15.75	27.65
15.83	27.87
15.92	28.10
16.00	28.32
16.08	28.52
16.17	28.71
16.25	28.88
16.33	29.04
16.42	29.16
16.50	29.33
16.58	29.54
16.67	29.72
16.75	29.88
16.83	30.02
16.92	30.14
17.00	30.24
17.08	30.32
17.17	30.37
17.25	30.41
17.33	30.43
17.42	30.43
17.50	30.34
17.58	30.23
17.67	30.10
17.75	29.94
17.83	29.77
17.92	29.60
18.00	29.43
18.08	29.26
18.17	29.10
18.25	28.91
18.33	28.74
18.42	28.60
18.50	28.46
18.58	28.28
18.67	28.04
18.75	27.79
18.83	27.54
18.92	27.27
19.00	26.98
19.08	26.69
19.17	26.42
19.25	26.15
19.33	25.82
19.42	25.45
19.50	25.06
19.58	24.70
19.67	24.34
19.75	23.97
19.83	23.60
19.92	23.20
20.00	22.76
20.08	22.28
20.17	21.78
20.25	21.26
20.33	20.72
20.42	20.18
20.50	19.63
20.58	19.06
20.67	18.49
20.75	17.91
20.83	17.29
20.92	16.69
21.00	16.09
21.08	15.52
21.17	14.95
21.25	14.39
21.33	13.84
21.42	13.29
21.50	12.78
21.58	12.28
21.67	11.79
21.75	11.32
21.83	10.87
21.92	10.42
22.00	9.98
22.08	9.55
22.17	9.14
22.25	8.74
22.33	8.36
22.42	7.98
22.50	7.63
22.58	7.32
22.67	7.05
22.75	6.81
22.83	6.59
22.92	6.40
23.00	6.23
23.08	6.07
23.17	5.91
23.25	5.76
23.33	5.65
23.42	5.54
23.50	5.39
23.58	5.25
23.67	5.17
23.75	5.11
23.83	5.06
23.92	5.04
0.00	4.58
0.08	4.56
0.17	4.52
0.25	4.43
0.33	4.35
0.42	4.27
0.50	4.17
0.58	4.09
0.67	4.02
0.75	3.96
0.83	3.89
0.92	3.84
1.00	3.79
1.08	3.75
1.17	3.72
1.25	3.73
1.33	3.70
1.42	3.67
1.50	3.64
1.58	3.60
1.67	3.56
1.75	3.53
1.83	3.49
1.92	3.46
2.00	3.43
2.08	3.40
2.17	3.38
2.25	3.35
2.33	3.32
2.42	3.29
2.50	3.26
2.58	3.23
2.67	3.20
2.75	3.16
2.83	3.13
2.92	3.10
3.00	3.08
3.08	3.06
3.17	3.04
3.25	3.01
3.33	2.99
3.42	2.96
3.50	2.94
3.58	2.91
3.67	2.88
3.75	2.88
3.83	2.87
3.92	2.84
4.00	2.80
4.08	2.76
4.17	2.72
4.25	2.69
4.33	2.65
4.42	2.62
4.50	2.59
4.58	2.57
4.67	2.55
4.75	2.52
4.83	2.50
4.92	2.49
5.00	2.49
5.08	2.51
5.17	2.53
5.25	2.55
5.33	2.57
5.42	2.58
5.50	2.59
5.58	2.59
5.67	2.60
5.75	2.60
5.83	2.61
5.92	2.61
6.00	2.59
6.08	2.57
6.17	2.55
6.25	2.55
6.33	2.54
6.42	2.54
6.50	2.53
6.58	2.53
6.67	2.51
6.75	2.50
6.83	2.48
6.92	2.47
7.00	2.45
7.08	2.43
7.17	2.41
7.25	2.38
7.33	2.36
7.42	2.36
7.50	2.36
7.58	2.36
7.67	2.35
7.75	2.34
7.83	2.33
7.92	2.32
8.00	2.32
8.08	2.31
8.17	2.31
8.25	2.32
8.33	2.30
8.42	2.28
8.50	2.25
8.58	2.24
8.67	2.24
8.75	2.25
8.83	2.28
8.92	2.33
9.00	2.40
9.08	2.48
9.17	2.59
9.25	2.73
9.33	2.89
9.42	3.08
9.50	3.31
9.58	3.56
9.67	3.83
9.75	4.12
9.83	4.40
9.92	4.69
10.00	4.98
10.08	5.28
10.17	5.56
10.25	5.84
10.33	6.11
10.42	6.35
10.50	6.59
10.58	6.82
10.67	7.04
10.75	7.27
10.83	7.51
10.92	7.76
11.00	8.00
11.08	8.24
11.17	8.51
11.25	8.80
11.33	9.11
11.42	9.43
11.50	9.78
11.58	10.14
11.67	10.49
11.75	10.85
11.83	11.21
11.92	11.58
12.00	11.96
12.08	12.33
12.17	12.69
12.25	13.05
12.33	13.41
12.42	13.75
12.50	14.07
12.58	14.37
12.67	14.65
12.75	14.90
12.83	15.16
12.92	15.39
13.00	15.61
13.08	15.81
13.17	16.01
13.25	16.20
13.33	16.39
13.42	16.58
13.50	16.79
13.58	17.02
13.67	17.27
13.75	17.54
13.83	17.83
13.92	18.14
14.00	18.47
14.08	18.82
14.17	19.18
14.25	19.55
14.33	19.87
14.42	20.19
14.50	20.48
14.58	20.77
14.67	21.07
14.75	21.38
14.83	21.67
14.92	21.94
15.00	22.20
15.08	22.46
15.17	22.69
15.25	22.93
15.33	23.18
15.42	23.47
15.50	23.75
15.58	24.00
15.67	24.24
15.75	24.45
15.83	24.65
15.92	24.83
16.00	24.98
16.08	25.11
16.17	25.22
16.25	25.31
16.33	25.38
16.42	25.47
16.50	25.64
16.58	25.80
16.67	25.92
16.75	26.05
16.83	26.21
16.92	26.39
17.00	26.59
17.08	26.76
17.17	26.96
17.25	27.17
17.33	27.37
17.42	27.48
17.50	27.56
17.58	27.63
17.67	27.68
17.75	27.69
17.83	27.68
17.92	27.68
18.00	27.67
18.08	27.65
18.17	27.60
18.25	27.53
18.33	27.49
18.42	27.46
18.50	27.42
18.58	27.40
18.67	27.41
18.75	27.45
18.83	27.48
18.92	27.50
19.00	27.51
19.08	27.51
19.17	27.48
19.25	27.37
19.33	27.19
19.42	26.96
19.50	26.70
19.58	26.35
19.67	25.86
19.75	25.30
19.83	24.67
19.92	24.01
20.00	23.32
20.08	22.63
20.17	21.95
20.25	21.27
20.33	20.59
20.42	19.93
20.50	19.27
20.58	18.72
20.67	18.21
20.75	17.74
20.83	17.32
20.92	16.90
21.00	16.52
21.08	16.17
21.17	15.84
21.25	15.52
21.33	15.22
21.42	14.91
21.50	14.63
21.58	14.34
21.67	14.04
21.75	13.72
21.83	13.39
21.92	13.06
22.00	12.67
22.08	12.30
22.17	11.94
22.25	11.57
22.33	11.19
22.42	10.80
22.50	10.40
22.58	10.03
22.67	9.66
22.75	9.32
22.83	8.98
22.92	8.66
23.00	8.37
23.08	8.07
23.17	7.79
23.25	7.54
23.33	7.34
23.42	7.13
23.50	6.91
23.58	6.71
23.67	6.59
23.75	6.52
23.83	6.46
23.92	6.42
0.00	4.94
0.08	4.93
0.17	4.89
0.25	4.83
0.33	4.78
0.42	4.70
0.50	4.62
0.58	4.56
0.67	4.50
0.75	4.46
0.83	4.42
0.92	4.39
1.00	4.37
1.08	4.36
1.17	4.37
1.25	4.37
1.33	4.37
1.42	4.37
1.50	4.35
1.58	4.34
1.67	4.32
1.75	4.31
1.83	4.29
1.92	4.26
2.00	4.22
2.08	4.17
2.17	4.11
2.25	4.05
2.33	3.97
2.42	3.89
2.50	3.81
2.58	3.71
2.67	3.60
2.75	3.49
2.83	3.39
2.92	3.31
3.00	3.23
3.08	3.15
3.17	3.08
3.25	3.01
3.33	2.94
3.42	2.88
3.50	2.83
3.58	2.77
3.67	2.73
3.75	2.71
3.83	2.66
3.92	2.60
4.00	2.55
4.08	2.50
4.17	2.46
4.25	2.42
4.33	2.39
4.42	2.36
4.50	2.34
4.58	2.33
4.67	2.31
4.75	2.29
4.83	2.28
4.92	2.28
5.00	2.31
5.08	2.35
5.17	2.37
5.25	2.39
5.33	2.41
5.42	2.43
5.50	2.44
5.58	2.45
5.67	2.48
5.75	2.50
5.83	2.52
5.92	2.52
6.00	2.51
6.08	2.49
6.17	2.49
6.25	2.49
6.33	2.49
6.42	2.48
6.50	2.48
6.58	2.46
6.67	2.44
6.75	2.42
6.83	2.40
6.92	2.38
7.00	2.35
7.08	2.32
7.17	2.29
7.25	2.27
7.33	2.27
7.42	2.28
7.50	2.29
7.58	2.28
7.67	2.27
7.75	2.27
7.83	2.26
7.92	2.26
8.00	2.27
8.08	2.28
8.17	2.29
8.25	2.28
8.33	2.26
8.42	2.25
8.50	2.24
8.58	2.25
8.67	2.27
8.75	2.29
8.83	2.33
8.92	2.39
9.00	2.45
9.08	2.55
9.17	2.68
9.25	2.83
9.33	3.00
9.42	3.20
9.50	3.43
9.58	3.68
9.67	3.94
9.75	4.21
9.83	4.48
9.92	4.76
10.00	5.06
10.08	5.33
10.17	5.59
10.25	5.82
10.33	6.04
10.42	6.25
10.50	6.45
10.58	6.65
10.67	6.83
10.75	7.03
10.83	7.22
10.92	7.41
11.00	7.61
11.08	7.83
11.17	8.06
11.25	8.33
11.33	8.61
11.42	8.91
11.50	9.21
11.58	9.50
11.67	9.81
11.75	10.12
11.83	10.45
11.92	10.77
12.00	11.08
12.08	11.38
12.17	11.69
12.25	11.99
12.33	12.29
12.42	12.59
12.50	12.91
12.58	13.26
12.67	13.60
12.75	13.93
12.83	14.28
12.92	14.64
13.00	14.97
13.08	15.32
13.17	15.68
13.25	16.04
13.33	16.41
13.42	16.77
13.50	17.14
13.58	17.50
13.67	17.87
13.75	18.28
13.83	18.69
13.92	19.13
14.00	19.58
14.08	20.01
14.17	20.43
14.25	20.78
14.33	21.11
14.42	21.43
14.50	21.76
14.58	22.10
14.67	22.43
14.75	22.75
14.83	23.07
14.92	23.40
15.00	23.73
15.08	24.06
15.17	24.45
15.25	24.88
15.33	25.33
15.42	25.80
15.50	26.24
15.58	26.66
15.67	27.07
15.75	27.46
15.83	27.85
15.92	28.22
16.00	28.59
16.08	28.93
16.17	29.25
16.25	29.53
16.33	29.75
16.42	29.88
16.50	29.97
16.58	30.04
16.67	30.07
16.75	30.06
16.83	30.01
16.92	29.91
17.00	29.74
17.08	29.52
17.17	29.29
17.25	29.07
17.33	28.90
17.42	28.78
17.50	28.67
17.58	28.58
17.67	28.48
17.75	28.40
17.83	28.35
17.92	28.35
18.00	28.41
18.08	28.47
18.17	28.54
18.25	28.64
18.33	28.72
18.42	28.76
18.50	28.70
18.58	28.58
18.67	28.43
18.75	28.23
18.83	27.96
18.92	27.65
19.00	27.28
19.08	26.86
19.17	26.37
19.25	25.81
19.33	25.23
19.42	24.65
19.50	24.11
19.58	23.56
19.67	23.01
19.75	22.46
19.83	21.93
19.92	21.42
20.00	20.93
20.08	20.44
20.17	19.97
20.25	19.53
20.33	19.10
20.42	18.70
20.50	18.32
20.58	17.96
20.67	17.59
20.75	17.24
20.83	16.88
20.92	16.54
21.00	16.22
21.08	15.91
21.17	15.60
21.25	15.30
21.33	14.99
21.42	14.70
21.50	14.41
21.58	14.11
21.67	13.81
21.75	13.51
21.83	13.20
21.92	12.89
22.00	12.57
22.08	12.26
22.17	11.94
22.25	11.61
22.33	11.27
22.42	10.91
22.50	10.58
22.58	10.26
22.67	9.95
22.75	9.65
22.83	9.34
22.92	9.06
23.00	8.76
23.08	8.47
23.17	8.19
23.25	7.95
23.33	7.69
23.42	7.43
23.50	7.13
23.58	6.87
23.67	6.67
23.75	6.55
23.83	6.48
23.92	6.44
0.00	5.68
0.08	5.65
0.17	5.61
0.25	5.57
0.33	5.55
0.42	5.50
0.50	5.45
0.58	5.40
0.67	5.35
0.75	5.28
0.83	5.22
0.92	5.15
1.00	5.10
1.08	5.07
1.17	5.02
1.25	4.96
1.33	4.91
1.42	4.86
1.50	4.81
1.58	4.77
1.67	4.73
1.75	4.69
1.83	4.66
1.92	4.63
2.00	4.60
2.08	4.57
2.17	4.55
2.25	4.52
2.33	4.49
2.42	4.45
2.50	4.40
2.58	4.33
2.67	4.25
2.75	4.17
2.83	4.10
2.92	4.03
3.00	3.95
3.08	3.86
3.17	3.77
3.25	3.67
3.33	3.58
3.42	3.49
3.50	3.42
3.58	3.36
3.67	3.32
3.75	3.26
3.83	3.19
3.92	3.11
4.00	3.05
4.08	3.00
4.17	2.95
4.25	2.90
4.33	2.85
4.42	2.81
4.50	2.77
4.58	2.72
4.67	2.66
4.75	2.63
4.83	2.61
4.92	2.60
5.00	2.61
5.08	2.61
5.17	2.60
5.25	2.60
5.33	2.60
5.42	2.59
5.50	2.59
5.58	2.59
5.67	2.59
5.75	2.59
5.83	2.58
5.92	2.55
6.00	2.53
6.08	2.52
6.17	2.51
6.25	2.50
6.33	2.49
6.42	2.47
6.50	2.46
6.58	2.44
6.67	2.43
6.75	2.41
6.83	2.39
6.92	2.37
7.00	2.34
7.08	2.30
7.17	2.27
7.25	2.25
7.33	2.23
7.42	2.22
7.50	2.19
7.58	2.17
7.67	2.14
7.75	2.12
7.83	2.10
7.92	2.08
8.00	2.06
8.08	2.05
8.17	2.04
8.25	2.01
8.33	1.98
8.42	1.95
8.50	1.93
8.58	1.91
8.67	1.90
8.75	1.91
8.83	1.93
8.92	1.95
9.00	1.98
9.08	2.05
9.17	2.13
9.25	2.24
9.33	2.38
9.42	2.56
9.50	2.76
9.58	2.98
9.67	3.21
9.75	3.46
9.83	3.72
9.92	4.00
10.00	4.27
10.08	4.54
10.17	4.79
10.25	5.03
10.33	5.27
10.42	5.49
10.50	5.71
10.58	5.92
10.67	6.14
10.75	6.36
10.83	6.57
10.92	6.76
11.00	6.95
11.08	7.16
11.17	7.38
11.25	7.61
11.33	7.85
11.42	8.08
11.50	8.33
11.58	8.59
11.67	8.86
11.75	9.15
11.83	9.47
11.92	9.82
12.00	10.19
12.08	10.59
12.17	11.03
12.25	11.50
12.33	11.98
12.42	12.47
12.50	12.97
12.58	13.44
12.67	13.91
12.75	14.37
12.83	14.82
12.92	15.23
13.00	15.63
13.08	16.03
13.17	16.38
13.25	16.73
13.33	17.07
13.42	17.42
13.50	17.77
13.58	18.12
13.67	18.51
13.75	18.90
13.83	19.28
13.92	19.69
14.00	20.06
14.08	20.40
14.17	20.69
14.25	20.96
14.33	21.20
14.42	21.43
14.50	21.64
14.58	21.81
14.67	21.93
14.75	22.01
14.83	22.07
14.92	22.12
15.00	22.16
15.08	22.22
15.17	22.30
15.25	22.39
15.33	22.50
15.42	22.59
15.50	22.68
15.58	22.78
15.67	22.91
15.75	23.07
15.83	23.24
15.92	23.43
16.00	23.62
16.08	23.81
16.17	24.00
16.25	24.17
16.33	24.36
16.42	24.57
16.50	24.78
16.58	25.00
16.67	25.22
16.75	25.43
16.83	25.64
16.92	25.82
17.00	25.97
17.08	26.12
17.17	26.26
17.25	26.38
17.33	26.49
17.42	26.59
17.50	26.68
17.58	26.74
17.67	26.78
17.75	26.79
17.83	26.78
17.92	26.78
18.00	26.78
18.08	26.75
18.17	26.75
18.25	26.73
18.33	26.69
18.42	26.57
18.50	26.39
18.58	26.20
18.67	25.98
18.75	25.75
18.83	25.49
18.92	25.21
19.00	24.91
19.08	24.58
19.17	24.20
19.25	23.81
19.33	23.42
19.42	23.06
19.50	22.66
19.58	22.25
19.67	21.84
19.75	21.46
19.83	21.10
19.92	20.74
20.00	20.40
20.08	20.07
20.17	19.74
20.25	19.40
20.33	19.06
20.42	18.75
20.50	18.46
20.58	18.17
20.67	17.86
20.75	17.50
20.83	17.14
20.92	16.81
21.00	16.47
21.08	16.12
21.17	15.77
21.25	15.43
21.33	15.07
21.42	14.72
21.50	14.36
21.58	14.00
21.67	13.65
21.75	13.33
21.83	12.99
21.92	12.63
22.00	12.28
22.08	11.94
22.17	11.58
22.25	11.23
22.33	10.90
22.42	10.59
22.50	10.30
22.58	10.03
22.67	9.77
22.75	9.49
22.83	9.23
22.92	8.96
23.00	8.70
23.08	8.45
23.17	8.24
23.25	8.03
23.33	7.82
23.42	7.57
23.50	7.33
23.58	7.12
23.67	6.95
23.75	6.85
23.83	6.79
23.92	6.76
0.00	7.28
0.08	7.25
0.17	7.23
0.25	7.21
0.33	7.19
0.42	7.16
0.50	7.12
0.58	7.08
0.67	7.04
0.75	7.00
0.83	6.98
0.92	6.95
1.00	6.95
1.08	6.94
1.17	6.91
1.25	6.87
1.33	6.83
1.42	6.78
1.50	6.74
1.58	6.70
1.67	6.66
1.75	6.61
1.83	6.56
1.92	6.51
2.00	6.46
2.08	6.41
2.17	6.36
2.25	6.31
2.33	6.27
2.42	6.21
2.50	6.14
2.58	6.07
2.67	5.99
2.75	5.94
2.83	5.89
2.92	5.83
3.00	5.78
3.08	5.73
3.17	5.67
3.25	5.61
3.33	5.54
3.42	5.48
3.50	5.43
3.58	5.39
3.67	5.33
3.75	5.22
3.83	5.11
3.92	5.00
4.00	4.87
4.08	4.76
4.17	4.65
4.25	4.53
4.33	4.41
4.42	4.30
4.50	4.16
4.58	4.02
4.67	3.90
4.75	3.78
4.83	3.70
4.92	3.63
5.00	3.56
5.08	3.48
5.17	3.40
5.25	3.32
5.33	3.26
5.42	3.21
5.50	3.15
5.58	3.11
5.67	3.06
5.75	3.01
5.83	2.94
5.92	2.87
6.00	2.82
6.08	2.77
6.17	2.72
6.25	2.67
6.33	2.62
6.42	2.58
6.50	2.53
6.58	2.48
6.67	2.44
6.75	2.40
6.83	2.35
6.92	2.31
7.00	2.27
7.08	2.22
7.17	2.20
7.25	2.18
7.33	2.16
7.42	2.15
7.50	2.14
7.58	2.12
7.67	2.11
7.75	2.10
7.83	2.09
7.92	2.08
8.00	2.08
8.08	2.10
8.17	2.09
8.25	2.08
8.33	2.08
8.42	2.08
8.50	2.09
8.58	2.11
8.67	2.14
8.75	2.19
8.83	2.23
8.92	2.29
9.00	2.37
9.08	2.46
9.17	2.58
9.25	2.72
9.33	2.88
9.42	3.07
9.50	3.28
9.58	3.50
9.67	3.73
9.75	3.97
9.83	4.22
9.92	4.47
10.00	4.70
10.08	4.92
10.17	5.13
10.25	5.32
10.33	5.50
10.42	5.67
10.50	5.83
10.58	6.01
10.67	6.19
10.75	6.36
10.83	6.53
10.92	6.69
11.00	6.87
11.08	7.06
11.17	7.25
11.25	7.44
11.33	7.63
11.42	7.81
11.50	8.01
11.58	8.20
11.67	8.39
11.75	8.60
11.83	8.83
11.92	9.07
12.00	9.32
12.08	9.60
12.17	9.90
12.25	10.22
12.33	10.56
12.42	10.92
12.50	11.30
12.58	11.69
12.67	12.11
12.75	12.54
12.83	12.98
12.92	13.41
13.00	13.86
13.08	14.32
13.17	14.77
13.25	15.21
13.33	15.64
13.42	16.06
13.50	16.46
13.58	16.85
13.67	17.24
13.75	17.58
13.83	17.93
13.92	18.22
14.00	18.49
14.08	18.69
14.17	18.88
14.25	19.03
14.33	19.15
14.42	19.26
14.50	19.35
14.58	19.41
14.67	19.46
14.75	19.52
14.83	19.58
14.92	19.64
15.00	19.71
15.08	19.82
15.17	19.93
15.25	20.08
15.33	20.23
15.42	20.39
15.50	20.56
15.58	20.74
15.67	20.91
15.75	21.10
15.83	21.29
15.92	21.48
16.00	21.67
16.08	21.86
16.17	22.05
16.25	22.25
16.33	22.44
16.42	22.64
16.50	22.82
16.58	23.00
16.67	23.17
16.75	23.35
16.83	23.52
16.92	23.66
17.00	23.80
17.08	23.93
17.17	24.05
17.25	24.15
17.33	24.23
17.42	24.30
17.50	24.37
17.58	24.42
17.67	24.45
17.75	24.46
17.83	24.48
17.92	24.49
18.00	24.49
18.08	24.46
18.17	24.43
18.25	24.38
18.33	24.31
18.42	24.22
18.50	24.14
18.58	24.05
18.67	23.97
18.75	23.89
18.83	23.82
18.92	23.75
19.00	23.69
19.08	23.63
19.17	23.58
19.25	23.53
19.33	23.51
19.42	23.44
19.50	23.35
19.58	23.24
19.67	23.11
19.75	22.97
19.83	22.82
19.92	22.66
20.00	22.50
20.08	22.31
20.17	22.11
20.25	21.88
20.33	21.64
20.42	21.43
20.50	21.20
20.58	20.97
20.67	20.72
20.75	20.44
20.83	20.19
20.92	19.90
21.00	19.60
21.08	19.28
21.17	18.93
21.25	18.57
21.33	18.20
21.42	17.82
21.50	17.43
21.58	17.01
21.67	16.62
21.75	16.20
21.83	15.74
21.92	15.29
22.00	14.82
22.08	14.36
22.17	13.89
22.25	13.42
22.33	12.97
22.42	12.52
22.50	12.08
22.58	11.65
22.67	11.21
22.75	10.80
22.83	10.38
22.92	9.99
23.00	9.63
23.08	9.26
23.17	8.92
23.25	8.61
23.33	8.29
23.42	7.98
23.50	7.69
23.58	7.44
23.67	7.23
23.75	7.08
23.83	6.97
23.92	6.89
0.00	6.49
0.08	6.49
0.17	6.47
0.25	6.43
0.33	6.38
0.42	6.31
0.50	6.24
0.58	6.17
0.67	6.12
0.75	6.08
0.83	6.05
0.92	6.06
1.00	6.09
1.08	6.09
1.17	6.11
1.25	6.12
1.33	6.14
1.42	6.17
1.50	6.21
1.58	6.25
1.67	6.28
1.75	6.33
1.83	6.36
1.92	6.40
2.00	6.43
2.08	6.45
2.17	6.47
2.25	6.48
2.33	6.48
2.42	6.46
2.50	6.42
2.58	6.38
2.67	6.34
2.75	6.29
2.83	6.22
2.92	6.17
3.00	6.12
3.08	6.07
3.17	6.01
3.25	5.94
3.33	5.86
3.42	5.77
3.50	5.68
3.58	5.59
3.67	5.50
3.75	5.42
3.83	5.33
3.92	5.23
4.00	5.14
4.08	5.06
4.17	5.00
4.25	4.94
4.33	4.91
4.42	4.88
4.50	4.85
4.58	4.81
4.67	4.77
4.75	4.72
4.83	4.68
4.92	4.62
5.00	4.52
5.08	4.41
5.17	4.28
5.25	4.17
5.33	4.05
5.42	3.93
5.50	3.81
5.58	3.70
5.67	3.59
5.75	3.47
5.83	3.35
5.92	3.26
6.00	3.18
6.08	3.10
6.17	3.03
6.25	2.97
6.33	2.90
6.42	2.84
6.50	2.78
6.58	2.72
6.67	2.65
6.75	2.59
6.83	2.53
6.92	2.47
7.00	2.40
7.08	2.35
7.17	2.32
7.25	2.28
7.33	2.25
7.42	2.22
7.50	2.20
7.58	2.17
7.67	2.15
7.75	2.13
7.83	2.11
7.92	2.10
8.00	2.10
8.08	2.07
8.17	2.04
8.25	2.02
8.33	2.00
8.42	1.98
8.50	1.98
8.58	1.99
8.67	2.01
8.75	2.03
8.83	2.05
8.92	2.11
9.00	2.17
9.08	2.25
9.17	2.36
9.25	2.50
9.33	2.66
9.42	2.85
9.50	3.05
9.58	3.26
9.67	3.48
9.75	3.73
9.83	3.98
9.92	4.21
10.00	4.44
10.08	4.65
10.17	4.85
10.25	5.03
10.33	5.19
10.42	5.33
10.50	5.46
10.58	5.59
10.67	5.71
10.75	5.81
10.83	5.90
10.92	5.98
11.00	6.08
11.08	6.17
11.17	6.26
11.25	6.36
11.33	6.45
11.42	6.56
11.50	6.68
11.58	6.81
11.67	6.94
11.75	7.09
11.83	7.25
11.92	7.42
12.00	7.60
12.08	7.79
12.17	7.99
12.25	8.20
12.33	8.42
12.42	8.65
12.50	8.89
12.58	9.15
12.67	9.43
12.75	9.72
12.83	10.02
12.92	10.36
13.00	10.72
13.08	11.09
13.17	11.49
13.25	11.91
13.33	12.33
13.42	12.76
13.50	13.21
13.58	13.68
13.67	14.16
13.75	14.66
13.83	15.13
13.92	15.59
14.00	16.02
14.08	16.41
14.17	16.78
14.25	17.12
14.33	17.45
14.42	17.78
14.50	18.08
14.58	18.38
14.67	18.67
14.75	18.96
14.83	19.26
14.92	19.55
15.00	19.88
15.08	20.22
15.17	20.59
15.25	20.96
15.33	21.33
15.42	21.70
15.50	22.05
15.58	22.39
15.67	22.70
15.75	23.00
15.83	23.26
15.92	23.51
16.00	23.73
16.08	23.92
16.17	24.12
16.25	24.32
16.33	24.49
16.42	24.64
16.50	24.75
16.58	24.84
16.67	24.91
16.75	24.95
16.83	24.99
16.92	25.01
17.00	25.01
17.08	24.99
17.17	24.94
17.25	24.86
17.33	24.78
17.42	24.71
17.50	24.67
17.58	24.64
17.67	24.63
17.75	24.64
17.83	24.69
17.92	24.75
18.00	24.85
18.08	24.99
18.17	25.16
18.25	25.33
18.33	25.48
18.42	25.64
18.50	25.81
18.58	26.00
18.67	26.20
18.75	26.40
18.83	26.61
18.92	26.82
19.00	26.98
19.08	27.13
19.17	27.25
19.25	27.41
19.33	27.48
19.42	27.49
19.50	27.45
19.58	27.37
19.67	27.25
19.75	27.11
19.83	26.96
19.92	26.79
20.00	26.58
20.08	26.34
20.17	26.08
20.25	25.80
20.33	25.57
20.42	25.34
20.50	25.13
20.58	24.90
20.67	24.66
20.75	24.42
20.83	24.17
20.92	23.92
21.00	23.65
21.08	23.38
21.17	23.09
21.25	22.79
21.33	22.46
21.42	22.10
21.50	21.72
21.58	21.36
21.67	20.98
21.75	20.54
21.83	20.12
21.92	19.69
22.00	19.25
22.08	18.82
22.17	18.37
22.25	17.93
22.33	17.50
22.42	17.08
22.50	16.65
22.58	16.19
22.67	15.73
22.75	15.27
22.83	14.80
22.92	14.34
23.00	13.90
23.08	13.49
23.17	13.10
23.25	12.70
23.33	12.32
23.42	11.97
23.50	11.64
23.58	11.36
23.67	11.13
23.75	10.95
23.83	10.84
23.92	10.79
0.00	9.90
0.08	9.91
0.17	9.83
0.25	9.72
0.33	9.56
0.42	9.36
0.50	9.16
0.58	8.94
0.67	8.72
0.75	8.52
0.83	8.36
0.92	8.25
1.00	8.11
1.08	7.99
1.17	7.90
1.25	7.81
1.33	7.75
1.42	7.71
1.50	7.69
1.58	7.68
1.67	7.68
1.75	7.68
1.83	7.68
1.92	7.67
2.00	7.66
2.08	7.64
2.17	7.64
2.25	7.62
2.33	7.59
2.42	7.56
2.50	7.51
2.58	7.47
2.67	7.42
2.75	7.36
2.83	7.29
2.92	7.21
3.00	7.09
3.08	6.95
3.17	6.79
3.25	6.59
3.33	6.37
3.42	6.16
3.50	5.96
3.58	5.73
3.67	5.50
3.75	5.30
3.83	5.10
3.92	4.92
4.00	4.78
4.08	4.67
4.17	4.58
4.25	4.55
4.33	4.53
4.42	4.50
4.50	4.47
4.58	4.46
4.67	4.45
4.75	4.48
4.83	4.51
4.92	4.52
5.00	4.53
5.08	4.54
5.17	4.53
5.25	4.51
5.33	4.49
5.42	4.49
5.50	4.48
5.58	4.46
5.67	4.43
5.75	4.37
5.83	4.32
5.92	4.26
6.00	4.21
6.08	4.16
6.17	4.11
6.25	4.05
6.33	3.99
6.42	3.93
6.50	3.86
6.58	3.78
6.67	3.70
6.75	3.62
6.83	3.53
6.92	3.44
7.00	3.37
7.08	3.32
7.17	3.27
7.25	3.22
7.33	3.15
7.42	3.09
7.50	3.03
7.58	2.98
7.67	2.93
7.75	2.89
7.83	2.86
7.92	2.83
8.00	2.78
8.08	2.72
8.17	2.66
8.25	2.61
8.33	2.57
8.42	2.55
8.50	2.54
8.58	2.54
8.67	2.54
8.75	2.55
8.83	2.58
8.92	2.62
9.00	2.68
9.08	2.77
9.17	2.88
9.25	3.02
9.33	3.17
9.42	3.35
9.50	3.55
9.58	3.76
9.67	3.99
9.75	4.23
9.83	4.48
9.92	4.71
10.00	4.93
10.08	5.14
10.17	5.33
10.25	5.51
10.33	5.67
10.42	5.83
10.50	5.99
10.58	6.13
10.67	6.27
10.75	6.37
10.83	6.46
10.92	6.57
11.00	6.68
11.08	6.80
11.17	6.93
11.25	7.06
11.33	7.21
11.42	7.36
11.50	7.51
11.58	7.67
11.67	7.85
11.75	8.05
11.83	8.26
11.92	8.49
12.00	8.74
12.08	9.00
12.17	9.27
12.25	9.54
12.33	9.80
12.42	10.07
12.50	10.34
12.58	10.62
12.67	10.88
12.75	11.13
12.83	11.39
12.92	11.64
13.00	11.89
13.08	12.14
13.17	12.37
13.25	12.59
13.33	12.81
13.42	13.04
13.50	13.29
13.58	13.54
13.67	13.81
13.75	14.08
13.83	14.35
13.92	14.61
14.00	14.84
14.08	15.09
14.17	15.35
14.25	15.64
14.33	15.96
14.42	16.29
14.50	16.66
14.58	17.06
14.67	17.49
14.75	17.94
14.83	18.41
14.92	18.92
15.00	19.44
15.08	19.95
15.17	20.46
15.25	20.95
15.33	21.42
15.42	21.86
15.50	22.24
15.58	22.58
15.67	22.87
15.75	23.14
15.83	23.36
15.92	23.57
16.00	23.78
16.08	23.96
16.17	24.12
16.25	24.25
16.33	24.36
16.42	24.47
16.50	24.59
16.58	24.72
16.67	24.85
16.75	24.92
16.83	24.97
16.92	25.04
17.00	25.10
17.08	25.20
17.17	25.30
17.25	25.39
17.33	25.49
17.42	25.59
17.50	25.68
17.58	25.76
17.67	25.85
17.75	25.99
17.83	26.13
17.92	26.27
18.00	26.40
18.08	26.52
18.17	26.62
18.25	26.68
18.33	26.73
18.42	26.75
18.50	26.78
18.58	26.78
18.67	26.77
18.75	26.73
18.83	26.67
18.92	26.58
19.00	26.45
19.08	26.30
19.17	26.18
19.25	26.07
19.33	25.95
19.42	25.80
19.50	25.64
19.58	25.49
19.67	25.34
19.75	25.18
19.83	25.03
19.92	24.88
20.00	24.74
20.08	24.58
20.17	24.40
20.25	24.21
20.33	24.01
20.42	23.82
20.50	23.61
20.58	23.39
20.67	23.17
20.75	22.96
20.83	22.71
20.92	22.45
21.00	22.19
21.08	21.91
21.17	21.62
21.25	21.32
21.33	21.01
21.42	20.69
21.50	20.38
21.58	20.07
21.67	19.72
21.75	19.37
21.83	19.01
21.92	18.62
22.00	18.21
22.08	17.78
22.17	17.33
22.25	16.89
22.33	16.44
22.42	15.98
22.50	15.48
22.58	14.97
22.67	14.46
22.75	13.93
22.83	13.41
22.92	12.92
23.00	12.46
23.08	12.00
23.17	11.53
23.25	11.05
23.33	10.59
23.42	10.15
23.50	9.77
23.58	9.43
23.67	9.13
23.75	8.90
23.83	8.74
23.92	8.64
0.00	9.29
0.08	9.27
0.17	9.23
0.25	9.14
0.33	9.01
0.42	8.84
0.50	8.65
0.58	8.47
0.67	8.29
0.75	8.12
0.83	7.99
0.92	7.86
1.00	7.73
1.08	7.60
1.17	7.47
1.25	7.35
1.33	7.24
1.42	7.14
1.50	7.05
1.58	6.97
1.67	6.91
1.75	6.86
1.83	6.80
1.92	6.75
2.00	6.70
2.08	6.65
2.17	6.60
2.25	6.53
2.33	6.45
2.42	6.37
2.50	6.28
2.58	6.19
2.67	6.10
2.75	6.00
2.83	5.91
2.92	5.80
3.00	5.70
3.08	5.59
3.17	5.48
3.25	5.37
3.33	5.27
3.42	5.17
3.50	5.06
3.58	4.95
3.67	4.85
3.75	4.74
3.83	4.63
3.92	4.52
4.00	4.42
4.08	4.33
4.17	4.26
4.25	4.20
4.33	4.14
4.42	4.08
4.50	4.02
4.58	3.97
4.67	3.93
4.75	3.90
4.83	3.87
4.92	3.85
5.00	3.82
5.08	3.80
5.17	3.76
5.25	3.74
5.33	3.73
5.42	3.72
5.50	3.71
5.58	3.70
5.67	3.68
5.75	3.66
5.83	3.66
5.92	3.65
6.00	3.64
6.08	3.63
6.17	3.61
6.25	3.59
6.33	3.57
6.42	3.54
6.50	3.51
6.58	3.48
6.67	3.45
6.75	3.42
6.83	3.39
6.92	3.37
7.00	3.38
7.08	3.38
7.17	3.39
7.25	3.38
7.33	3.36
7.42	3.33
7.50	3.28
7.58	3.24
7.67	3.19
7.75	3.14
7.83	3.09
7.92	3.01
8.00	2.92
8.08	2.83
8.17	2.74
8.25	2.67
8.33	2.61
8.42	2.57
8.50	2.54
8.58	2.53
8.67	2.53
8.75	2.56
8.83	2.60
8.92	2.64
9.00	2.71
9.08	2.80
9.17	2.92
9.25	3.07
9.33	3.25
9.42	3.45
9.50	3.67
9.58	3.91
9.67	4.18
9.75	4.44
9.83	4.71
9.92	4.98
10.00	5.26
10.08	5.54
10.17	5.80
10.25	6.05
10.33	6.29
10.42	6.53
10.50	6.76
10.58	6.98
10.67	7.19
10.75	7.39
10.83	7.61
10.92	7.83
11.00	8.05
11.08	8.27
11.17	8.48
11.25	8.70
11.33	8.92
11.42	9.14
11.50	9.36
11.58	9.61
11.67	9.86
11.75	10.13
11.83	10.42
11.92	10.73
12.00	11.05
12.08	11.40
12.17	11.76
12.25	12.13
12.33	12.51
12.42	12.90
12.50	13.30
12.58	13.70
12.67	14.08
12.75	14.47
12.83	14.85
12.92	15.22
13.00	15.58
13.08	15.93
13.17	16.27
13.25	16.60
13.33	16.92
13.42	17.25
13.50	17.57
13.58	17.89
13.67	18.23
13.75	18.54
13.83	18.84
13.92	19.09
14.00	19.34
14.08	19.56
14.17	19.78
14.25	20.00
14.33	20.23
14.42	20.44
14.50	20.65
14.58	20.87
14.67	21.10
14.75	21.32
14.83	21.58
14.92	21.86
15.00	22.18
15.08	22.54
15.17	22.84
15.25	23.13
15.33	23.39
15.42	23.63
15.50	23.85
15.58	24.05
15.67	24.22
15.75	24.39
15.83	24.53
15.92	24.66
16.00	24.80
16.08	25.02
16.17	25.25
16.25	25.47
16.33	25.69
16.42	25.91
16.50	26.13
16.58	26.35
16.67	26.54
16.75	26.71
16.83	26.87
16.92	27.03
17.00	27.08
17.08	27.12
17.17	27.16
17.25	27.21
17.33	27.27
17.42	27.32
17.50	27.39
17.58	27.46
17.67	27.55
17.75	27.65
17.83	27.75
17.92	27.87
18.00	27.97
18.08	28.04
18.17	28.04
18.25	28.00
18.33	27.94
18.42	27.86
18.50	27.75
18.58	27.63
18.67	27.48
18.75	27.31
18.83	27.12
18.92	26.90
19.00	26.68
19.08	26.50
19.17	26.37
19.25	26.25
19.33	26.13
19.42	26.02
19.50	25.92
19.58	25.81
19.67	25.71
19.75	25.60
19.83	25.50
19.92	25.38
20.00	25.26
20.08	25.13
20.17	24.97
20.25	24.81
20.33	24.63
20.42	24.43
20.50	24.22
20.58	24.01
20.67	23.80
20.75	23.59
20.83	23.37
20.92	23.14
21.00	22.90
21.08	22.65
21.17	22.41
21.25	22.17
21.33	21.94
21.42	21.73
21.50	21.54
21.58	21.34
21.67	21.17
21.75	21.03
21.83	20.91
21.92	20.80
22.00	20.70
22.08	20.61
22.17	20.53
22.25	20.43
22.33	20.30
22.42	20.14
22.50	19.94
22.58	19.71
22.67	19.41
22.75	19.07
22.83	18.69
22.92	18.26
23.00	17.80
23.08	17.32
23.17	16.79
23.25	16.25
23.33	15.70
23.42	15.18
23.50	14.67
23.58	14.22
23.67	13.83
23.75	13.52
23.83	13.32
23.92	13.21
0.00	10.90
0.08	10.85
0.17	10.75
0.25	10.60
0.33	10.40
0.42	10.15
0.50	9.85
0.58	9.56
0.67	9.29
0.75	9.04
0.83	8.78
0.92	8.55
1.00	8.33
1.08	8.13
1.17	7.96
1.25	7.80
1.33	7.65
1.42	7.51
1.50	7.39
1.58	7.28
1.67	7.18
1.75	7.09
1.83	7.01
1.92	6.93
2.00	6.85
2.08	6.77
2.17	6.69
2.25	6.61
2.33	6.54
2.42	6.46
2.50	6.39
2.58	6.32
2.67	6.23
2.75	6.14
2.83	6.05
2.92	5.95
3.00	5.86
3.08	5.77
3.17	5.69
3.25	5.61
3.33	5.51
3.42	5.42
3.50	5.32
3.58	5.22
3.67	5.14
3.75	5.08
3.83	5.01
3.92	4.93
4.00	4.86
4.08	4.79
4.17	4.71
4.25	4.63
4.33	4.55
4.42	4.48
4.50	4.42
4.58	4.37
4.67	4.30
4.75	4.22
4.83	4.15
4.92	4.08
5.00	4.00
5.08	3.93
5.17	3.88
5.25	3.83
5.33	3.78
5.42	3.71
5.50	3.62
5.58	3.54
5.67	3.48
5.75	3.43
5.83	3.38
5.92	3.32
6.00	3.27
6.08	3.21
6.17	3.15
6.25	3.10
6.33	3.06
6.42	3.02
6.50	2.99
6.58	2.95
6.67	2.91
6.75	2.86
6.83	2.82
6.92	2.82
7.00	2.81
7.08	2.81
7.17	2.80
7.25	2.78
7.33	2.76
7.42	2.74
7.50	2.72
7.58	2.70
7.67	2.68
7.75	2.67
7.83	2.63
7.92	2.58
8.00	2.53
8.08	2.48
8.17	2.44
8.25	2.40
8.33	2.37
8.42	2.35
8.50	2.34
8.58	2.31
8.67	2.30
8.75	2.31
8.83	2.33
8.92	2.36
9.00	2.42
9.08	2.51
9.17	2.63
9.25	2.78
9.33	2.95
9.42	3.15
9.50	3.39
9.58	3.66
9.67	3.93
9.75	4.22
9.83	4.52
9.92	4.83
10.00	5.13
10.08	5.43
10.17	5.72
10.25	5.99
10.33	6.27
10.42	6.53
10.50	6.77
10.58	6.98
10.67	7.19
10.75	7.40
10.83	7.60
10.92	7.80
11.00	7.99
11.08	8.17
11.17	8.35
11.25	8.53
11.33	8.70
11.42	8.89
11.50	9.08
11.58	9.28
11.67	9.50
11.75	9.72
11.83	9.96
11.92	10.22
12.00	10.47
12.08	10.73
12.17	10.99
12.25	11.25
12.33	11.52
12.42	11.79
12.50	12.06
12.58	12.31
12.67	12.56
12.75	12.82
12.83	13.07
12.92	13.31
13.00	13.55
13.08	13.78
13.17	14.00
13.25	14.20
13.33	14.41
13.42	14.62
13.50	14.82
13.58	15.03
13.67	15.20
13.75	15.36
13.83	15.47
13.92	15.57
14.00	15.67
14.08	15.78
14.17	15.91
14.25	16.07
14.33	16.21
14.42	16.38
14.50	16.57
14.58	16.78
14.67	17.00
14.75	17.25
14.83	17.54
14.92	17.84
15.00	18.17
15.08	18.47
15.17	18.75
15.25	19.01
15.33	19.27
15.42	19.52
15.50	19.77
15.58	20.02
15.67	20.29
15.75	20.55
15.83	20.80
15.92	21.02
16.00	21.18
16.08	21.36
16.17	21.56
16.25	21.76
16.33	21.96
16.42	22.15
16.50	22.36
16.58	22.52
16.67	22.62
16.75	22.73
16.83	22.85
16.92	23.03
17.00	23.24
17.08	23.41
17.17	23.58
17.25	23.73
17.33	23.86
17.42	23.94
17.50	24.02
17.58	24.16
17.67	24.32
17.75	24.46
17.83	24.60
17.92	24.73
18.00	24.85
18.08	24.94
18.17	25.01
18.25	25.08
18.33	25.15
18.42	25.24
18.50	25.30
18.58	25.34
18.67	25.35
18.75	25.33
18.83	25.29
18.92	25.20
19.00	25.10
19.08	25.03
19.17	24.95
19.25	24.84
19.33	24.69
19.42	24.50
19.50	24.29
19.58	24.05
19.67	23.80
19.75	23.54
19.83	23.27
19.92	23.01
20.00	22.75
20.08	22.47
20.17	22.19
20.25	21.92
20.33	21.69
20.42	21.47
20.50	21.30
20.58	21.20
20.67	21.10
20.75	21.01
20.83	20.92
20.92	20.83
21.00	20.71
21.08	20.57
21.17	20.40
21.25	20.21
21.33	20.01
21.42	19.81
21.50	19.55
21.58	19.24
21.67	18.91
21.75	18.56
21.83	18.20
21.92	17.83
22.00	17.46
22.08	17.13
22.17	16.80
22.25	16.47
22.33	16.10
22.42	15.71
22.50	15.33
22.58	14.94
22.67	14.55
22.75	14.17
22.83	13.80
22.92	13.44
23.00	13.06
23.08	12.67
23.17	12.29
23.25	11.94
23.33	11.61
23.42	11.29
23.50	11.00
23.58	10.74
23.67	10.53
23.75	10.37
23.83	10.24
23.92	10.18
0.00	9.27
0.08	9.25
0.17	9.21
0.25	9.16
0.33	9.10
0.42	9.00
0.50	8.88
0.58	8.77
0.67	8.68
0.75	8.58
0.83	8.47
0.92	8.38
1.00	8.30
1.08	8.20
1.17	8.12
1.25	8.04
1.33	7.97
1.42	7.89
1.50	7.82
1.58	7.75
1.67	7.70
1.75	7.66
1.83	7.63
1.92	7.61
2.00	7.60
2.08	7.60
2.17	7.59
2.25	7.59
2.33	7.60
2.42	7.61
2.50	7.63
2.58	7.64
2.67	7.65
2.75	7.63
2.83	7.56
2.92	7.46
3.00	7.37
3.08	7.28
3.17	7.20
3.25	7.07
3.33	6.96
3.42	6.85
3.50	6.73
3.58	6.61
3.67	6.49
3.75	6.33
3.83	6.16
3.92	6.00
4.00	NaN
4.08	NaN
4.17	NaN
4.25	NaN
4.33	NaN
4.42	NaN
4.50	NaN
4.58	NaN
4.67	NaN
4.75	NaN
4.83	NaN
4.92	4.71
5.00	4.66
5.08	4.58
5.17	4.51
5.25	4.43
5.33	4.33
5.42	4.23
5.50	4.16
5.58	4.12
5.67	4.07
5.75	4.04
5.83	4.03
5.92	4.01
6.00	3.99
6.08	3.95
6.17	3.89
6.25	3.82
6.33	3.75
6.42	3.67
6.50	3.58
6.58	3.48
6.67	3.39
6.75	3.32
6.83	3.30
6.92	3.30
7.00	3.30
7.08	3.30
7.17	3.31
7.25	3.32
7.33	3.32
7.42	3.31
7.50	3.31
7.58	3.31
7.67	3.31
7.75	3.29
7.83	3.24
7.92	3.19
8.00	3.15
8.08	3.12
8.17	3.10
8.25	3.08
8.33	3.07
8.42	3.06
8.50	3.04
8.58	3.01
8.67	3.01
8.75	3.00
8.83	2.99
8.92	2.99
9.00	3.01
9.08	3.04
9.17	3.09
9.25	3.16
9.33	3.25
9.42	3.38
9.50	3.54
9.58	3.72
9.67	3.93
9.75	4.15
9.83	4.38
9.92	4.62
10.00	4.87
10.08	5.12
10.17	5.37
10.25	5.62
10.33	5.86
10.42	6.10
10.50	6.31
10.58	6.52
10.67	6.74
10.75	6.96
10.83	7.19
10.92	7.42
11.00	7.65
11.08	7.89
11.17	8.15
11.25	8.41
11.33	8.67
11.42	8.93
11.50	9.20
11.58	9.48
11.67	9.77
11.75	10.06
11.83	10.35
11.92	10.64
12.00	10.93
12.08	11.20
12.17	11.47
12.25	11.72
12.33	11.96
12.42	12.18
12.50	12.39
12.58	12.58
12.67	12.78
12.75	12.96
12.83	13.15
12.92	13.34
13.00	13.53
13.08	13.72
13.17	13.92
13.25	14.15
13.33	14.40
13.42	14.66
13.50	14.95
13.58	15.25
13.67	15.55
13.75	15.82
13.83	16.08
13.92	16.34
14.00	16.59
14.08	16.84
14.17	17.10
14.25	17.34
14.33	17.58
14.42	17.83
14.50	18.06
14.58	18.29
14.67	18.51
14.75	18.77
14.83	19.04
14.92	19.32
15.00	19.59
15.08	19.86
15.17	20.13
15.25	20.41
15.33	20.71
15.42	21.01
15.50	21.34
15.58	21.68
15.67	22.05
15.75	22.43
15.83	22.81
15.92	23.20
16.00	23.60
16.08	24.00
16.17	24.38
16.25	24.76
16.33	25.13
16.42	25.48
16.50	25.81
16.58	26.06
16.67	26.27
16.75	26.46
16.83	26.63
16.92	26.81
17.00	26.98
17.08	27.14
17.17	27.28
17.25	27.39
17.33	27.46
17.42	27.50
17.50	27.57
17.58	27.67
17.67	27.75
17.75	27.86
17.83	27.97
17.92	28.07
18.00	28.10
18.08	28.11
18.17	28.09
18.25	28.09
18.33	28.09
18.42	28.09
18.50	28.08
18.58	28.07
18.67	28.05
18.75	27.98
18.83	27.88
18.92	27.78
19.00	27.73
19.08	27.68
19.17	27.63
19.25	27.59
19.33	27.56
19.42	27.53
19.50	27.48
19.58	27.42
19.67	27.37
19.75	27.33
19.83	27.30
19.92	27.28
20.00	27.26
20.08	27.24
20.17	27.22
20.25	27.19
20.33	27.15
20.42	27.11
20.50	27.10
20.58	27.07
20.67	27.04
20.75	27.00
20.83	26.94
20.92	26.86
21.00	26.76
21.08	26.64
21.17	26.51
21.25	26.37
21.33	26.25
21.42	26.12
21.50	26.00
21.58	25.90
21.67	25.78
21.75	25.65
21.83	25.52
21.92	25.38
22.00	25.27
22.08	25.17
22.17	25.05
22.25	24.92
22.33	24.73
22.42	24.53
22.50	24.27
22.58	23.97
22.67	23.65
22.75	23.29
22.83	22.89
22.92	22.47
23.00	21.96
23.08	21.40
23.17	20.81
23.25	20.19
23.33	19.57
23.42	18.94
23.50	18.31
23.58	17.73
23.67	17.25
23.75	16.88
23.83	16.60
23.92	16.44
