0.00	4.58
0.08	4.57
0.17	4.55
0.25	4.52
0.33	4.49
0.42	4.44
0.50	4.40
0.58	4.34
0.67	4.29
0.75	4.23
0.83	4.17
0.92	4.11
1.00	4.05
1.08	3.99
1.17	3.93
1.25	3.88
1.33	3.82
1.42	3.76
1.50	3.71
1.58	3.66
1.67	3.61
1.75	3.57
1.83	3.53
1.92	3.49
2.00	3.46
2.08	3.43
2.17	3.39
2.25	3.34
2.33	3.29
2.42	3.25
2.50	3.21
2.58	3.17
2.67	3.15
2.75	3.14
2.83	3.14
2.92	3.13
3.00	3.12
3.08	3.12
3.17	3.12
3.25	3.12
3.33	3.13
3.42	3.14
3.50	3.14
3.58	3.13
3.67	3.10
3.75	3.06
3.83	3.02
3.92	2.98
4.00	2.95
4.08	2.91
4.17	2.88
4.25	2.84
4.33	2.81
4.42	2.77
4.50	2.74
4.58	2.71
4.67	2.68
4.75	2.65
4.83	2.62
4.92	2.58
5.00	2.54
5.08	2.51
5.17	2.48
5.25	2.45
5.33	2.43
5.42	2.40
5.50	2.37
5.58	2.33
5.67	2.29
5.75	2.27
5.83	2.27
5.92	2.26
6.00	2.26
6.08	2.26
6.17	2.27
6.25	2.27
6.33	2.28
6.42	2.29
6.50	2.31
6.58	2.33
6.67	2.34
6.75	2.33
6.83	2.32
6.92	2.31
7.00	2.30
7.08	2.29
7.17	2.27
7.25	2.26
7.33	2.25
7.42	2.23
7.50	2.22
7.58	2.22
7.67	NaN
7.75	NaN
7.83	NaN
7.92	NaN
8.00	NaN
8.08	NaN
8.17	NaN
8.25	NaN
8.33	NaN
8.42	NaN
8.50	NaN
8.58	2.20
8.67	2.18
8.75	2.16
8.83	2.14
8.92	2.12
9.00	2.10
9.08	2.09
9.17	2.08
9.25	2.08
9.33	2.10
9.42	2.12
9.50	2.17
9.58	2.23
9.67	2.31
9.75	2.42
9.83	2.56
9.92	2.70
10.00	2.86
10.08	3.05
10.17	3.24
10.25	3.44
10.33	3.64
10.42	3.83
10.50	4.01
10.58	4.18
10.67	4.34
10.75	4.49
10.83	4.63
10.92	4.75
11.00	4.87
11.08	4.96
11.17	5.06
11.25	5.15
11.33	5.24
11.42	5.33
11.50	5.48
11.58	5.65
11.67	5.81
11.75	5.97
11.83	6.13
11.92	6.28
12.00	6.44
12.08	6.59
12.17	6.74
12.25	6.90
12.33	7.04
12.42	7.17
12.50	7.25
12.58	7.32
12.67	7.38
12.75	7.45
12.83	7.52
12.92	7.59
13.00	7.65
13.08	7.71
13.17	7.77
13.25	7.84
13.33	7.91
13.42	7.97
13.50	8.04
13.58	8.09
13.67	8.13
13.75	8.17
13.83	8.20
13.92	8.23
14.00	8.26
14.08	8.29
14.17	8.32
14.25	8.34
14.33	8.35
14.42	8.37
14.50	8.40
14.58	8.45
14.67	8.50
14.75	8.57
14.83	8.64
14.92	8.73
15.00	8.81
15.08	8.90
15.17	9.00
15.25	9.05
15.33	9.06
15.42	9.08
15.50	9.11
15.58	9.12
15.67	9.15
15.75	9.17
15.83	9.20
15.92	9.23
16.00	9.27
16.08	9.30
16.17	9.35
16.25	9.46
16.33	9.58
16.42	9.71
16.50	9.85
16.58	9.98
16.67	10.11
16.75	10.24
16.83	10.38
16.92	10.52
17.00	10.66
17.08	10.81
17.17	10.95
17.25	11.10
17.33	11.25
17.42	11.40
17.50	11.54
17.58	11.68
17.67	11.81
17.75	11.93
17.83	12.04
17.92	12.14
18.00	12.21
18.08	12.28
18.17	12.32
18.25	12.35
18.33	12.34
18.42	12.33
18.50	12.29
18.58	12.23
18.67	12.14
18.75	12.04
18.83	11.91
18.92	11.75
19.00	11.58
19.08	11.38
19.17	11.14
19.25	10.86
19.33	10.57
19.42	10.26
19.50	9.97
19.58	9.75
19.67	9.54
19.75	9.33
19.83	9.14
19.92	8.95
20.00	8.79
20.08	8.65
20.17	8.54
20.25	8.47
20.33	8.42
20.42	8.38
20.50	8.29
20.58	8.17
20.67	8.06
20.75	8.01
20.83	7.99
20.92	7.99
21.00	7.98
21.08	7.97
21.17	7.97
21.25	7.96
21.33	7.96
21.42	7.95
21.50	7.95
21.58	7.94
21.67	7.93
21.75	7.87
21.83	7.79
21.92	7.71
22.00	7.63
22.08	7.54
22.17	7.44
22.25	7.33
22.33	7.21
22.42	7.08
22.50	6.94
22.58	6.80
22.67	6.69
22.75	6.58
22.83	6.46
22.92	6.35
23.00	6.24
23.08	6.11
23.17	5.99
23.25	5.88
23.33	5.79
23.42	5.78
23.50	5.78
23.58	5.78
23.67	5.75
23.75	5.66
23.83	5.60
23.92	5.55
0.00	5.19
0.08	5.18
0.17	5.16
0.25	5.12
0.33	5.08
0.42	5.01
0.50	4.93
0.58	4.86
0.67	4.77
0.75	4.69
0.83	4.60
0.92	4.51
1.00	4.42
1.08	4.32
1.17	4.22
1.25	4.11
1.33	4.01
1.42	3.91
1.50	3.81
1.58	3.71
1.67	3.60
1.75	3.50
1.83	3.39
1.92	3.29
2.00	3.19
2.08	3.07
2.17	2.95
2.25	2.83
2.33	2.72
2.42	2.61
2.50	2.52
2.58	2.46
2.67	2.44
2.75	2.43
2.83	2.43
2.92	2.43
3.00	2.44
3.08	2.47
3.17	2.52
3.25	2.57
3.33	2.62
3.42	2.66
3.50	2.70
3.58	2.70
3.67	2.69
3.75	2.68
3.83	2.67
3.92	2.65
4.00	2.63
4.08	2.62
4.17	2.61
4.25	2.59
4.33	2.58
4.42	2.56
4.50	2.54
4.58	2.50
4.67	2.47
4.75	2.43
4.83	2.40
4.92	2.37
5.00	2.33
5.08	2.30
5.17	2.26
5.25	2.22
5.33	2.18
5.42	2.16
5.50	2.15
5.58	2.14
5.67	2.13
5.75	2.13
5.83	2.12
5.92	2.11
6.00	2.10
6.08	2.10
6.17	2.09
6.25	2.09
6.33	2.09
6.42	2.08
6.50	2.07
6.58	2.05
6.67	2.05
6.75	2.04
6.83	2.04
6.92	2.03
7.00	2.04
7.08	2.04
7.17	2.05
7.25	2.06
7.33	2.06
7.42	2.07
7.50	2.08
7.58	2.08
7.67	2.08
7.75	2.08
7.83	2.08
7.92	2.09
8.00	2.08
8.08	2.08
8.17	2.07
8.25	2.08
8.33	2.09
8.42	2.10
8.50	2.11
8.58	2.13
8.67	2.16
8.75	2.18
8.83	2.21
8.92	2.25
9.00	2.29
9.08	2.33
9.17	2.37
9.25	2.41
9.33	2.46
9.42	2.52
9.50	2.59
9.58	2.68
9.67	2.76
9.75	2.82
9.83	2.90
9.92	2.99
10.00	3.09
10.08	3.21
10.17	3.33
10.25	3.44
10.33	3.56
10.42	3.67
10.50	3.77
10.58	3.86
10.67	3.98
10.75	4.10
10.83	4.20
10.92	4.29
11.00	4.37
11.08	4.44
11.17	4.52
11.25	4.59
11.33	4.66
11.42	4.77
11.50	4.90
11.58	5.04
11.67	5.18
11.75	5.32
11.83	5.48
11.92	5.63
12.00	5.80
12.08	5.96
12.17	6.13
12.25	6.30
12.33	6.47
12.42	6.59
12.50	6.72
12.58	6.84
12.67	6.97
12.75	7.10
12.83	7.23
12.92	7.36
13.00	7.50
13.08	7.63
13.17	7.77
13.25	7.90
13.33	8.03
13.42	8.16
13.50	8.26
13.58	8.34
13.67	8.42
13.75	8.48
13.83	8.54
13.92	8.59
14.00	8.63
14.08	8.67
14.17	8.69
14.25	8.71
14.33	8.73
14.42	8.75
14.50	8.79
14.58	8.84
14.67	8.89
14.75	8.94
14.83	8.99
14.92	9.04
15.00	9.10
15.08	9.16
15.17	9.20
15.25	9.20
15.33	9.22
15.42	9.24
15.50	9.26
15.58	9.28
15.67	9.31
15.75	9.34
15.83	9.38
15.92	9.43
16.00	9.49
16.08	9.56
16.17	9.69
16.25	9.84
16.33	10.00
16.42	10.16
16.50	10.34
16.58	10.53
16.67	10.71
16.75	10.90
16.83	11.08
16.92	11.25
17.00	11.41
17.08	11.56
17.17	11.72
17.25	11.87
17.33	12.01
17.42	12.15
17.50	12.29
17.58	12.42
17.67	12.55
17.75	12.68
17.83	12.81
17.92	12.93
18.00	13.05
18.08	13.15
18.17	13.21
18.25	13.27
18.33	13.29
18.42	13.29
18.50	13.26
18.58	13.20
18.67	13.09
18.75	12.94
18.83	12.76
18.92	12.55
19.00	12.30
19.08	12.03
19.17	11.70
19.25	11.31
19.33	10.93
19.42	10.54
19.50	10.24
19.58	9.96
19.67	9.69
19.75	9.43
19.83	9.18
19.92	8.96
20.00	8.74
20.08	8.55
20.17	8.42
20.25	8.30
20.33	8.20
20.42	8.06
20.50	7.86
20.58	7.67
20.67	7.51
20.75	7.40
20.83	7.30
20.92	7.21
21.00	7.11
21.08	7.02
21.17	6.93
21.25	6.83
21.33	6.74
21.42	6.65
21.50	6.56
21.58	6.47
21.67	6.33
21.75	6.17
21.83	6.01
21.92	5.85
22.00	5.71
22.08	5.57
22.17	5.43
22.25	5.31
22.33	5.18
22.42	5.06
22.50	4.94
22.58	4.84
22.67	4.75
22.75	4.66
22.83	4.58
22.92	4.51
23.00	4.44
23.08	4.40
23.17	4.37
23.25	4.35
23.33	4.42
23.42	4.51
23.50	4.61
23.58	4.69
23.67	4.78
23.75	4.84
23.83	4.85
23.92	4.86
0.00	4.44
0.08	4.44
0.17	4.42
0.25	4.40
0.33	4.36
0.42	4.32
0.50	4.27
0.58	4.22
0.67	4.17
0.75	4.12
0.83	4.07
0.92	4.02
1.00	3.97
1.08	3.91
1.17	3.87
1.25	3.81
1.33	3.75
1.42	3.70
1.50	3.63
1.58	3.55
1.67	3.47
1.75	3.38
1.83	3.30
1.92	3.23
2.00	3.15
2.08	3.04
2.17	2.93
2.25	2.83
2.33	2.72
2.42	2.63
2.50	2.56
2.58	2.53
2.67	2.51
2.75	2.51
2.83	2.50
2.92	2.48
3.00	2.48
3.08	2.50
3.17	2.53
3.25	2.57
3.33	2.60
3.42	2.63
3.50	2.63
3.58	2.60
3.67	2.57
3.75	2.53
3.83	2.50
3.92	2.48
4.00	2.45
4.08	2.43
4.17	2.39
4.25	2.36
4.33	2.33
4.42	2.31
4.50	2.29
4.58	2.27
4.67	2.26
4.75	2.24
4.83	2.22
4.92	2.20
5.00	2.18
5.08	2.16
5.17	2.15
5.25	2.13
5.33	2.11
5.42	2.09
5.50	2.07
5.58	2.06
5.67	2.06
5.75	2.07
5.83	2.07
5.92	2.07
6.00	2.07
6.08	2.07
6.17	2.08
6.25	2.09
6.33	2.10
6.42	2.11
6.50	2.13
6.58	2.14
6.67	2.14
6.75	2.14
6.83	2.15
6.92	2.17
7.00	2.18
7.08	2.19
7.17	2.19
7.25	2.20
7.33	2.20
7.42	2.21
7.50	2.21
7.58	2.21
7.67	2.21
7.75	2.21
7.83	2.21
7.92	2.21
8.00	2.21
8.08	2.22
8.17	2.22
8.25	2.22
8.33	2.23
8.42	2.23
8.50	2.22
8.58	2.22
8.67	2.21
8.75	2.20
8.83	2.19
8.92	2.18
9.00	2.17
9.08	2.16
9.17	2.15
9.25	2.15
9.33	2.17
9.42	2.20
9.50	2.26
9.58	2.33
9.67	2.42
9.75	2.53
9.83	2.66
9.92	2.81
10.00	2.98
10.08	3.17
10.17	3.37
10.25	3.58
10.33	3.78
10.42	3.98
10.50	4.16
10.58	4.33
10.67	4.50
10.75	4.64
10.83	4.78
10.92	4.90
11.00	5.00
11.08	5.09
11.17	5.17
11.25	5.24
11.33	5.34
11.42	5.47
11.50	5.60
11.58	5.73
11.67	5.86
11.75	5.99
11.83	6.12
11.92	6.25
12.00	6.38
12.08	6.50
12.17	6.63
12.25	6.77
12.33	6.85
12.42	6.93
12.50	7.01
12.58	7.10
12.67	7.19
12.75	7.28
12.83	7.37
12.92	7.47
13.00	7.56
13.08	7.67
13.17	7.79
13.25	7.91
13.33	8.03
13.42	8.12
13.50	8.19
13.58	8.27
13.67	8.34
13.75	8.41
13.83	8.47
13.92	8.52
14.00	8.57
14.08	8.61
14.17	8.64
14.25	8.68
14.33	8.72
14.42	8.79
14.50	8.87
14.58	8.96
14.67	9.06
14.75	9.17
14.83	9.30
14.92	9.44
15.00	9.59
15.08	9.72
15.17	9.81
15.25	9.90
15.33	9.99
15.42	10.08
15.50	10.17
15.58	10.27
15.67	10.36
15.75	10.44
15.83	10.52
15.92	10.60
16.00	10.70
16.08	10.85
16.17	11.04
16.25	11.25
16.33	11.46
16.42	11.67
16.50	11.89
16.58	12.15
16.67	12.41
16.75	12.66
16.83	12.90
16.92	13.14
17.00	13.35
17.08	13.54
17.17	13.71
17.25	13.87
17.33	13.98
17.42	14.06
17.50	14.07
17.58	14.06
17.67	14.03
17.75	13.97
17.83	13.88
17.92	13.78
18.00	13.68
18.08	13.59
18.17	13.46
18.25	13.34
18.33	13.23
18.42	13.11
18.50	12.98
18.58	12.84
18.67	12.71
18.75	12.57
18.83	12.42
18.92	12.24
19.00	12.04
19.08	11.83
19.17	11.62
19.25	11.41
19.33	11.23
19.42	11.17
19.50	11.14
19.58	11.10
19.67	11.07
19.75	11.04
19.83	11.03
19.92	11.04
20.00	11.04
20.08	11.05
20.17	11.07
20.25	11.07
20.33	10.99
20.42	10.84
20.50	10.68
20.58	10.56
20.67	10.51
20.75	10.46
20.83	10.37
20.92	10.28
21.00	10.19
21.08	10.09
21.17	9.97
21.25	9.84
21.33	9.69
21.42	9.53
21.50	9.36
21.58	9.12
21.67	8.84
21.75	8.58
21.83	8.33
21.92	8.08
22.00	7.82
22.08	7.57
22.17	7.34
22.25	7.12
22.33	6.91
22.42	6.71
22.50	6.55
22.58	6.42
22.67	6.29
22.75	6.18
22.83	6.10
22.92	6.02
23.00	5.94
23.08	5.87
23.17	5.82
23.25	5.88
23.33	5.98
23.42	6.09
23.50	6.16
23.58	6.24
23.67	6.32
23.75	6.40
23.83	6.41
23.92	6.39
0.00	6.17
0.08	6.15
0.17	6.12
0.25	6.09
0.33	6.06
0.42	6.02
0.50	5.97
0.58	5.93
0.67	5.88
0.75	5.83
0.83	5.77
0.92	5.70
1.00	5.64
1.08	5.58
1.17	5.51
1.25	5.44
1.33	5.35
1.42	5.26
1.50	5.15
1.58	5.04
1.67	4.93
1.75	4.82
1.83	4.70
1.92	4.59
2.00	4.53
2.08	4.48
2.17	4.41
2.25	4.33
2.33	4.25
2.42	4.17
2.50	4.13
2.58	4.10
2.67	4.07
2.75	4.05
2.83	4.02
2.92	3.96
3.00	3.86
3.08	3.78
3.17	3.71
3.25	3.66
3.33	3.62
3.42	3.55
3.50	3.46
3.58	3.37
3.67	3.29
3.75	3.21
3.83	3.16
3.92	3.11
4.00	3.06
4.08	3.01
4.17	2.96
4.25	2.90
4.33	2.84
4.42	2.78
4.50	2.73
4.58	2.68
4.67	2.64
4.75	2.59
4.83	2.54
4.92	2.48
5.00	2.43
5.08	2.39
5.17	2.35
5.25	2.32
5.33	2.29
5.42	2.27
5.50	2.24
5.58	2.23
5.67	2.22
5.75	2.22
5.83	2.21
5.92	2.21
6.00	2.22
6.08	2.23
6.17	2.24
6.25	2.26
6.33	2.27
6.42	2.28
6.50	2.30
6.58	2.30
6.67	2.30
6.75	2.30
6.83	2.29
6.92	2.28
7.00	2.26
7.08	2.24
7.17	2.22
7.25	2.19
7.33	2.17
7.42	2.15
7.50	2.15
7.58	2.16
7.67	2.17
7.75	2.19
7.83	2.20
7.92	2.22
8.00	2.26
8.08	2.30
8.17	2.35
8.25	2.39
8.33	2.44
8.42	2.48
8.50	2.50
8.58	2.52
8.67	2.55
8.75	2.57
8.83	2.60
8.92	2.62
9.00	2.64
9.08	2.65
9.17	2.66
9.25	2.68
9.33	2.71
9.42	2.76
9.50	2.82
9.58	2.87
9.67	2.94
9.75	3.03
9.83	3.13
9.92	3.25
10.00	3.38
10.08	3.53
10.17	3.68
10.25	3.84
10.33	4.00
10.42	4.16
10.50	4.32
10.58	4.51
10.67	4.68
10.75	4.85
10.83	5.02
10.92	5.19
11.00	5.36
11.08	5.54
11.17	5.72
11.25	5.93
11.33	6.18
11.42	6.45
11.50	6.72
11.58	7.01
11.67	7.29
11.75	7.59
11.83	7.89
11.92	8.19
12.00	8.49
12.08	8.79
12.17	9.09
12.25	9.36
12.33	9.60
12.42	9.84
12.50	10.06
12.58	10.27
12.67	10.47
12.75	10.65
12.83	10.80
12.92	10.93
13.00	11.04
13.08	11.12
13.17	11.17
13.25	11.19
13.33	11.15
13.42	11.07
13.50	10.99
13.58	10.90
13.67	10.80
13.75	10.71
13.83	10.64
13.92	10.58
14.00	10.53
14.08	10.50
14.17	10.50
14.25	10.52
14.33	10.61
14.42	10.72
14.50	10.85
14.58	10.98
14.67	11.12
14.75	11.26
14.83	11.40
14.92	11.56
15.00	11.71
15.08	11.79
15.17	11.86
15.25	11.94
15.33	12.04
15.42	12.13
15.50	12.24
15.58	12.36
15.67	12.50
15.75	12.65
15.83	12.81
15.92	12.99
16.00	13.22
16.08	13.51
16.17	13.80
16.25	14.10
16.33	14.39
16.42	14.75
16.50	15.30
16.58	15.85
16.67	16.42
16.75	17.02
16.83	17.63
16.92	18.43
17.00	19.26
17.08	20.10
17.17	20.91
17.25	21.70
17.33	22.47
17.42	23.03
17.50	23.41
17.58	23.74
17.67	24.05
17.75	24.26
17.83	24.30
17.92	24.16
18.00	23.95
18.08	23.66
18.17	23.36
18.25	23.02
18.33	22.62
18.42	22.21
18.50	21.82
18.58	21.34
18.67	20.81
18.75	20.31
18.83	19.76
18.92	19.17
19.00	18.55
19.08	17.84
19.17	17.11
19.25	16.42
19.33	15.98
19.42	15.62
19.50	15.27
19.58	14.96
19.67	14.68
19.75	14.41
19.83	14.19
19.92	13.99
20.00	13.88
20.08	13.84
20.17	13.79
20.25	13.68
20.33	13.36
20.42	13.01
20.50	12.70
20.58	12.51
20.67	12.30
20.75	12.10
20.83	11.88
20.92	11.65
21.00	11.40
21.08	11.13
21.17	10.86
21.25	10.58
21.33	10.30
21.42	10.03
21.50	9.67
21.58	9.26
21.67	8.86
21.75	8.48
21.83	8.12
21.92	7.78
22.00	7.46
22.08	7.17
22.17	6.89
22.25	6.63
22.33	6.39
22.42	6.17
22.50	6.00
22.58	5.84
22.67	5.70
22.75	5.57
22.83	5.45
22.92	5.32
23.00	5.22
23.08	5.12
23.17	5.10
23.25	5.13
23.33	5.17
23.42	5.18
23.50	5.19
23.58	5.22
23.67	5.26
23.75	5.31
23.83	5.38
23.92	5.40
0.00	4.73
0.08	4.72
0.17	4.69
0.25	4.64
0.33	4.58
0.42	4.50
0.50	4.41
0.58	4.33
0.67	4.25
0.75	4.17
0.83	4.10
0.92	4.03
1.00	3.98
1.08	3.93
1.17	3.90
1.25	3.88
1.33	3.87
1.42	3.87
1.50	3.88
1.58	3.89
1.67	3.91
1.75	3.94
1.83	3.96
1.92	3.94
2.00	3.90
2.08	3.86
2.17	3.81
2.25	3.76
2.33	3.71
2.42	3.77
2.50	3.84
2.58	3.89
2.67	3.92
2.75	3.94
2.83	3.97
2.92	4.03
3.00	4.09
3.08	4.16
3.17	4.22
3.25	4.29
3.33	4.30
3.42	4.23
3.50	4.17
3.58	4.13
3.67	4.11
3.75	4.15
3.83	4.21
3.92	4.28
4.00	4.35
4.08	4.41
4.17	4.49
4.25	4.60
4.33	4.71
4.42	4.81
4.50	4.88
4.58	4.93
4.67	4.95
4.75	4.89
4.83	4.83
4.92	4.76
5.00	4.68
5.08	4.59
5.17	4.48
5.25	4.38
5.33	4.28
5.42	4.19
5.50	4.11
5.58	4.04
5.67	3.98
5.75	3.91
5.83	3.85
5.92	3.79
6.00	3.74
6.08	3.69
6.17	3.62
6.25	3.55
6.33	3.46
6.42	3.38
6.50	3.31
6.58	3.24
6.67	3.18
6.75	3.13
6.83	3.08
6.92	3.04
7.00	3.00
7.08	2.96
7.17	2.92
7.25	2.90
7.33	2.88
7.42	2.89
7.50	2.92
7.58	2.95
7.67	2.99
7.75	3.03
7.83	3.06
7.92	3.10
8.00	3.15
8.08	3.18
8.17	3.19
8.25	3.19
8.33	3.17
8.42	3.11
8.50	3.03
8.58	2.94
8.67	2.84
8.75	2.74
8.83	2.64
8.92	2.52
9.00	2.40
9.08	2.29
9.17	2.20
9.25	2.12
9.33	2.07
9.42	2.05
9.50	2.07
9.58	2.13
9.67	2.22
9.75	2.35
9.83	2.50
9.92	2.68
10.00	2.90
10.08	3.14
10.17	3.40
10.25	3.67
10.33	3.95
10.42	4.24
10.50	4.50
10.58	4.77
10.67	5.03
10.75	5.29
10.83	5.55
10.92	5.81
11.00	6.06
11.08	6.32
11.17	6.59
11.25	6.90
11.33	7.23
11.42	7.56
11.50	7.89
11.58	8.23
11.67	8.56
11.75	8.90
11.83	9.25
11.92	9.60
12.00	9.96
12.08	10.32
12.17	10.67
12.25	11.00
12.33	11.34
12.42	11.70
12.50	12.08
12.58	12.48
12.67	12.90
12.75	13.33
12.83	13.78
12.92	14.25
13.00	14.74
13.08	15.24
13.17	15.75
13.25	16.24
13.33	16.65
13.42	17.06
13.50	17.48
13.58	17.91
13.67	18.34
13.75	18.78
13.83	19.22
13.92	19.65
14.00	20.08
14.08	20.46
14.17	20.82
14.25	21.21
14.33	21.60
14.42	21.95
14.50	22.24
14.58	22.49
14.67	22.69
14.75	22.84
14.83	22.96
14.92	23.03
15.00	22.91
15.08	22.71
15.17	22.50
15.25	22.29
15.33	22.10
15.42	21.93
15.50	21.77
15.58	21.65
15.67	21.53
15.75	21.41
15.83	21.26
15.92	21.15
16.00	21.20
16.08	21.24
16.17	21.27
16.25	21.27
16.33	21.31
16.42	21.76
16.50	22.22
16.58	22.63
16.67	23.00
16.75	23.37
16.83	24.00
16.92	24.68
17.00	25.28
17.08	25.80
17.17	26.25
17.25	26.63
17.33	26.71
17.42	26.37
17.50	25.99
17.58	25.56
17.67	25.10
17.75	24.48
17.83	23.55
17.92	22.62
18.00	21.73
18.08	20.89
18.17	20.07
18.25	19.26
18.33	18.47
18.42	17.74
18.50	17.03
18.58	16.33
18.67	15.67
18.75	15.05
18.83	14.46
18.92	13.90
19.00	13.35
19.08	12.83
19.17	12.34
19.25	12.02
19.33	11.77
19.42	11.53
19.50	11.33
19.58	11.14
19.67	10.96
19.75	10.80
19.83	10.66
19.92	10.52
20.00	10.40
20.08	10.29
20.17	10.16
20.25	9.89
20.33	9.63
20.42	9.39
20.50	9.21
20.58	9.05
20.67	8.91
20.75	8.76
20.83	8.62
20.92	8.48
21.00	8.34
21.08	8.21
21.17	8.07
21.25	7.93
21.33	7.78
21.42	7.62
21.50	7.41
21.58	7.22
21.67	7.03
21.75	6.86
21.83	6.70
21.92	6.54
22.00	6.40
22.08	6.26
22.17	6.14
22.25	6.02
22.33	5.94
22.42	5.89
22.50	5.86
22.58	5.83
22.67	5.81
22.75	5.78
22.83	5.74
22.92	5.70
23.00	5.66
23.08	5.67
23.17	5.74
23.25	5.81
23.33	5.85
23.42	5.86
23.50	5.86
23.58	5.87
23.67	5.91
23.75	5.96
23.83	6.04
23.92	6.12
0.00	4.99
0.08	4.98
0.17	4.95
0.25	4.90
0.33	4.84
0.42	4.75
0.50	4.65
0.58	4.55
0.67	4.45
0.75	4.35
0.83	4.25
0.92	4.14
1.00	4.04
1.08	3.93
1.17	3.84
1.25	3.76
1.33	3.69
1.42	3.63
1.50	3.58
1.58	3.53
1.67	3.48
1.75	3.44
1.83	3.42
1.92	3.43
2.00	3.45
2.08	3.48
2.17	3.52
2.25	3.55
2.33	3.65
2.42	3.77
2.50	3.89
2.58	4.02
2.67	4.15
2.75	4.27
2.83	4.37
2.92	4.45
3.00	4.52
3.08	4.59
3.17	4.66
3.25	4.71
3.33	4.70
3.42	4.69
3.50	4.67
3.58	4.65
3.67	4.67
3.75	4.71
3.83	4.75
3.92	4.79
4.00	4.82
4.08	4.83
4.17	4.83
4.25	4.82
4.33	4.79
4.42	4.77
4.50	4.74
4.58	4.69
4.67	4.60
4.75	4.50
4.83	4.39
4.92	4.27
5.00	4.16
5.08	4.05
5.17	3.95
5.25	3.85
5.33	3.75
5.42	3.65
5.50	3.55
5.58	3.46
5.67	3.36
5.75	3.26
5.83	3.15
5.92	3.05
6.00	2.95
6.08	2.84
6.17	2.72
6.25	2.62
6.33	2.52
6.42	2.42
6.50	2.33
6.58	2.25
6.67	2.18
6.75	2.13
6.83	2.08
6.92	2.05
7.00	2.03
7.08	2.02
7.17	2.01
7.25	2.01
7.33	2.02
7.42	2.04
7.50	2.07
7.58	2.10
7.67	2.12
7.75	2.14
7.83	2.18
7.92	2.22
8.00	2.27
8.08	2.31
8.17	2.35
8.25	2.40
8.33	2.43
8.42	2.46
8.50	2.49
8.58	2.52
8.67	2.55
8.75	2.57
8.83	2.57
8.92	2.57
9.00	2.57
9.08	2.57
9.17	2.56
9.25	2.56
9.33	2.57
9.42	2.58
9.50	2.60
9.58	2.64
9.67	2.70
9.75	2.77
9.83	2.87
9.92	2.99
10.00	3.13
10.08	3.27
10.17	3.43
10.25	3.59
10.33	3.75
10.42	3.91
10.50	4.08
10.58	4.23
10.67	4.38
10.75	4.53
10.83	4.67
10.92	4.81
11.00	4.95
11.08	5.09
11.17	5.27
11.25	5.47
11.33	5.67
11.42	5.89
11.50	6.11
11.58	6.34
11.67	6.57
11.75	6.83
11.83	7.09
11.92	7.36
12.00	7.64
12.08	7.92
12.17	8.17
12.25	8.44
12.33	8.71
12.42	9.00
12.50	9.30
12.58	9.60
12.67	9.92
12.75	10.24
12.83	10.57
12.92	10.90
13.00	11.25
13.08	11.61
13.17	11.97
13.25	12.28
13.33	12.60
13.42	12.92
13.50	13.25
13.58	13.56
13.67	13.87
13.75	14.15
13.83	14.40
13.92	14.62
14.00	14.80
14.08	14.93
14.17	15.03
14.25	15.13
14.33	15.17
14.42	15.18
14.50	15.14
14.58	15.07
14.67	14.97
14.75	14.86
14.83	14.73
14.92	14.48
15.00	14.15
15.08	13.82
15.17	13.49
15.25	13.18
15.33	12.88
15.42	12.60
15.50	12.34
15.58	12.10
15.67	11.86
15.75	11.64
15.83	11.47
15.92	11.47
16.00	11.51
16.08	11.59
16.17	11.69
16.25	11.81
16.33	12.06
16.42	12.35
16.50	12.63
16.58	12.93
16.67	13.25
16.75	13.61
16.83	13.99
16.92	14.35
17.00	14.72
17.08	15.07
17.17	15.42
17.25	15.72
17.33	15.89
17.42	16.04
17.50	16.18
17.58	16.29
17.67	16.35
17.75	16.33
17.83	16.26
17.92	16.16
18.00	16.03
18.08	15.86
18.17	15.63
18.25	15.37
18.33	15.09
18.42	14.79
18.50	14.47
18.58	14.15
18.67	13.83
18.75	13.51
18.83	13.22
18.92	12.94
19.00	12.65
19.08	12.40
19.17	12.18
19.25	12.04
19.33	11.90
19.42	11.76
19.50	11.63
19.58	11.49
19.67	11.35
19.75	11.21
19.83	11.07
19.92	10.92
20.00	10.77
20.08	10.61
20.17	10.37
20.25	10.11
20.33	9.85
20.42	9.67
20.50	9.52
20.58	9.36
20.67	9.22
20.75	9.07
20.83	8.92
20.92	8.77
21.00	8.63
21.08	8.51
21.17	8.39
21.25	8.27
21.33	8.14
21.42	7.93
21.50	7.73
21.58	7.53
21.67	7.32
21.75	7.13
21.83	6.93
21.92	6.74
22.00	6.53
22.08	6.32
22.17	6.12
22.25	5.92
22.33	5.74
22.42	5.57
22.50	5.40
22.58	5.24
22.67	5.08
22.75	4.94
22.83	4.81
22.92	NaN
23.00	NaN
23.08	NaN
23.17	NaN
23.25	NaN
23.33	NaN
23.42	NaN
23.50	NaN
23.58	NaN
23.67	NaN
23.75	NaN
23.83	NaN
23.92	4.98
0.00	4.00
0.08	4.00
0.17	3.98
0.25	3.95
0.33	3.91
0.42	3.86
0.50	3.81
0.58	3.75
0.67	3.69
0.75	3.64
0.83	3.58
0.92	3.53
1.00	3.49
1.08	3.44
1.17	3.40
1.25	3.37
1.33	3.34
1.42	3.31
1.50	3.29
1.58	3.27
1.67	3.25
1.75	3.21
1.83	3.13
1.92	3.06
2.00	2.99
2.08	2.91
2.17	2.84
2.25	2.81
2.33	2.80
2.42	2.79
2.50	2.78
2.58	2.78
2.67	2.78
2.75	2.81
2.83	2.86
2.92	2.91
3.00	2.96
3.08	3.01
3.17	3.05
3.25	3.05
3.33	3.03
3.42	3.01
3.50	2.99
3.58	2.96
3.67	2.94
3.75	2.92
3.83	2.89
3.92	2.87
4.00	2.85
4.08	2.81
4.17	2.78
4.25	2.74
4.33	2.70
4.42	2.67
4.50	2.64
4.58	2.60
4.67	2.57
4.75	2.54
4.83	2.50
4.92	2.47
5.00	2.44
5.08	2.43
5.17	2.42
5.25	2.40
5.33	2.40
5.42	2.40
5.50	2.41
5.58	2.40
5.67	2.40
5.75	2.39
5.83	2.39
5.92	2.39
6.00	2.38
6.08	2.37
6.17	2.36
6.25	2.36
6.33	2.34
6.42	2.32
6.50	2.30
6.58	2.29
6.67	2.27
6.75	2.25
6.83	2.24
6.92	2.23
7.00	2.22
7.08	2.21
7.17	2.20
7.25	2.20
7.33	2.20
7.42	2.20
7.50	2.20
7.58	2.21
7.67	2.22
7.75	2.22
7.83	2.22
7.92	2.21
8.00	2.20
8.08	2.19
8.17	2.16
8.25	2.14
8.33	2.11
8.42	2.08
8.50	2.06
8.58	2.03
8.67	2.00
8.75	1.98
8.83	1.97
8.92	1.96
9.00	1.95
9.08	1.94
9.17	1.94
9.25	1.95
9.33	1.98
9.42	2.02
9.50	2.07
9.58	2.14
9.67	2.24
9.75	2.35
9.83	2.49
9.92	2.64
10.00	2.82
10.08	3.01
10.17	3.22
10.25	3.43
10.33	3.66
10.42	3.88
10.50	4.10
10.58	4.32
10.67	4.53
10.75	4.73
10.83	4.92
10.92	5.11
11.00	5.29
11.08	5.50
11.17	5.72
11.25	5.93
11.33	6.13
11.42	6.33
11.50	6.53
11.58	6.74
11.67	6.94
11.75	7.15
11.83	7.36
11.92	7.58
12.00	7.79
12.08	7.96
12.17	8.14
12.25	8.31
12.33	8.49
12.42	8.66
12.50	8.84
12.58	9.03
12.67	9.21
12.75	9.39
12.83	9.57
12.92	9.75
13.00	9.94
13.08	10.12
13.17	10.23
13.25	10.33
13.33	10.43
13.42	10.54
13.50	10.66
13.58	10.81
13.67	10.97
13.75	11.13
13.83	11.29
13.92	11.45
14.00	11.60
14.08	11.77
14.17	12.00
14.25	12.23
14.33	12.43
14.42	12.59
14.50	12.72
14.58	12.82
14.67	12.89
14.75	12.95
14.83	12.94
14.92	12.82
15.00	12.68
15.08	12.56
15.17	12.43
15.25	12.30
15.33	12.18
15.42	12.07
15.50	11.98
15.58	11.88
15.67	11.77
15.75	11.68
15.83	11.70
15.92	11.76
16.00	11.82
16.08	11.86
16.17	11.90
16.25	12.09
16.33	12.37
16.42	12.63
16.50	12.88
16.58	13.12
16.67	13.41
16.75	13.75
16.83	14.03
16.92	14.29
17.00	14.53
17.08	14.72
17.17	14.86
17.25	14.78
17.33	14.67
17.42	14.56
17.50	14.44
17.58	14.31
17.67	14.07
17.75	13.82
17.83	13.59
17.92	13.37
18.00	13.17
18.08	13.00
18.17	12.83
18.25	12.66
18.33	12.47
18.42	12.28
18.50	12.09
18.58	11.88
18.67	11.67
18.75	11.47
18.83	11.23
18.92	10.98
19.00	10.73
19.08	10.51
19.17	10.39
19.25	10.29
19.33	10.18
19.42	10.07
19.50	9.97
19.58	9.87
19.67	9.78
19.75	9.70
19.83	9.64
19.92	9.58
20.00	9.51
20.08	9.37
20.17	9.18
20.25	8.99
20.33	8.86
20.42	8.77
20.50	8.68
20.58	8.61
20.67	8.53
20.75	8.46
20.83	8.39
20.92	8.32
21.00	8.25
21.08	8.18
21.17	8.11
21.25	8.02
21.33	7.87
21.42	7.70
21.50	7.53
21.58	7.35
21.67	7.18
21.75	7.00
21.83	6.83
21.92	6.65
22.00	6.48
22.08	6.31
22.17	6.16
22.25	6.05
22.33	5.95
22.42	5.86
22.50	5.78
22.58	5.69
22.67	5.60
22.75	5.49
22.83	5.39
22.92	5.31
23.00	5.32
23.08	5.34
23.17	5.33
23.25	5.28
23.33	5.23
23.42	5.18
23.50	5.14
23.58	5.10
23.67	5.12
23.75	5.15
23.83	5.20
23.92	5.24
0.00	4.33
0.08	4.31
0.17	4.28
0.25	4.23
0.33	4.17
0.42	4.09
0.50	4.00
0.58	3.92
0.67	3.84
0.75	3.77
0.83	3.69
0.92	3.62
1.00	3.55
1.08	3.49
1.17	3.43
1.25	3.39
1.33	3.34
1.42	3.29
1.50	3.24
1.58	3.20
1.67	3.17
1.75	3.15
1.83	3.14
1.92	3.13
2.00	3.12
2.08	3.10
2.17	3.11
2.25	3.17
2.33	3.22
2.42	3.29
2.50	3.36
2.58	3.44
2.67	3.51
2.75	3.57
2.83	3.64
2.92	3.70
3.00	3.76
3.08	3.81
3.17	3.81
3.25	3.78
3.33	3.75
3.42	3.71
3.50	3.69
3.58	3.69
3.67	3.69
3.75	3.68
3.83	3.67
3.92	3.66
4.00	3.65
4.08	3.65
4.17	3.64
4.25	3.63
4.33	3.63
4.42	3.62
4.50	3.57
4.58	3.51
4.67	3.45
4.75	3.40
4.83	3.35
4.92	3.30
5.00	3.27
5.08	3.24
5.17	3.21
5.25	3.19
5.33	3.17
5.42	3.15
5.50	3.14
5.58	3.13
5.67	3.12
5.75	3.11
5.83	3.12
5.92	3.14
6.00	3.14
6.08	3.14
6.17	3.14
6.25	3.14
6.33	3.12
6.42	3.09
6.50	3.06
6.58	3.01
6.67	2.96
6.75	2.90
6.83	2.83
6.92	2.75
7.00	2.67
7.08	2.60
7.17	2.53
7.25	2.48
7.33	2.43
7.42	2.39
7.50	2.36
7.58	2.33
7.67	2.30
7.75	2.27
7.83	2.23
7.92	2.20
8.00	2.16
8.08	2.13
8.17	2.10
8.25	2.06
8.33	2.03
8.42	1.99
8.50	1.97
8.58	1.95
8.67	1.95
8.75	1.95
8.83	1.95
8.92	1.96
9.00	1.96
9.08	1.98
9.17	1.99
9.25	2.02
9.33	2.04
9.42	2.07
9.50	2.12
9.58	2.18
9.67	2.25
9.75	2.34
9.83	2.44
9.92	2.56
10.00	2.68
10.08	2.81
10.17	2.95
10.25	3.08
10.33	3.23
10.42	3.36
10.50	3.49
10.58	3.62
10.67	3.73
10.75	3.84
10.83	3.95
10.92	4.05
11.00	4.18
11.08	4.34
11.17	4.49
11.25	4.65
11.33	4.81
11.42	4.97
11.50	5.14
11.58	5.30
11.67	5.47
11.75	5.64
11.83	5.81
11.92	5.98
12.00	6.11
12.08	6.22
12.17	6.34
12.25	6.46
12.33	6.58
12.42	6.71
12.50	6.84
12.58	6.97
12.67	7.11
12.75	7.25
12.83	7.41
12.92	7.58
13.00	7.75
13.08	7.91
13.17	8.06
13.25	8.21
13.33	8.36
13.42	8.51
13.50	8.66
13.58	8.80
13.67	8.94
13.75	9.07
13.83	9.18
13.92	9.29
14.00	9.40
14.08	9.53
14.17	9.67
14.25	9.80
14.33	9.94
14.42	10.07
14.50	10.22
14.58	10.37
14.67	10.52
14.75	10.66
14.83	10.72
14.92	10.79
15.00	10.87
15.08	10.95
15.17	11.04
15.25	11.13
15.33	11.24
15.42	11.34
15.50	11.45
15.58	11.55
15.67	11.66
15.75	11.84
15.83	12.06
15.92	12.28
16.00	12.48
16.08	12.68
16.17	12.89
16.25	13.12
16.33	13.35
16.42	13.56
16.50	13.77
16.58	13.96
16.67	14.15
16.75	14.32
16.83	14.47
16.92	14.61
17.00	14.73
17.08	14.81
17.17	14.83
17.25	14.81
17.33	14.76
17.42	14.69
17.50	14.58
17.58	14.41
17.67	14.20
17.75	13.98
17.83	13.72
17.92	13.41
18.00	13.09
18.08	12.77
18.17	12.44
18.25	12.11
18.33	11.77
18.42	11.43
18.50	11.12
18.58	10.84
18.67	10.57
18.75	10.31
18.83	10.08
18.92	9.87
19.00	9.69
19.08	9.56
19.17	9.47
19.25	9.39
19.33	9.33
19.42	9.28
19.50	9.23
19.58	9.18
19.67	9.13
19.75	9.10
19.83	9.06
19.92	9.04
20.00	8.98
20.08	8.88
20.17	8.77
20.25	8.68
20.33	8.64
20.42	8.58
20.50	8.53
20.58	8.48
20.67	8.42
20.75	8.37
20.83	8.30
20.92	8.23
21.00	8.16
21.08	8.08
21.17	8.00
21.25	7.86
21.33	7.70
21.42	7.54
21.50	7.37
21.58	7.20
21.67	7.02
21.75	6.85
21.83	6.67
21.92	6.49
22.00	6.31
22.08	6.13
22.17	5.99
22.25	5.86
22.33	5.74
22.42	5.61
22.50	5.49
22.58	5.38
22.67	5.27
22.75	5.17
22.83	5.07
22.92	5.07
23.00	5.10
23.08	5.12
23.17	5.12
23.25	5.12
23.33	5.12
23.42	5.12
23.50	5.12
23.58	5.14
23.67	5.18
23.75	5.24
23.83	5.29
23.92	5.27
0.00	4.86
0.08	4.84
0.17	4.81
0.25	4.76
0.33	4.69
0.42	4.61
0.50	4.51
0.58	4.42
0.67	4.33
0.75	4.25
0.83	4.18
0.92	4.10
1.00	4.04
1.08	3.98
1.17	3.93
1.25	3.88
1.33	3.84
1.42	3.80
1.50	3.76
1.58	3.71
1.67	3.64
1.75	3.57
1.83	3.51
1.92	3.44
2.00	3.38
2.08	3.33
2.17	3.28
2.25	3.25
2.33	3.21
2.42	3.16
2.50	3.13
2.58	3.12
2.67	3.11
2.75	3.12
2.83	3.10
2.92	3.09
3.00	3.07
3.08	3.05
3.17	3.01
3.25	2.98
3.33	2.95
3.42	2.93
3.50	2.91
3.58	2.89
3.67	2.87
3.75	2.85
3.83	2.84
3.92	2.83
4.00	2.82
4.08	2.81
4.17	2.81
4.25	2.79
4.33	2.78
4.42	2.75
4.50	2.73
4.58	2.70
4.67	2.68
4.75	2.65
4.83	2.63
4.92	2.60
5.00	2.57
5.08	2.52
5.17	2.49
5.25	2.47
5.33	2.46
5.42	2.45
5.50	2.44
5.58	2.43
5.67	2.42
5.75	2.41
5.83	2.40
5.92	2.40
6.00	2.41
6.08	2.43
6.17	2.44
6.25	2.44
6.33	2.43
6.42	2.43
6.50	2.43
6.58	2.43
6.67	2.43
6.75	2.43
6.83	2.44
6.92	2.45
7.00	2.46
7.08	2.47
7.17	2.47
7.25	2.47
7.33	2.47
7.42	2.46
7.50	2.46
7.58	2.45
7.67	2.41
7.75	2.37
7.83	2.33
7.92	2.27
8.00	2.21
8.08	2.16
8.17	2.12
8.25	2.07
8.33	2.03
8.42	2.00
8.50	1.97
8.58	1.96
8.67	1.96
8.75	1.96
8.83	1.96
8.92	1.98
9.00	2.00
9.08	2.02
9.17	2.06
9.25	2.11
9.33	2.16
9.42	2.23
9.50	2.31
9.58	2.41
9.67	2.53
9.75	2.67
9.83	2.84
9.92	3.02
10.00	3.21
10.08	3.40
10.17	3.58
10.25	3.77
10.33	3.94
10.42	4.10
10.50	4.25
10.58	4.39
10.67	4.51
10.75	4.60
10.83	4.69
10.92	4.77
11.00	4.88
11.08	4.99
11.17	5.10
11.25	5.21
11.33	5.32
11.42	5.44
11.50	5.55
11.58	5.67
11.67	5.79
11.75	5.91
11.83	6.02
11.92	6.11
12.00	6.18
12.08	6.25
12.17	6.33
12.25	6.41
12.33	6.49
12.42	6.58
12.50	6.68
12.58	6.77
12.67	6.86
12.75	6.97
12.83	7.08
12.92	7.20
13.00	7.32
13.08	7.41
13.17	7.51
13.25	7.63
13.33	7.75
13.42	7.88
13.50	8.01
13.58	8.15
13.67	8.30
13.75	8.44
13.83	8.57
13.92	8.70
14.00	8.84
14.08	8.98
14.17	9.10
14.25	9.21
14.33	9.30
14.42	9.39
14.50	9.46
14.58	9.52
14.67	9.56
14.75	9.54
14.83	9.51
14.92	9.49
15.00	9.48
15.08	9.47
15.17	9.47
15.25	9.49
15.33	9.52
15.42	9.56
15.50	9.61
15.58	9.67
15.67	9.76
15.75	9.91
15.83	10.06
15.92	10.22
16.00	10.40
16.08	10.59
16.17	10.76
16.25	10.92
16.33	11.07
16.42	11.21
16.50	11.36
16.58	11.48
16.67	11.60
16.75	11.72
16.83	11.84
16.92	11.95
17.00	12.05
17.08	12.15
17.17	12.27
17.25	12.39
17.33	12.50
17.42	12.60
17.50	12.71
17.58	12.83
17.67	12.94
17.75	13.04
17.83	13.09
17.92	NaN
18.00	NaN
18.08	NaN
18.17	NaN
18.25	NaN
18.33	NaN
18.42	NaN
18.50	NaN
18.58	NaN
18.67	NaN
18.75	13.24
18.83	13.18
18.92	13.06
19.00	13.02
19.08	12.99
19.17	12.95
19.25	12.90
19.33	12.84
19.42	12.79
19.50	12.73
19.58	12.67
19.67	12.64
19.75	12.63
19.83	12.62
19.92	12.58
20.00	12.45
20.08	12.30
20.17	12.19
20.25	12.16
20.33	12.13
20.42	12.09
20.50	12.05
20.58	12.02
20.67	11.98
20.75	11.95
20.83	11.90
20.92	11.86
21.00	11.80
21.08	11.73
21.17	11.56
21.25	11.34
21.33	11.11
21.42	10.87
21.50	10.62
21.58	10.35
21.67	10.07
21.75	9.78
21.83	9.48
21.92	9.18
22.00	8.88
22.08	8.62
22.17	8.38
22.25	8.14
22.33	7.91
22.42	7.68
22.50	7.45
22.58	7.22
22.67	7.00
22.75	6.80
22.83	6.68
22.92	6.62
23.00	6.57
23.08	6.50
23.17	6.44
23.25	6.39
23.33	6.35
23.42	6.33
23.50	6.32
23.58	6.34
23.67	6.37
23.75	6.41
23.83	6.38
23.92	6.36
0.00	5.18
0.08	5.17
0.17	5.13
0.25	5.06
0.33	4.98
0.42	4.87
0.50	4.75
0.58	4.63
0.67	4.51
0.75	4.40
0.83	4.29
0.92	4.19
1.00	4.10
1.08	4.01
1.17	3.92
1.25	3.84
1.33	3.77
1.42	3.70
1.50	3.62
1.58	3.51
1.67	3.40
1.75	3.30
1.83	3.20
1.92	3.11
2.00	3.04
2.08	3.00
2.17	2.96
2.25	2.93
2.33	2.90
2.42	2.89
2.50	2.90
2.58	2.95
2.67	2.99
2.75	3.03
2.83	3.08
2.92	3.11
3.00	3.12
3.08	3.12
3.17	3.11
3.25	3.10
3.33	3.08
3.42	3.07
3.50	3.05
3.58	3.04
3.67	3.03
3.75	3.01
3.83	2.99
3.92	2.97
4.00	2.95
4.08	2.93
4.17	2.90
4.25	2.88
4.33	2.85
4.42	2.82
4.50	2.79
4.58	2.77
4.67	2.74
4.75	2.71
4.83	2.68
4.92	2.65
5.00	2.63
5.08	2.60
5.17	2.58
5.25	2.56
5.33	2.54
5.42	2.53
5.50	2.52
5.58	2.52
5.67	2.52
5.75	2.53
5.83	2.54
5.92	2.56
6.00	2.58
6.08	2.60
6.17	2.61
6.25	2.61
6.33	2.61
6.42	2.61
6.50	2.61
6.58	2.60
6.67	2.58
6.75	2.56
6.83	2.53
6.92	2.50
7.00	2.48
7.08	2.45
7.17	2.41
7.25	2.38
7.33	2.34
7.42	2.31
7.50	2.28
7.58	2.23
7.67	2.19
7.75	2.15
7.83	2.10
7.92	2.06
8.00	2.02
8.08	2.00
8.17	1.99
8.25	1.98
8.33	1.97
8.42	1.97
8.50	1.98
8.58	1.99
8.67	2.01
8.75	2.03
8.83	2.05
8.92	2.08
9.00	2.10
9.08	2.12
9.17	2.14
9.25	2.16
9.33	2.18
9.42	2.21
9.50	2.25
9.58	2.31
9.67	2.38
9.75	2.48
9.83	2.58
9.92	2.71
10.00	2.84
10.08	2.98
10.17	3.14
10.25	3.30
10.33	3.46
10.42	3.61
10.50	3.76
10.58	3.90
10.67	4.02
10.75	4.14
10.83	4.25
10.92	4.39
11.00	4.53
11.08	4.66
11.17	4.80
11.25	4.93
11.33	5.05
11.42	5.17
11.50	5.30
11.58	5.43
11.67	5.56
11.75	5.69
11.83	5.81
11.92	5.89
12.00	5.98
12.08	6.08
12.17	6.17
12.25	6.27
12.33	6.38
12.42	6.50
12.50	6.62
12.58	6.75
12.67	6.90
12.75	7.05
12.83	7.22
12.92	7.41
13.00	7.63
13.08	7.85
13.17	8.08
13.25	8.31
13.33	8.55
13.42	8.79
13.50	9.03
13.58	9.27
13.67	9.50
13.75	9.74
13.83	9.98
13.92	10.20
14.00	10.40
14.08	10.60
14.17	10.80
14.25	10.99
14.33	11.17
14.42	11.34
14.50	11.51
14.58	11.67
14.67	11.80
14.75	11.90
14.83	11.97
14.92	12.02
15.00	12.08
15.08	12.13
15.17	12.17
15.25	12.22
15.33	12.26
15.42	12.30
15.50	12.34
15.58	12.39
15.67	12.47
15.75	12.56
15.83	12.68
15.92	12.80
16.00	12.94
16.08	13.14
16.17	13.36
16.25	13.57
16.33	13.78
16.42	14.00
16.50	14.25
16.58	14.51
16.67	14.78
16.75	15.04
16.83	15.30
16.92	15.58
17.00	15.83
17.08	16.04
17.17	16.25
17.25	16.46
17.33	16.66
17.42	16.85
17.50	16.99
17.58	17.10
17.67	17.22
17.75	17.30
17.83	17.34
17.92	17.32
18.00	17.26
18.08	17.20
18.17	17.09
18.25	16.97
18.33	16.83
18.42	16.67
18.50	16.49
18.58	16.26
18.67	15.95
18.75	15.63
18.83	15.33
18.92	15.10
19.00	14.93
19.08	14.74
19.17	14.54
19.25	14.33
19.33	14.11
19.42	13.88
19.50	13.64
19.58	13.44
19.67	13.29
19.75	13.11
19.83	12.91
19.92	12.60
20.00	12.25
20.08	11.91
20.17	11.66
20.25	11.40
20.33	11.15
20.42	10.90
20.50	10.65
20.58	10.41
20.67	10.18
20.75	9.96
20.83	9.75
20.92	9.56
21.00	9.38
21.08	9.16
21.17	8.90
21.25	8.65
21.33	8.41
21.42	8.17
21.50	7.94
21.58	7.71
21.67	7.48
21.75	7.26
21.83	7.04
21.92	6.82
22.00	6.63
22.08	6.46
22.17	6.30
22.25	6.16
22.33	6.03
22.42	5.92
22.50	5.82
22.58	5.73
22.67	5.66
22.75	5.66
22.83	5.74
22.92	5.83
23.00	5.90
23.08	5.98
23.17	6.05
23.25	6.13
23.33	6.20
23.42	6.27
23.50	6.33
23.58	6.40
23.67	6.48
23.75	6.48
23.83	6.46
23.92	6.46
0.00	5.16
0.08	5.14
0.17	5.10
0.25	5.04
0.33	4.96
0.42	4.87
0.50	4.76
0.58	4.66
0.67	4.55
0.75	4.45
0.83	4.36
0.92	4.26
1.00	4.18
1.08	4.10
1.17	4.04
1.25	3.97
1.33	3.92
1.42	3.87
1.50	3.81
1.58	3.74
1.67	3.68
1.75	3.63
1.83	3.59
1.92	3.56
2.00	3.54
2.08	3.52
2.17	3.51
2.25	3.49
2.33	3.47
2.42	3.46
2.50	3.46
2.58	3.46
2.67	3.47
2.75	3.47
2.83	3.47
2.92	3.45
3.00	3.42
3.08	3.39
3.17	3.36
3.25	3.32
3.33	3.28
3.42	3.25
3.50	3.22
3.58	3.19
3.67	3.15
3.75	3.12
3.83	3.08
3.92	3.04
4.00	2.99
4.08	2.94
4.17	2.90
4.25	2.87
4.33	2.83
4.42	2.81
4.50	2.79
4.58	2.78
4.67	2.76
4.75	2.74
4.83	2.69
4.92	2.66
5.00	2.63
5.08	2.62
5.17	2.61
5.25	2.60
5.33	2.58
5.42	2.56
5.50	2.53
5.58	2.48
5.67	2.46
5.75	2.45
5.83	2.46
5.92	2.47
6.00	2.49
6.08	2.49
6.17	2.49
6.25	2.49
6.33	2.49
6.42	2.49
6.50	2.49
6.58	2.50
6.67	2.50
6.75	2.51
6.83	2.51
6.92	2.52
7.00	2.52
7.08	2.52
7.17	2.51
7.25	2.51
7.33	2.51
7.42	2.51
7.50	2.51
7.58	2.49
7.67	2.47
7.75	2.45
7.83	2.42
7.92	2.38
8.00	2.35
8.08	2.32
8.17	2.28
8.25	2.24
8.33	2.19
8.42	2.15
8.50	2.11
8.58	2.08
8.67	2.05
8.75	2.02
8.83	1.99
8.92	1.98
9.00	1.97
9.08	1.97
9.17	1.99
9.25	2.01
9.33	2.05
9.42	2.10
9.50	2.17
9.58	2.26
9.67	2.37
9.75	2.50
9.83	2.64
9.92	2.80
10.00	2.95
10.08	3.11
10.17	3.27
10.25	3.43
10.33	3.59
10.42	3.75
10.50	3.88
10.58	4.01
10.67	4.12
10.75	4.21
10.83	4.32
10.92	4.42
11.00	4.51
11.08	4.59
11.17	4.67
11.25	4.74
11.33	4.82
11.42	4.90
11.50	4.97
11.58	5.06
11.67	5.15
11.75	5.23
11.83	5.31
11.92	5.40
12.00	5.50
12.08	5.62
12.17	5.75
12.25	5.89
12.33	6.04
12.42	6.19
12.50	6.35
12.58	6.52
12.67	6.69
12.75	6.86
12.83	7.04
12.92	7.20
13.00	7.35
13.08	7.50
13.17	7.65
13.25	7.81
13.33	7.98
13.42	8.15
13.50	8.33
13.58	8.51
13.67	8.70
13.75	8.89
13.83	9.12
13.92	9.37
14.00	9.63
14.08	9.91
14.17	10.19
14.25	10.48
14.33	10.78
14.42	11.07
14.50	11.38
14.58	11.60
14.67	11.77
14.75	11.92
14.83	12.06
14.92	12.20
15.00	12.35
15.08	12.49
15.17	12.64
15.25	12.81
15.33	12.98
15.42	13.17
15.50	13.37
15.58	13.70
15.67	14.05
15.75	14.44
15.83	14.83
15.92	15.24
16.00	15.72
16.08	16.21
16.17	16.69
16.25	17.15
16.33	17.59
16.42	18.05
16.50	18.51
16.58	18.97
16.67	19.40
16.75	19.79
16.83	20.19
16.92	20.52
17.00	20.75
17.08	20.97
17.17	21.18
17.25	21.35
17.33	21.49
17.42	21.59
17.50	21.70
17.58	21.76
17.67	21.81
17.75	21.82
17.83	21.77
17.92	21.71
18.00	21.60
18.08	21.44
18.17	21.24
18.25	21.00
18.33	20.70
18.42	20.30
18.50	19.83
18.58	19.27
18.67	18.68
18.75	18.09
18.83	17.60
18.92	17.26
19.00	16.92
19.08	16.58
19.17	16.26
19.25	15.95
19.33	15.68
19.42	15.44
19.50	15.25
19.58	15.12
19.67	15.00
19.75	14.86
19.83	14.54
19.92	14.17
20.00	13.80
20.08	13.55
20.17	13.33
20.25	13.11
20.33	12.89
20.42	12.67
20.50	12.45
20.58	12.23
20.67	12.00
20.75	11.75
20.83	11.50
20.92	11.24
21.00	10.95
21.08	10.57
21.17	10.19
21.25	9.82
21.33	9.45
21.42	9.10
21.50	8.75
21.58	8.42
21.67	8.11
21.75	7.81
21.83	7.54
21.92	7.29
22.00	7.09
22.08	6.91
22.17	6.75
22.25	6.59
22.33	6.45
22.42	6.32
22.50	6.21
22.58	6.12
22.67	6.10
22.75	6.17
22.83	6.25
22.92	6.31
23.00	6.36
23.08	6.41
23.17	6.47
23.25	6.53
23.33	6.60
23.42	6.67
23.50	6.72
23.58	6.79
23.67	6.77
23.75	6.74
23.83	6.71
23.92	6.70
0.00	5.43
0.08	5.40
0.17	5.34
0.25	5.26
0.33	5.14
0.42	5.00
0.50	4.84
0.58	4.68
0.67	4.52
0.75	4.36
0.83	4.21
0.92	4.06
1.00	3.93
1.08	3.81
1.17	3.70
1.25	3.60
1.33	3.51
1.42	3.43
1.50	3.35
1.58	3.27
1.67	3.20
1.75	3.14
1.83	3.08
1.92	3.05
2.00	3.04
2.08	3.02
2.17	3.00
2.25	2.98
2.33	2.97
2.42	2.96
2.50	2.96
2.58	2.97
2.67	2.97
2.75	2.97
2.83	2.97
2.92	2.94
3.00	2.91
3.08	2.88
3.17	2.85
3.25	2.82
3.33	2.80
3.42	2.78
3.50	2.75
3.58	2.73
3.67	2.70
3.75	2.68
3.83	2.65
3.92	2.63
4.00	2.60
4.08	2.57
4.17	2.55
4.25	2.52
4.33	2.49
4.42	2.47
4.50	2.44
4.58	2.42
4.67	2.40
4.75	2.39
4.83	2.37
4.92	2.35
5.00	2.33
5.08	2.32
5.17	2.32
5.25	2.31
5.33	2.31
5.42	2.30
5.50	2.30
5.58	2.29
5.67	2.29
5.75	2.29
5.83	2.29
5.92	2.31
6.00	2.32
6.08	2.33
6.17	2.34
6.25	2.36
6.33	2.39
6.42	2.42
6.50	2.45
6.58	2.48
6.67	2.52
6.75	2.55
6.83	2.58
6.92	2.61
7.00	2.63
7.08	2.64
7.17	2.65
7.25	2.64
7.33	2.63
7.42	2.61
7.50	2.58
7.58	2.55
7.67	2.51
7.75	2.46
7.83	2.41
7.92	2.36
8.00	2.30
8.08	2.25
8.17	2.20
8.25	2.15
8.33	2.11
8.42	2.08
8.50	2.04
8.58	2.02
8.67	1.99
8.75	1.98
8.83	1.96
8.92	1.95
9.00	1.94
9.08	1.95
9.17	1.95
9.25	1.96
9.33	1.99
9.42	2.02
9.50	2.07
9.58	2.14
9.67	2.23
9.75	2.34
9.83	2.47
9.92	2.61
10.00	2.77
10.08	2.94
10.17	3.12
10.25	3.31
10.33	3.51
10.42	3.71
10.50	3.92
10.58	4.12
10.67	4.32
10.75	4.55
10.83	4.77
10.92	4.99
11.00	5.22
11.08	5.44
11.17	5.66
11.25	5.87
11.33	6.08
11.42	6.29
11.50	6.49
11.58	6.69
11.67	6.88
11.75	7.05
11.83	7.21
11.92	7.36
12.00	7.50
12.08	7.63
12.17	7.75
12.25	7.86
12.33	7.96
12.42	8.05
12.50	8.13
12.58	8.20
12.67	8.25
12.75	NaN
12.83	NaN
12.92	NaN
13.00	NaN
13.08	NaN
13.17	NaN
13.25	NaN
13.33	NaN
13.42	NaN
13.50	NaN
13.58	NaN
13.67	NaN
13.75	9.36
13.83	9.48
13.92	9.70
14.00	9.93
14.08	10.17
14.17	10.42
14.25	10.67
14.33	10.93
14.42	11.20
14.50	11.44
14.58	11.61
14.67	11.78
14.75	11.96
14.83	12.14
14.92	12.32
15.00	12.51
15.08	12.71
15.17	12.90
15.25	13.09
15.33	13.29
15.42	13.50
15.50	13.79
15.58	14.11
15.67	14.43
15.75	14.77
15.83	15.12
15.92	15.45
16.00	15.77
16.08	16.08
16.17	16.38
16.25	16.66
16.33	16.88
16.42	17.02
16.50	17.12
16.58	17.20
16.67	17.21
16.75	17.16
16.83	17.08
16.92	16.96
17.00	16.80
17.08	16.61
17.17	16.39
17.25	16.15
17.33	15.95
17.42	15.75
17.50	15.55
17.58	15.35
17.67	15.16
17.75	14.97
17.83	14.78
17.92	14.59
18.00	14.40
18.08	14.23
18.17	14.07
18.25	13.93
18.33	13.79
18.42	13.64
18.50	13.44
18.58	13.23
18.67	13.01
18.75	12.82
18.83	12.73
18.92	12.65
19.00	12.56
19.08	12.46
19.17	12.34
19.25	12.22
19.33	12.10
19.42	12.00
19.50	11.96
19.58	11.91
19.67	11.88
19.75	11.76
19.83	11.59
19.92	11.42
20.00	11.33
20.08	11.26
20.17	11.19
20.25	11.12
20.33	11.03
20.42	10.92
20.50	10.80
20.58	10.66
20.67	10.51
20.75	10.36
20.83	10.21
20.92	10.03
21.00	9.77
21.08	9.51
21.17	9.25
21.25	9.00
21.33	8.76
21.42	8.53
21.50	8.31
21.58	8.10
21.67	7.90
21.75	7.71
21.83	7.54
21.92	7.41
22.00	7.30
22.08	7.18
22.17	7.08
22.25	6.99
22.33	6.89
22.42	6.79
22.50	6.69
22.58	6.64
22.67	6.71
22.75	6.78
22.83	6.83
22.92	6.86
23.00	6.90
23.08	6.95
23.17	6.99
23.25	7.03
23.33	7.08
23.42	7.14
23.50	7.19
23.58	7.15
23.67	7.08
23.75	7.03
23.83	7.00
23.92	6.98
0.00	5.75
0.08	5.74
0.17	5.70
0.25	5.65
0.33	5.58
0.42	5.49
0.50	5.38
0.58	5.27
0.67	5.17
0.75	5.07
0.83	4.98
0.92	4.89
1.00	4.79
1.08	4.70
1.17	4.62
1.25	4.54
1.33	4.47
1.42	4.39
1.50	4.32
1.58	4.25
1.67	4.18
1.75	4.11
1.83	4.07
1.92	4.05
2.00	4.03
2.08	4.01
2.17	3.98
2.25	3.95
2.33	3.93
2.42	3.91
2.50	3.88
2.58	3.86
2.67	3.84
2.75	3.82
2.83	3.75
2.92	3.69
3.00	3.62
3.08	3.57
3.17	3.53
3.25	3.52
3.33	3.50
3.42	3.49
3.50	3.46
3.58	3.44
3.67	3.42
3.75	3.39
3.83	3.36
3.92	3.33
4.00	3.31
4.08	3.29
4.17	3.24
4.25	3.17
4.33	3.10
4.42	3.05
4.50	3.01
4.58	2.99
4.67	2.99
4.75	2.98
4.83	2.97
4.92	2.97
5.00	2.99
5.08	3.03
5.17	3.09
5.25	3.15
5.33	3.21
5.42	3.26
5.50	3.31
5.58	3.34
5.67	3.37
5.75	3.40
5.83	3.43
5.92	3.42
6.00	3.39
6.08	3.34
6.17	3.29
6.25	3.25
6.33	3.20
6.42	3.15
6.50	3.10
6.58	3.05
6.67	3.01
6.75	2.98
6.83	2.96
6.92	2.96
7.00	2.96
7.08	2.96
7.17	2.96
7.25	2.95
7.33	2.92
7.42	2.87
7.50	2.82
7.58	2.77
7.67	2.72
7.75	2.65
7.83	2.58
7.92	2.50
8.00	2.41
8.08	2.33
8.17	2.25
8.25	2.19
8.33	2.15
8.42	2.11
8.50	2.08
8.58	2.05
8.67	2.02
8.75	2.00
8.83	1.98
8.92	1.97
9.00	1.98
9.08	1.98
9.17	2.00
9.25	2.03
9.33	2.09
9.42	2.15
9.50	2.23
9.58	2.34
9.67	2.46
9.75	2.60
9.83	2.77
9.92	2.94
10.00	3.13
10.08	3.33
10.17	3.54
10.25	3.74
10.33	3.94
10.42	4.14
10.50	4.35
10.58	4.54
10.67	4.75
10.75	4.98
10.83	5.19
10.92	5.38
11.00	5.57
11.08	5.75
11.17	5.92
11.25	6.09
11.33	6.25
11.42	6.41
11.50	6.56
11.58	6.70
11.67	6.81
11.75	6.92
11.83	7.03
11.92	7.15
12.00	7.28
12.08	7.42
12.17	7.57
12.25	7.72
12.33	7.89
12.42	8.06
12.50	8.24
12.58	8.42
12.67	8.61
12.75	8.77
12.83	8.92
12.92	9.09
13.00	9.26
13.08	9.43
13.17	9.62
13.25	9.81
13.33	10.01
13.42	10.21
13.50	10.43
13.58	10.66
13.67	10.91
13.75	11.20
13.83	11.51
13.92	11.82
14.00	12.15
14.08	12.49
14.17	12.84
14.25	13.21
14.33	13.61
14.42	13.97
14.50	14.18
14.58	14.41
14.67	14.64
14.75	14.88
14.83	15.13
14.92	15.38
15.00	15.65
15.08	15.92
15.17	16.20
15.25	16.49
15.33	16.79
15.42	17.24
15.50	17.77
15.58	18.29
15.67	18.78
15.75	19.27
15.83	19.87
15.92	20.53
16.00	21.15
16.08	21.75
16.17	22.30
16.25	22.80
16.33	23.35
16.42	23.85
16.50	24.32
16.58	24.74
16.67	25.10
16.75	25.41
16.83	25.54
16.92	25.63
17.00	25.69
17.08	25.72
17.17	25.74
17.25	25.69
17.33	25.58
17.42	25.43
17.50	25.28
17.58	25.16
17.67	25.01
17.75	24.82
17.83	24.64
17.92	24.46
18.00	24.31
18.08	24.14
18.17	23.95
18.25	23.70
18.33	23.41
18.42	23.01
18.50	22.54
18.58	22.08
18.67	21.67
18.75	21.56
18.83	21.45
18.92	21.27
19.00	21.03
19.08	20.78
19.17	20.51
19.25	20.23
19.33	19.98
19.42	19.77
19.50	19.51
19.58	19.19
19.67	18.66
19.75	17.84
19.83	16.99
19.92	16.23
20.00	15.50
20.08	14.74
20.17	13.97
20.25	13.19
20.33	12.44
20.42	11.72
20.50	11.05
20.58	10.45
20.67	9.90
20.75	9.42
20.83	8.99
20.92	8.51
21.00	8.08
21.08	7.73
21.17	7.44
21.25	7.20
21.33	7.02
21.42	6.87
21.50	6.75
21.58	6.64
21.67	6.56
21.75	6.49
21.83	6.50
21.92	6.51
22.00	6.52
22.08	6.52
22.17	6.50
22.25	6.44
22.33	6.29
22.42	6.14
22.50	6.01
22.58	6.01
22.67	6.03
22.75	6.00
22.83	5.91
22.92	5.81
23.00	5.72
23.08	5.63
23.17	5.54
23.25	5.54
23.33	5.58
23.42	5.62
23.50	5.58
23.58	5.45
23.67	5.34
23.75	5.25
23.83	5.19
23.92	5.16
0.00	4.18
0.08	4.16
0.17	4.13
0.25	4.07
0.33	4.01
0.42	3.93
0.50	3.83
0.58	3.74
0.67	3.64
0.75	3.56
0.83	3.47
0.92	3.38
1.00	3.30
1.08	3.23
1.17	3.16
1.25	3.10
1.33	3.06
1.42	3.03
1.50	3.00
1.58	2.97
1.67	2.94
1.75	2.95
1.83	3.01
1.92	3.04
2.00	3.08
2.08	3.11
2.17	3.15
2.25	3.19
2.33	3.22
2.42	3.25
2.50	3.30
2.58	3.36
2.67	3.42
2.75	3.42
2.83	3.42
2.92	3.44
3.00	3.46
3.08	3.51
3.17	3.57
3.25	3.62
3.33	3.69
3.42	3.76
3.50	3.83
3.58	3.90
3.67	3.97
3.75	4.03
3.83	4.08
3.92	4.14
4.00	4.19
4.08	4.22
4.17	4.24
4.25	4.25
4.33	4.23
4.42	4.21
4.50	4.18
4.58	4.18
4.67	4.22
4.75	4.27
4.83	4.32
4.92	4.36
5.00	4.39
5.08	4.43
5.17	4.46
5.25	4.50
5.33	4.53
5.42	4.57
5.50	4.59
5.58	4.54
5.67	4.48
5.75	4.40
5.83	4.31
5.92	4.21
6.00	4.11
6.08	3.99
6.17	3.87
6.25	3.75
6.33	3.61
6.42	3.47
6.50	3.34
6.58	3.20
6.67	3.07
6.75	2.96
6.83	2.88
6.92	2.81
7.00	2.75
7.08	2.69
7.17	2.64
7.25	2.60
7.33	2.57
7.42	2.55
7.50	2.52
7.58	2.51
7.67	2.49
7.75	2.45
7.83	2.41
7.92	2.36
8.00	2.32
8.08	2.28
8.17	2.25
8.25	2.22
8.33	2.18
8.42	2.15
8.50	2.12
8.58	2.10
8.67	2.08
8.75	2.05
8.83	2.03
8.92	2.01
9.00	1.99
9.08	1.97
9.17	1.96
9.25	1.96
9.33	1.97
9.42	1.99
9.50	2.03
9.58	2.09
9.67	2.18
9.75	2.28
9.83	2.40
9.92	2.52
10.00	2.66
10.08	2.80
10.17	2.94
10.25	3.08
10.33	3.21
10.42	3.34
10.50	3.45
10.58	3.57
10.67	3.73
10.75	3.87
10.83	4.00
10.92	4.13
11.00	4.26
11.08	4.39
11.17	4.52
11.25	4.65
11.33	4.78
11.42	4.92
11.50	5.06
11.58	5.15
11.67	5.23
11.75	5.32
11.83	5.41
11.92	5.51
12.00	5.60
12.08	5.70
12.17	5.81
12.25	5.92
12.33	6.05
12.42	6.18
12.50	6.31
12.58	6.45
12.67	6.61
12.75	6.78
12.83	6.95
12.92	7.13
13.00	7.32
13.08	7.52
13.17	7.74
13.25	7.96
13.33	8.18
13.42	8.40
13.50	8.61
13.58	8.82
13.67	9.02
13.75	9.21
13.83	9.40
13.92	9.59
14.00	9.77
14.08	9.94
14.17	10.09
14.25	10.25
14.33	10.40
14.42	10.50
14.50	10.60
14.58	10.72
14.67	10.84
14.75	10.98
14.83	11.13
14.92	11.30
15.00	11.47
15.08	11.66
15.17	11.86
15.25	12.06
15.33	12.33
15.42	12.68
15.50	13.03
15.58	13.38
15.67	13.76
15.75	14.19
15.83	14.70
15.92	15.22
16.00	15.74
16.08	16.25
16.17	16.76
16.25	17.35
16.33	17.91
16.42	18.44
16.50	18.94
16.58	19.44
16.67	19.90
16.75	20.23
16.83	20.47
16.92	20.67
17.00	20.85
17.08	21.05
17.17	21.16
17.25	21.16
17.33	21.12
17.42	21.07
17.50	20.98
17.58	20.81
17.67	20.60
17.75	20.38
17.83	20.15
17.92	19.91
18.00	19.61
18.08	19.27
18.17	18.89
18.25	18.52
18.33	18.11
18.42	17.64
18.50	17.17
18.58	16.75
18.67	16.43
18.75	16.13
18.83	15.82
18.92	15.50
19.00	15.17
19.08	14.82
19.17	14.44
19.25	14.03
19.33	13.65
19.42	13.28
19.50	12.91
19.58	12.49
19.67	11.97
19.75	11.45
19.83	11.00
19.92	10.64
20.00	10.34
20.08	10.09
20.17	9.89
20.25	9.74
20.33	9.61
20.42	9.53
20.50	9.45
20.58	9.40
20.67	9.36
20.75	9.32
20.83	9.20
20.92	9.05
21.00	8.88
21.08	8.69
21.17	8.50
21.25	8.30
21.33	8.09
21.42	7.87
21.50	7.65
21.58	7.42
21.67	7.19
21.75	6.99
21.83	6.81
21.92	6.63
22.00	6.47
22.08	6.32
22.17	6.18
22.25	6.02
22.33	5.87
22.42	5.72
22.50	5.69
22.58	5.70
22.67	5.72
22.75	5.71
22.83	5.70
22.92	5.70
23.00	5.70
23.08	5.70
23.17	5.72
23.25	5.75
23.33	5.79
23.42	5.79
23.50	5.69
23.58	5.59
23.67	5.52
23.75	5.47
23.83	5.43
23.92	5.41
0.00	4.33
0.08	4.31
0.17	4.28
0.25	4.24
0.33	4.18
0.42	4.11
0.50	4.02
0.58	3.94
0.67	3.86
0.75	3.78
0.83	3.71
0.92	3.64
1.00	3.57
1.08	3.51
1.17	3.45
1.25	3.37
1.33	3.29
1.42	3.23
1.50	3.17
1.58	3.12
1.67	3.08
1.75	3.09
1.83	3.11
1.92	3.12
2.00	3.14
2.08	3.16
2.17	3.20
2.25	3.25
2.33	3.30
2.42	3.35
2.50	3.39
2.58	3.42
2.67	3.42
2.75	3.40
2.83	3.37
2.92	3.35
3.00	3.32
3.08	3.30
3.17	3.29
3.25	3.27
3.33	3.25
3.42	3.22
3.50	3.20
3.58	3.17
3.67	3.15
3.75	3.12
3.83	3.10
3.92	3.07
4.00	3.04
4.08	3.00
4.17	2.96
4.25	2.92
4.33	2.88
4.42	2.85
4.50	2.82
4.58	2.79
4.67	2.77
4.75	2.75
4.83	2.74
4.92	2.74
5.00	2.75
5.08	2.76
5.17	2.77
5.25	2.80
5.33	2.82
5.42	2.86
5.50	2.89
5.58	2.91
5.67	2.93
5.75	2.95
5.83	2.95
5.92	2.94
6.00	2.93
6.08	2.91
6.17	2.89
6.25	2.86
6.33	2.83
6.42	2.79
6.50	2.75
6.58	2.72
6.67	2.69
6.75	2.68
6.83	2.67
6.92	2.66
7.00	2.65
7.08	2.64
7.17	2.62
7.25	2.59
7.33	2.56
7.42	2.53
7.50	2.50
7.58	2.46
7.67	2.42
7.75	2.38
7.83	2.33
7.92	2.29
8.00	2.24
8.08	NaN
8.17	NaN
8.25	NaN
8.33	NaN
8.42	NaN
8.50	NaN
8.58	NaN
8.67	NaN
8.75	NaN
8.83	NaN
8.92	NaN
9.00	NaN
9.08	2.04
9.17	2.03
9.25	2.02
9.33	2.02
9.42	2.03
9.50	2.05
9.58	2.10
9.67	2.16
9.75	2.24
9.83	2.34
9.92	2.44
10.00	2.56
10.08	2.68
10.17	2.81
10.25	2.95
10.33	3.08
10.42	3.20
10.50	3.32
10.58	3.43
10.67	3.54
10.75	3.64
10.83	3.73
10.92	3.83
11.00	3.93
11.08	4.02
11.17	4.12
11.25	4.21
11.33	4.31
11.42	4.40
11.50	4.49
11.58	4.58
11.67	4.67
11.75	4.75
11.83	4.84
11.92	4.93
12.00	5.03
12.08	5.14
12.17	5.26
12.25	5.38
12.33	5.53
12.42	5.69
12.50	5.86
12.58	6.01
12.67	6.13
12.75	6.27
12.83	6.41
12.92	6.57
13.00	6.75
13.08	6.93
13.17	7.15
13.25	7.37
13.33	7.59
13.42	7.83
13.50	8.07
13.58	8.39
13.67	8.74
13.75	9.09
13.83	9.44
13.92	9.81
14.00	10.18
14.08	10.57
14.17	10.97
14.25	11.37
14.33	11.68
14.42	11.98
14.50	12.27
14.58	12.56
14.67	12.84
14.75	13.11
14.83	13.38
14.92	13.65
15.00	13.91
15.08	14.14
15.17	14.32
15.25	14.51
15.33	14.79
15.42	15.04
15.50	15.22
15.58	15.38
15.67	15.60
15.75	15.93
15.83	16.26
15.92	16.53
16.00	16.78
16.08	17.04
16.17	17.40
16.25	17.73
16.33	17.99
16.42	18.27
16.50	18.56
16.58	18.80
16.67	18.87
16.75	18.83
16.83	18.80
16.92	18.77
17.00	18.75
17.08	18.62
17.17	18.34
17.25	18.09
17.33	17.89
17.42	17.63
17.50	17.37
17.58	17.09
17.67	16.80
17.75	16.46
17.83	16.08
17.92	15.68
18.00	15.27
18.08	14.89
18.17	14.51
18.25	14.07
18.33	13.63
18.42	13.22
18.50	12.83
18.58	12.71
18.67	12.78
18.75	12.87
18.83	12.96
18.92	13.03
19.00	13.09
19.08	13.15
19.17	13.22
19.25	13.29
19.33	13.33
19.42	13.32
19.50	13.23
19.58	12.79
19.67	12.31
19.75	11.86
19.83	11.47
19.92	11.04
20.00	10.61
20.08	10.18
20.17	9.72
20.25	9.25
20.33	8.81
20.42	8.42
20.50	8.05
20.58	7.71
20.67	7.42
20.75	7.09
20.83	6.78
20.92	6.54
21.00	6.34
21.08	6.18
21.17	6.06
21.25	5.98
21.33	5.92
21.42	5.87
21.50	5.83
21.58	5.79
21.67	5.80
21.75	5.82
21.83	5.82
21.92	5.80
22.00	5.77
22.08	5.72
22.17	5.59
22.25	5.44
22.33	5.27
22.42	5.16
22.50	5.10
22.58	5.02
22.67	4.85
22.75	4.66
22.83	4.49
22.92	4.31
23.00	4.13
23.08	3.99
23.17	3.90
23.25	3.82
23.33	3.72
23.42	3.54
23.50	3.35
23.58	3.19
23.67	3.06
23.75	2.95
23.83	2.89
23.92	2.85
0.00	4.38
0.08	4.38
0.17	4.36
0.25	4.34
0.33	4.30
0.42	4.24
0.50	4.18
0.58	4.13
0.67	4.08
0.75	4.04
0.83	4.01
0.92	3.99
1.00	3.97
1.08	3.95
1.17	3.95
1.25	3.97
1.33	3.98
1.42	3.99
1.50	4.00
1.58	4.00
1.67	4.06
1.75	4.13
1.83	4.18
1.92	4.22
2.00	4.26
2.08	4.28
2.17	4.28
2.25	4.26
2.33	4.24
2.42	4.23
2.50	4.21
2.58	4.16
2.67	4.07
2.75	3.98
2.83	3.88
2.92	3.80
3.00	3.77
3.08	3.74
3.17	3.71
3.25	3.69
3.33	3.67
3.42	3.66
3.50	3.64
3.58	3.63
3.67	3.62
3.75	3.61
3.83	3.60
3.92	3.56
4.00	3.49
4.08	3.43
4.17	3.37
4.25	3.32
4.33	3.27
4.42	3.23
4.50	3.18
4.58	3.13
4.67	3.08
4.75	3.06
4.83	3.05
4.92	3.04
5.00	3.04
5.08	3.04
5.17	3.04
5.25	3.04
5.33	3.05
5.42	3.06
5.50	3.08
5.58	3.09
5.67	3.12
5.75	3.12
5.83	3.12
5.92	3.12
6.00	3.12
6.08	3.12
6.17	3.13
6.25	3.13
6.33	3.13
6.42	3.12
6.50	3.11
6.58	3.10
6.67	3.10
6.75	3.09
6.83	3.07
6.92	3.06
7.00	3.04
7.08	3.02
7.17	2.99
7.25	2.96
7.33	2.92
7.42	2.88
7.50	2.83
7.58	2.78
7.67	2.72
7.75	2.65
7.83	2.58
7.92	2.50
8.00	2.42
8.08	2.35
8.17	2.29
8.25	2.23
8.33	2.17
8.42	2.12
8.50	2.07
8.58	2.03
8.67	2.00
8.75	2.00
8.83	2.01
8.92	2.03
9.00	2.05
9.08	2.08
9.17	2.13
9.25	2.19
9.33	2.26
9.42	2.34
9.50	2.43
9.58	2.54
9.67	2.66
9.75	2.77
9.83	2.89
9.92	3.03
10.00	3.16
10.08	3.29
10.17	3.42
10.25	3.56
10.33	3.69
10.42	3.82
10.50	3.99
10.58	4.16
10.67	4.31
10.75	4.47
10.83	4.62
10.92	4.77
11.00	4.92
11.08	5.07
11.17	5.22
11.25	5.37
11.33	5.52
11.42	5.65
11.50	5.74
11.58	5.83
11.67	5.92
11.75	6.00
11.83	6.09
11.92	6.17
12.00	6.27
12.08	6.36
12.17	6.46
12.25	6.56
12.33	6.67
12.42	6.78
12.50	6.90
12.58	7.01
12.67	7.12
12.75	7.25
12.83	7.38
12.92	7.51
13.00	7.66
13.08	7.82
13.17	7.98
13.25	8.16
13.33	8.35
13.42	8.55
13.50	8.78
13.58	9.03
13.67	9.29
13.75	9.56
13.83	9.85
13.92	10.16
14.00	10.47
14.08	10.79
14.17	11.12
14.25	11.38
14.33	11.59
14.42	11.81
14.50	12.03
14.58	12.26
14.67	12.49
14.75	12.72
14.83	12.97
14.92	13.23
15.00	13.50
15.08	13.78
15.17	14.07
15.25	14.45
15.33	14.85
15.42	15.26
15.50	15.66
15.58	16.08
15.67	16.51
15.75	16.92
15.83	17.29
15.92	17.65
16.00	17.98
16.08	18.31
16.17	18.62
16.25	18.89
16.33	19.15
16.42	19.38
16.50	19.57
16.58	19.73
16.67	19.85
16.75	19.97
16.83	20.07
16.92	20.14
17.00	20.15
17.08	20.11
17.17	20.05
17.25	19.94
17.33	19.79
17.42	19.62
17.50	19.45
17.58	19.19
17.67	18.88
17.75	18.53
17.83	18.16
17.92	17.79
18.00	17.40
18.08	16.98
18.17	16.55
18.25	16.02
18.33	15.46
18.42	14.88
18.50	14.47
18.58	14.19
18.67	13.92
18.75	13.64
18.83	13.33
18.92	13.02
19.00	12.73
19.08	12.45
19.17	12.22
19.25	12.09
19.33	11.97
19.42	11.82
19.50	11.49
19.58	11.16
19.67	10.86
19.75	10.64
19.83	10.46
19.92	10.31
20.00	10.18
20.08	10.06
20.17	9.96
20.25	9.88
20.33	9.80
20.42	9.73
20.50	9.66
20.58	9.59
20.67	9.49
20.75	9.36
20.83	9.22
20.92	9.08
21.00	8.95
21.08	8.83
21.17	8.70
21.25	8.58
21.33	8.45
21.42	8.32
21.50	8.20
21.58	8.10
21.67	8.03
21.75	7.97
21.83	7.91
21.92	7.85
22.00	7.78
22.08	7.69
22.17	7.59
22.25	7.50
22.33	7.46
22.42	7.49
22.50	7.52
22.58	7.50
22.67	7.47
22.75	7.44
22.83	7.40
22.92	7.36
23.00	7.33
23.08	7.32
23.17	7.30
23.25	7.28
23.33	7.16
23.42	7.01
23.50	6.87
23.58	6.74
23.67	6.63
23.75	6.55
23.83	6.51
23.92	6.48
0.00	4.95
0.08	4.94
0.17	4.91
0.25	4.87
0.33	4.81
0.42	4.73
0.50	4.64
0.58	4.55
0.67	4.46
0.75	4.37
0.83	4.28
0.92	4.19
1.00	4.11
1.08	4.06
1.17	4.04
1.25	4.02
1.33	4.02
1.42	4.02
1.50	4.01
1.58	4.07
1.67	4.15
1.75	4.23
1.83	4.32
1.92	4.41
2.00	4.49
2.08	4.53
2.17	4.56
2.25	4.58
2.33	4.61
2.42	4.64
2.50	4.65
2.58	4.62
2.67	4.58
2.75	4.54
2.83	4.49
2.92	4.49
3.00	4.48
3.08	4.46
3.17	4.44
3.25	4.42
3.33	4.39
3.42	4.35
3.50	4.31
3.58	4.26
3.67	4.21
3.75	4.16
3.83	4.09
3.92	3.99
4.00	3.89
4.08	3.79
4.17	3.70
4.25	3.60
4.33	3.51
4.42	3.44
4.50	3.37
4.58	3.31
4.67	3.26
4.75	3.22
4.83	3.19
4.92	3.17
5.00	3.17
5.08	3.17
5.17	3.19
5.25	3.20
5.33	3.22
5.42	3.22
5.50	3.22
5.58	3.23
5.67	3.23
5.75	3.22
5.83	3.20
5.92	3.18
6.00	3.16
6.08	3.13
6.17	3.09
6.25	3.05
6.33	3.01
6.42	2.97
6.50	2.93
6.58	2.90
6.67	2.87
6.75	2.84
6.83	2.82
6.92	2.79
7.00	2.77
7.08	2.75
7.17	2.74
7.25	2.73
7.33	2.73
7.42	2.73
7.50	2.73
7.58	2.71
7.67	2.68
7.75	2.66
7.83	2.63
7.92	2.61
8.00	2.58
8.08	2.54
8.17	2.49
8.25	2.45
8.33	2.40
8.42	2.35
8.50	2.30
8.58	2.25
8.67	2.20
8.75	2.16
8.83	2.11
8.92	2.07
9.00	2.04
9.08	2.02
9.17	2.01
9.25	2.01
9.33	2.02
9.42	2.04
9.50	2.09
9.58	2.15
9.67	2.23
9.75	2.32
9.83	2.43
9.92	2.55
10.00	2.68
10.08	2.81
10.17	2.96
10.25	3.11
10.33	3.26
10.42	3.45
10.50	3.65
10.58	3.85
10.67	4.05
10.75	4.25
10.83	4.46
10.92	4.67
11.00	4.89
11.08	5.11
11.17	5.34
11.25	5.57
11.33	5.79
11.42	5.98
11.50	6.16
11.58	6.33
11.67	6.51
11.75	6.67
11.83	6.81
11.92	6.94
12.00	7.06
12.08	7.18
12.17	7.29
12.25	7.39
12.33	7.48
12.42	7.57
12.50	7.65
12.58	7.73
12.67	7.83
12.75	7.95
12.83	8.08
12.92	8.23
13.00	8.40
13.08	8.57
13.17	8.74
13.25	8.90
13.33	9.06
13.42	9.22
13.50	9.37
13.58	9.50
13.67	9.61
13.75	9.69
13.83	9.76
13.92	9.81
14.00	9.85
14.08	9.87
14.17	9.87
14.25	9.82
14.33	9.79
14.42	9.78
14.50	9.79
14.58	9.81
14.67	9.85
14.75	9.90
14.83	9.99
14.92	10.10
15.00	10.23
15.08	10.39
15.17	10.61
15.25	10.85
15.33	11.09
15.42	11.34
15.50	11.61
15.58	11.91
15.67	12.20
15.75	12.50
15.83	12.79
15.92	13.08
16.00	13.37
16.08	13.62
16.17	13.89
16.25	14.16
16.33	14.42
16.42	14.66
16.50	14.87
16.58	15.04
16.67	15.19
16.75	15.33
16.83	15.45
16.92	15.52
17.00	15.57
17.08	15.59
17.17	15.58
17.25	15.54
17.33	15.47
17.42	15.39
17.50	15.28
17.58	15.15
17.67	14.98
17.75	14.79
17.83	14.54
17.92	14.28
18.00	14.02
18.08	13.71
18.17	13.33
18.25	12.91
18.33	12.48
18.42	12.09
18.50	11.76
18.58	11.44
18.67	11.12
18.75	10.81
18.83	10.55
18.92	10.30
19.00	10.09
19.08	9.93
19.17	9.85
19.25	9.81
19.33	9.79
19.42	9.70
19.50	9.63
19.58	9.58
19.67	9.62
19.75	9.71
19.83	9.81
19.92	9.93
20.00	10.07
20.08	10.21
20.17	10.37
20.25	10.52
20.33	10.67
20.42	10.82
20.50	10.94
20.58	11.04
20.67	11.06
20.75	11.05
20.83	11.03
20.92	10.97
21.00	10.89
21.08	10.79
21.17	10.65
21.25	10.47
21.33	10.27
21.42	10.05
21.50	9.80
21.58	9.55
21.67	9.29
21.75	9.01
21.83	8.72
21.92	8.43
22.00	8.11
22.08	7.79
22.17	7.48
22.25	7.23
22.33	7.10
22.42	6.99
22.50	6.88
22.58	6.78
22.67	6.68
22.75	6.60
22.83	6.53
22.92	6.49
23.00	6.47
23.08	6.47
23.17	6.48
23.25	6.40
23.33	6.27
23.42	6.14
23.50	6.01
23.58	5.90
23.67	5.81
23.75	5.75
23.83	5.71
23.92	5.69
0.00	4.68
0.08	4.66
0.17	4.61
0.25	4.53
0.33	4.42
0.42	4.30
0.50	4.15
0.58	4.01
0.67	3.88
0.75	3.75
0.83	3.63
0.92	3.52
1.00	3.42
1.08	3.33
1.17	3.26
1.25	3.19
1.33	3.14
1.42	3.09
1.50	3.11
1.58	3.15
1.67	3.19
1.75	3.25
1.83	3.31
1.92	3.40
2.00	3.47
2.08	3.54
2.17	3.62
2.25	3.69
2.33	3.76
2.42	3.80
2.50	3.80
2.58	3.80
2.67	3.79
2.75	NaN
2.83	NaN
2.92	NaN
3.00	NaN
3.08	NaN
3.17	NaN
3.25	NaN
3.33	NaN
3.42	NaN
3.50	NaN
3.58	NaN
3.67	NaN
3.75	4.13
3.83	4.14
3.92	4.15
4.00	4.16
4.08	4.15
4.17	4.13
4.25	4.13
4.33	4.19
4.42	4.27
4.50	4.33
4.58	4.35
4.67	4.32
4.75	4.26
4.83	4.16
4.92	4.07
5.00	3.97
5.08	3.88
5.17	3.79
5.25	3.68
5.33	3.50
5.42	3.34
5.50	3.19
5.58	3.07
5.67	2.99
5.75	2.93
5.83	2.88
5.92	2.83
6.00	2.78
6.08	2.73
6.17	2.68
6.25	2.63
6.33	2.58
6.42	2.52
6.50	2.46
6.58	2.41
6.67	2.36
6.75	2.30
6.83	2.26
6.92	2.22
7.00	2.19
7.08	2.17
7.17	2.15
7.25	2.14
7.33	2.13
7.42	2.12
7.50	2.11
7.58	2.10
7.67	2.10
7.75	2.09
7.83	2.09
7.92	2.08
8.00	2.07
8.08	2.06
8.17	2.05
8.25	2.03
8.33	2.03
8.42	2.02
8.50	2.00
8.58	1.99
8.67	1.98
8.75	1.98
8.83	1.97
8.92	1.97
9.00	1.97
9.08	1.97
9.17	1.98
9.25	2.01
9.33	2.05
9.42	2.10
9.50	2.19
9.58	2.31
9.67	2.45
9.75	2.61
9.83	2.81
9.92	3.03
10.00	3.27
10.08	3.53
10.17	3.80
10.25	4.08
10.33	4.39
10.42	4.72
10.50	5.05
10.58	5.37
10.67	5.67
10.75	5.97
10.83	6.25
10.92	6.52
11.00	6.79
11.08	7.05
11.17	7.30
11.25	7.54
11.33	7.74
11.42	7.92
11.50	8.09
11.58	8.25
11.67	8.41
11.75	8.57
11.83	8.72
11.92	8.86
12.00	9.01
12.08	9.16
12.17	9.30
12.25	9.44
12.33	9.58
12.42	9.67
12.50	9.75
12.58	9.83
12.67	9.90
12.75	9.99
12.83	10.08
12.92	10.20
13.00	10.32
13.08	10.45
13.17	10.59
13.25	10.73
13.33	10.90
13.42	11.11
13.50	11.33
13.58	11.53
13.67	11.73
13.75	11.91
13.83	12.07
13.92	12.21
14.00	12.32
14.08	12.38
14.17	12.36
14.25	12.33
14.33	12.28
14.42	12.23
14.50	12.18
14.58	12.14
14.67	12.09
14.75	12.03
14.83	11.98
14.92	11.95
15.00	11.95
15.08	12.03
15.17	12.17
15.25	12.32
15.33	12.48
15.42	12.63
15.50	12.83
15.58	13.08
15.67	13.31
15.75	13.52
15.83	13.70
15.92	13.87
16.00	14.01
16.08	14.11
16.17	14.15
16.25	14.17
16.33	14.27
16.42	14.33
16.50	14.26
16.58	14.22
16.67	14.21
16.75	14.23
16.83	14.22
16.92	14.21
17.00	14.22
17.08	14.25
17.17	14.31
17.25	14.32
17.33	14.25
17.42	14.21
17.50	14.17
17.58	14.07
17.67	13.91
17.75	13.74
17.83	13.59
17.92	13.38
18.00	13.16
18.08	12.90
18.17	12.59
18.25	12.26
18.33	11.99
18.42	11.85
18.50	11.71
18.58	11.59
18.67	11.46
18.75	11.34
18.83	11.21
18.92	11.09
19.00	10.96
19.08	10.88
19.17	10.81
19.25	10.77
19.33	10.62
19.42	10.38
19.50	10.16
19.58	10.01
19.67	9.91
19.75	9.82
19.83	9.75
19.92	9.70
20.00	9.65
20.08	9.61
20.17	9.58
20.25	9.54
20.33	9.52
20.42	9.51
20.50	9.50
20.58	9.43
20.67	9.36
20.75	9.29
20.83	9.22
20.92	9.16
21.00	9.11
21.08	9.05
21.17	8.99
21.25	8.92
21.33	8.85
21.42	8.78
21.50	8.74
21.58	8.69
21.67	8.63
21.75	8.56
21.83	8.47
21.92	8.35
22.00	8.19
22.08	8.01
22.17	7.85
22.25	7.83
22.33	7.84
22.42	7.80
22.50	7.74
22.58	7.67
22.67	7.60
22.75	7.54
22.83	7.48
22.92	7.47
23.00	7.47
23.08	7.49
23.17	7.42
23.25	7.25
23.33	7.08
23.42	6.91
23.50	6.75
23.58	6.61
23.67	6.49
23.75	6.41
23.83	6.35
23.92	6.32
0.00	4.43
0.08	4.40
0.17	4.34
0.25	4.25
0.33	4.13
0.42	4.00
0.50	3.85
0.58	3.70
0.67	3.55
0.75	3.42
0.83	3.30
0.92	3.23
1.00	3.21
1.08	3.20
1.17	3.21
1.25	3.23
1.33	3.26
1.42	3.36
1.50	3.52
1.58	3.67
1.67	3.82
1.75	3.96
1.83	4.09
1.92	4.15
2.00	4.19
2.08	4.23
2.17	4.26
2.25	4.28
2.33	4.29
2.42	4.20
2.50	4.09
2.58	3.98
2.67	3.87
2.75	3.79
2.83	3.76
2.92	3.73
3.00	3.69
3.08	3.65
3.17	3.60
3.25	3.55
3.33	3.50
3.42	3.45
3.50	3.40
3.58	3.37
3.67	3.33
3.75	3.25
3.83	3.16
3.92	3.07
4.00	2.99
4.08	2.92
4.17	2.85
4.25	2.81
4.33	2.78
4.42	2.77
4.50	2.76
4.58	2.76
4.67	2.77
4.75	2.78
4.83	2.79
4.92	2.82
5.00	2.85
5.08	2.89
5.17	2.93
5.25	2.97
5.33	3.00
5.42	3.03
5.50	3.06
5.58	3.07
5.67	3.08
5.75	3.07
5.83	3.04
5.92	3.01
6.00	2.96
6.08	2.90
6.17	2.84
6.25	2.77
6.33	2.70
6.42	2.63
6.50	2.58
6.58	2.53
6.67	2.49
6.75	2.46
6.83	2.43
6.92	2.41
7.00	2.40
7.08	2.39
7.17	2.38
7.25	2.37
7.33	2.36
7.42	2.33
7.50	2.31
7.58	2.27
7.67	2.24
7.75	2.21
7.83	2.17
7.92	2.14
8.00	2.11
8.08	2.08
8.17	2.05
8.25	2.02
8.33	2.00
8.42	1.98
8.50	1.96
8.58	1.96
8.67	1.95
8.75	1.95
8.83	1.94
8.92	1.94
9.00	1.95
9.08	1.96
9.17	1.98
9.25	2.02
9.33	2.08
9.42	2.17
9.50	2.28
9.58	2.43
9.67	2.62
9.75	2.84
9.83	3.10
9.92	3.38
10.00	3.68
10.08	3.99
10.17	4.30
10.25	4.60
10.33	4.90
10.42	5.17
10.50	5.43
10.58	5.66
10.67	5.89
10.75	6.10
10.83	6.30
10.92	6.49
11.00	6.69
11.08	6.89
11.17	7.10
11.25	7.32
11.33	7.55
11.42	7.77
11.50	8.02
11.58	8.25
11.67	8.47
11.75	8.69
11.83	8.88
11.92	9.05
12.00	9.21
12.08	9.37
12.17	9.52
12.25	9.67
12.33	9.80
12.42	9.90
12.50	10.01
12.58	10.14
12.67	10.28
12.75	10.44
12.83	10.62
12.92	10.81
13.00	11.00
13.08	11.19
13.17	11.40
13.25	11.60
13.33	11.82
13.42	12.04
13.50	12.25
13.58	12.45
13.67	12.64
13.75	12.83
13.83	13.03
13.92	13.22
14.00	13.40
14.08	13.53
14.17	13.66
14.25	13.79
14.33	13.91
14.42	14.04
14.50	14.19
14.58	14.35
14.67	14.52
14.75	14.71
14.83	14.91
14.92	15.11
15.00	15.35
15.08	15.63
15.17	15.94
15.25	16.27
15.33	16.63
15.42	17.06
15.50	17.57
15.58	18.07
15.67	18.55
15.75	19.01
15.83	19.46
15.92	19.97
16.00	20.48
16.08	20.92
16.17	21.30
16.25	21.64
16.33	21.93
16.42	22.01
16.50	21.99
16.58	21.96
16.67	21.88
16.75	21.74
16.83	21.52
16.92	21.24
17.00	20.90
17.08	20.57
17.17	20.24
17.25	19.85
17.33	19.46
17.42	19.11
17.50	18.76
17.58	18.36
17.67	17.94
17.75	17.54
17.83	17.09
17.92	16.61
18.00	16.15
18.08	15.64
18.17	15.12
18.25	14.64
18.33	14.33
18.42	14.03
18.50	13.75
18.58	13.51
18.67	13.30
18.75	13.12
18.83	12.95
18.92	12.84
19.00	12.77
19.08	12.73
19.17	12.73
19.25	12.66
19.33	12.47
19.42	12.30
19.50	12.17
19.58	12.11
19.67	12.04
19.75	11.98
19.83	11.93
19.92	11.85
20.00	11.77
20.08	11.67
20.17	11.56
20.25	11.43
20.33	11.30
20.42	11.16
20.50	10.96
20.58	10.73
20.67	10.50
20.75	10.28
20.83	10.06
20.92	9.86
21.00	9.67
21.08	9.49
21.17	9.31
21.25	9.13
21.33	8.98
21.42	8.90
21.50	8.82
21.58	8.74
21.67	8.69
21.75	8.63
21.83	8.56
21.92	8.46
22.00	8.36
22.08	8.28
22.17	8.36
22.25	8.48
22.33	8.56
22.42	8.61
22.50	8.66
22.58	8.71
22.67	8.74
22.75	8.76
22.83	8.81
22.92	8.86
23.00	8.89
23.08	8.86
23.17	8.67
23.25	8.49
23.33	8.29
23.42	8.07
23.50	7.85
23.58	7.66
23.67	7.50
23.75	7.38
23.83	7.29
23.92	7.25
0.00	5.12
0.08	5.09
0.17	5.03
0.25	4.95
0.33	4.85
0.42	4.72
0.50	4.58
0.58	4.45
0.67	4.34
0.75	4.24
0.83	4.19
0.92	4.21
1.00	4.25
1.08	4.30
1.17	4.35
1.25	4.39
1.33	4.47
1.42	4.59
1.50	4.71
1.58	4.82
1.67	4.92
1.75	5.02
1.83	5.07
1.92	5.09
2.00	5.10
2.08	5.09
2.17	5.09
2.25	5.10
2.33	5.04
2.42	4.95
2.50	4.85
2.58	4.76
2.67	4.69
2.75	4.65
2.83	4.60
2.92	4.54
3.00	4.48
3.08	4.42
3.17	4.34
3.25	4.26
3.33	4.17
3.42	4.08
3.50	4.00
3.58	3.91
3.67	3.77
3.75	3.62
3.83	3.46
3.92	3.31
4.00	3.17
4.08	3.05
4.17	2.94
4.25	2.86
4.33	2.79
4.42	2.72
4.50	2.66
4.58	2.61
4.67	2.57
4.75	2.54
4.83	2.51
4.92	2.50
5.00	2.49
5.08	2.49
5.17	2.47
5.25	2.46
5.33	2.46
5.42	2.46
5.50	2.47
5.58	2.48
5.67	2.49
5.75	2.50
5.83	2.51
5.92	2.52
6.00	2.53
6.08	2.53
6.17	2.53
6.25	2.51
6.33	2.51
6.42	2.52
6.50	2.53
6.58	2.53
6.67	2.54
6.75	2.54
6.83	2.53
6.92	2.52
7.00	2.50
7.08	2.50
7.17	2.49
7.25	2.49
7.33	2.48
7.42	2.45
7.50	2.42
7.58	2.39
7.67	2.36
7.75	2.34
7.83	2.33
7.92	2.33
8.00	2.32
8.08	2.30
8.17	2.29
8.25	2.27
8.33	2.25
8.42	2.23
8.50	2.21
8.58	2.18
8.67	2.15
8.75	2.11
8.83	2.08
8.92	2.05
9.00	2.03
9.08	2.00
9.17	1.99
9.25	2.00
9.33	2.02
9.42	2.08
9.50	2.16
9.58	2.28
9.67	2.43
9.75	2.60
9.83	2.80
9.92	3.02
10.00	3.26
10.08	3.52
10.17	3.79
10.25	4.10
10.33	4.40
10.42	4.70
10.50	4.99
10.58	5.26
10.67	5.53
10.75	5.78
10.83	6.02
10.92	6.24
11.00	6.45
11.08	6.66
11.17	6.83
11.25	6.99
11.33	7.13
11.42	7.29
11.50	7.44
11.58	7.59
11.67	7.75
11.75	7.92
11.83	8.09
11.92	8.29
12.00	8.49
12.08	8.72
12.17	8.95
12.25	9.16
12.33	9.35
12.42	9.54
12.50	9.74
12.58	9.95
12.67	10.14
12.75	10.34
12.83	10.53
12.92	10.72
13.00	10.90
13.08	11.06
13.17	11.23
13.25	11.42
13.33	11.62
13.42	11.80
13.50	11.96
13.58	12.12
13.67	12.28
13.75	12.44
13.83	12.60
13.92	12.76
14.00	12.88
14.08	13.00
14.17	13.12
14.25	13.25
14.33	13.40
14.42	13.57
14.50	13.76
14.58	13.96
14.67	14.17
14.75	14.39
14.83	14.61
14.92	14.85
15.00	15.15
15.08	15.46
15.17	15.77
15.25	16.09
15.33	16.43
15.42	16.78
15.50	17.11
15.58	17.44
15.67	17.77
15.75	18.07
15.83	18.33
15.92	18.57
16.00	18.80
16.08	19.00
16.17	19.16
16.25	19.29
16.33	19.38
16.42	19.46
16.50	19.52
16.58	19.56
16.67	19.58
16.75	19.59
16.83	19.61
16.92	19.63
17.00	19.63
17.08	19.63
17.17	19.59
17.25	19.54
17.33	19.45
17.42	19.34
17.50	19.19
17.58	18.98
17.67	18.76
17.75	18.52
17.83	18.25
17.92	17.94
18.00	17.55
18.08	17.15
18.17	16.74
18.25	16.48
18.33	16.26
18.42	16.05
18.50	15.88
18.58	15.74
18.67	15.60
18.75	15.44
18.83	15.28
18.92	15.14
19.00	15.02
19.08	14.89
19.17	14.70
19.25	14.34
19.33	13.95
19.42	13.57
19.50	13.25
19.58	12.91
19.67	12.56
19.75	12.21
19.83	11.88
19.92	11.57
20.00	11.28
20.08	11.02
20.17	10.80
20.25	10.60
20.33	10.43
20.42	10.19
20.50	9.95
20.58	9.75
20.67	9.53
20.75	9.35
20.83	9.17
20.92	8.99
21.00	8.84
21.08	NaN
21.17	NaN
21.25	NaN
21.33	NaN
21.42	NaN
21.50	NaN
21.58	NaN
21.67	NaN
21.75	NaN
21.83	NaN
21.92	NaN
22.00	NaN
22.08	6.53
22.17	6.52
22.25	6.50
22.33	6.44
22.42	6.41
22.50	6.39
22.58	6.38
22.67	6.39
22.75	6.41
22.83	6.45
22.92	6.49
23.00	6.50
23.08	6.39
23.17	6.26
23.25	6.13
23.33	5.99
23.42	5.85
23.50	5.71
23.58	5.59
23.67	5.48
23.75	5.40
23.83	5.35
23.92	5.32
0.00	4.23
0.08	4.22
0.17	4.19
0.25	4.14
0.33	4.09
0.42	4.03
0.50	3.95
0.58	3.88
0.67	3.81
0.75	3.75
0.83	3.68
0.92	3.61
1.00	3.55
1.08	3.49
1.17	3.44
1.25	3.41
1.33	3.41
1.42	3.42
1.50	3.43
1.58	3.43
1.67	3.44
1.75	3.44
1.83	3.46
1.92	3.48
2.00	3.49
2.08	3.50
2.17	3.51
2.25	3.48
2.33	3.43
2.42	3.38
2.50	3.33
2.58	3.29
2.67	3.28
2.75	3.26
2.83	3.24
2.92	3.21
3.00	3.19
3.08	3.16
3.17	3.14
3.25	3.12
3.33	3.11
3.42	3.09
3.50	3.08
3.58	3.05
3.67	3.02
3.75	2.98
3.83	2.96
3.92	2.96
4.00	2.95
4.08	2.96
4.17	2.97
4.25	2.97
4.33	2.97
4.42	2.98
4.50	2.99
4.58	3.00
4.67	3.01
4.75	3.03
4.83	3.04
4.92	3.05
5.00	3.05
5.08	3.04
5.17	3.03
5.25	3.03
5.33	3.03
5.42	3.03
5.50	3.03
5.58	3.02
5.67	3.02
5.75	3.03
5.83	3.04
5.92	3.07
6.00	3.12
6.08	3.17
6.17	3.22
6.25	3.28
6.33	3.36
6.42	3.44
6.50	3.52
6.58	3.59
6.67	3.64
6.75	3.66
6.83	3.61
6.92	3.55
7.00	3.48
7.08	3.39
7.17	3.30
7.25	3.18
7.33	3.04
7.42	2.90
7.50	2.76
7.58	2.62
7.67	2.49
7.75	2.41
7.83	2.34
7.92	2.27
8.00	2.22
8.08	2.16
8.17	2.11
8.25	2.07
8.33	2.02
8.42	2.01
8.50	2.00
8.58	1.99
8.67	1.99
8.75	1.99
8.83	1.99
8.92	2.00
9.00	2.01
9.08	2.03
9.17	2.05
9.25	2.10
9.33	2.16
9.42	2.22
9.50	2.31
9.58	2.42
9.67	2.56
9.75	2.72
9.83	2.90
9.92	3.11
10.00	3.34
10.08	3.58
10.17	3.86
10.25	4.15
10.33	4.43
10.42	4.72
10.50	5.00
10.58	5.28
10.67	5.56
10.75	5.83
10.83	6.11
10.92	6.38
11.00	6.65
11.08	6.91
11.17	7.15
11.25	7.39
11.33	7.65
11.42	7.91
11.50	8.17
11.58	8.45
11.67	8.74
11.75	9.04
11.83	9.36
11.92	9.70
12.00	10.07
12.08	10.45
12.17	10.82
12.25	11.12
12.33	11.43
12.42	11.76
12.50	12.12
12.58	12.50
12.67	12.88
12.75	13.28
12.83	13.69
12.92	14.11
13.00	14.54
13.08	14.98
13.17	15.49
13.25	16.05
13.33	16.58
13.42	17.09
13.50	17.59
13.58	18.09
13.67	18.57
13.75	19.03
13.83	19.47
13.92	19.73
14.00	19.83
14.08	19.89
14.17	19.95
14.25	20.00
14.33	20.03
14.42	20.02
14.50	19.98
14.58	19.91
14.67	19.80
14.75	19.63
14.83	19.47
14.92	19.49
15.00	19.57
15.08	19.65
15.17	19.70
15.25	19.82
15.33	20.43
15.42	21.15
15.50	21.84
15.58	22.53
15.67	23.23
15.75	24.34
15.83	25.70
15.92	27.01
16.00	28.28
16.08	29.48
16.17	30.59
16.25	31.38
16.33	31.78
16.42	32.13
16.50	32.38
16.58	32.58
16.67	32.67
16.75	32.26
16.83	31.71
16.92	31.11
17.00	30.49
17.08	29.91
17.17	29.34
17.25	28.77
17.33	28.16
17.42	27.60
17.50	27.13
17.58	26.68
17.67	26.18
17.75	25.69
17.83	25.25
17.92	24.70
18.00	24.14
18.08	23.62
18.17	23.37
18.25	23.28
18.33	23.20
18.42	23.07
18.50	22.88
18.58	22.66
18.67	22.42
18.75	22.09
18.83	21.76
18.92	21.46
19.00	21.10
19.08	20.62
19.17	19.76
19.25	18.81
19.33	17.85
19.42	17.01
19.50	16.19
19.58	15.41
19.67	14.68
19.75	14.02
19.83	13.44
19.92	12.94
20.00	12.50
20.08	12.14
20.17	11.85
20.25	11.63
20.33	11.39
20.42	11.12
20.50	10.90
20.58	10.71
20.67	10.55
20.75	10.42
20.83	10.30
20.92	10.20
21.00	10.11
21.08	10.01
21.17	9.90
21.25	9.87
21.33	9.89
21.42	9.89
21.50	9.87
21.58	9.83
21.67	9.77
21.75	9.59
21.83	9.39
21.92	9.17
22.00	9.02
22.08	8.98
22.17	8.93
22.25	8.76
22.33	8.58
22.42	8.40
22.50	8.20
22.58	8.00
22.67	7.84
22.75	7.74
22.83	7.63
22.92	7.51
23.00	7.25
23.08	6.95
23.17	6.65
23.25	6.37
23.33	6.10
23.42	5.85
23.50	5.62
23.58	5.42
23.67	5.26
23.75	5.15
23.83	5.07
23.92	5.03
0.00	4.85
0.08	4.83
0.17	4.79
0.25	4.73
0.33	4.66
0.42	4.57
0.50	4.46
0.58	4.36
0.67	4.27
0.75	4.16
0.83	4.06
0.92	3.97
1.00	3.89
1.08	3.81
1.17	3.75
1.25	3.72
1.33	3.70
1.42	3.69
1.50	3.67
1.58	3.65
1.67	3.64
1.75	3.65
1.83	3.65
1.92	3.64
2.00	3.64
2.08	3.62
2.17	3.59
2.25	3.55
2.33	3.49
2.42	3.44
2.50	3.39
2.58	3.35
2.67	3.32
2.75	3.28
2.83	3.25
2.92	3.22
3.00	3.20
3.08	3.18
3.17	3.17
3.25	3.15
3.33	3.14
3.42	3.14
3.50	3.12
3.58	3.10
3.67	3.09
3.75	3.08
3.83	3.06
3.92	3.05
4.00	3.03
4.08	3.02
4.17	3.01
4.25	3.01
4.33	3.00
4.42	2.98
4.50	2.96
4.58	2.95
4.67	2.93
4.75	2.92
4.83	2.91
4.92	2.89
5.00	2.87
5.08	2.84
5.17	2.81
5.25	2.78
5.33	2.77
5.42	2.75
5.50	2.74
5.58	2.72
5.67	2.70
5.75	2.68
5.83	2.65
5.92	2.63
6.00	2.60
6.08	2.57
6.17	2.53
6.25	2.50
6.33	2.47
6.42	2.45
6.50	2.44
6.58	2.43
6.67	2.43
6.75	2.42
6.83	2.41
6.92	2.42
7.00	2.42
7.08	2.43
7.17	2.44
7.25	2.44
7.33	2.42
7.42	2.40
7.50	2.37
7.58	2.33
7.67	2.31
7.75	2.29
7.83	2.26
7.92	2.23
8.00	2.21
8.08	2.18
8.17	2.16
8.25	2.14
8.33	2.12
8.42	2.11
8.50	2.09
8.58	2.08
8.67	2.05
8.75	2.03
8.83	2.01
8.92	1.99
9.00	1.98
9.08	1.97
9.17	1.98
9.25	2.01
9.33	2.08
9.42	2.17
9.50	2.30
9.58	2.46
9.67	2.67
9.75	2.93
9.83	3.22
9.92	3.54
10.00	3.90
10.08	4.27
10.17	4.66
10.25	5.07
10.33	5.49
10.42	5.91
10.50	6.33
10.58	6.74
10.67	7.15
10.75	7.56
10.83	7.96
10.92	8.35
11.00	8.73
11.08	9.13
11.17	9.51
11.25	9.89
11.33	10.25
11.42	10.61
11.50	10.94
11.58	11.27
11.67	11.60
11.75	11.92
11.83	12.25
11.92	12.57
12.00	12.89
12.08	13.22
12.17	13.54
12.25	13.87
12.33	14.23
12.42	14.60
12.50	15.00
12.58	15.41
12.67	15.83
12.75	16.26
12.83	16.68
12.92	17.13
13.00	17.58
13.08	18.05
13.17	18.53
13.25	19.00
13.33	19.46
13.42	19.92
13.50	20.38
13.58	20.84
13.67	21.32
13.75	21.81
13.83	22.23
13.92	22.56
14.00	22.86
14.08	23.13
14.17	23.37
14.25	23.59
14.33	23.82
14.42	24.04
14.50	24.25
14.58	24.43
14.67	24.55
14.75	24.62
14.83	24.73
14.92	24.82
15.00	24.89
15.08	24.97
15.17	25.09
15.25	25.35
15.33	25.58
15.42	25.80
15.50	25.98
15.58	26.13
15.67	26.38
15.75	26.79
15.83	27.22
15.92	27.67
16.00	28.09
16.08	28.50
16.17	28.81
16.25	28.99
16.33	29.11
16.42	29.17
16.50	29.23
16.58	29.26
16.67	29.12
16.75	28.86
16.83	28.55
16.92	28.21
17.00	27.83
17.08	27.36
17.17	26.87
17.25	26.42
17.33	25.93
17.42	25.38
17.50	24.82
17.58	24.25
17.67	23.67
17.75	23.04
17.83	22.26
17.92	21.45
18.00	20.65
18.08	19.98
18.17	19.44
18.25	18.83
18.33	18.27
18.42	17.68
18.50	17.06
18.58	16.42
18.67	15.79
18.75	15.27
18.83	14.85
18.92	14.45
19.00	14.07
19.08	13.47
19.17	12.86
19.25	12.32
19.33	11.94
19.42	11.62
19.50	11.35
19.58	11.14
19.67	10.98
19.75	10.85
19.83	10.75
19.92	10.67
20.00	10.62
20.08	10.59
20.17	10.55
20.25	10.46
20.33	10.31
20.42	10.16
20.50	9.99
20.58	9.80
20.67	9.61
20.75	9.40
20.83	9.19
20.92	8.97
21.00	8.73
21.08	8.48
21.17	8.25
21.25	8.05
21.33	7.85
21.42	7.65
21.50	7.46
21.58	7.27
21.67	7.10
21.75	6.95
21.83	6.81
21.92	6.71
22.00	6.73
22.08	6.78
22.17	6.82
22.25	6.86
22.33	6.91
22.42	6.97
22.50	7.04
22.58	7.12
22.67	7.20
22.75	7.28
22.83	7.36
22.92	7.36
23.00	7.29
23.08	7.22
23.17	7.14
23.25	7.06
23.33	6.97
23.42	6.88
23.50	6.77
23.58	6.68
23.67	6.60
23.75	6.54
23.83	6.50
23.92	6.48
0.00	3.65
0.08	3.64
0.17	3.63
0.25	3.62
0.33	3.60
0.42	3.57
0.50	3.54
0.58	3.51
0.67	3.47
0.75	3.41
0.83	3.36
0.92	3.31
1.00	3.26
1.08	3.22
1.17	3.23
1.25	3.24
1.33	3.26
1.42	3.28
1.50	3.30
1.58	3.31
1.67	3.35
1.75	3.37
1.83	3.40
1.92	3.43
2.00	3.46
2.08	3.46
2.17	3.42
2.25	3.37
2.33	3.33
2.42	3.28
2.50	3.27
2.58	3.26
2.67	3.26
2.75	3.26
2.83	3.25
2.92	3.25
3.00	3.24
3.08	3.23
3.17	3.21
3.25	3.18
3.33	3.15
3.42	3.11
3.50	3.05
3.58	2.98
3.67	2.91
3.75	2.84
3.83	2.78
3.92	2.72
4.00	2.67
4.08	2.63
4.17	2.59
4.25	2.56
4.33	2.53
4.42	2.52
4.50	2.51
4.58	2.50
4.67	2.50
4.75	2.50
4.83	2.50
4.92	2.50
5.00	2.50
5.08	2.51
5.17	2.51
5.25	2.52
5.33	2.52
5.42	2.52
5.50	2.52
5.58	2.52
5.67	2.53
5.75	2.53
5.83	2.53
5.92	2.53
6.00	2.52
6.08	2.52
6.17	2.51
6.25	2.51
6.33	2.50
6.42	2.50
6.50	2.49
6.58	2.49
6.67	2.49
6.75	2.49
6.83	2.51
6.92	2.52
7.00	2.54
7.08	2.56
7.17	2.58
7.25	2.60
7.33	2.62
7.42	2.63
7.50	2.64
7.58	2.65
7.67	2.66
7.75	2.66
7.83	2.65
7.92	2.64
8.00	2.63
8.08	2.62
8.17	2.60
8.25	2.58
8.33	2.55
8.42	2.52
8.50	2.50
8.58	NaN
8.67	NaN
8.75	NaN
8.83	NaN
8.92	NaN
9.00	NaN
9.08	NaN
9.17	NaN
9.25	NaN
9.33	NaN
9.42	NaN
9.50	2.44
9.58	2.57
9.67	2.75
9.75	2.96
9.83	3.20
9.92	3.46
10.00	3.74
10.08	4.05
10.17	4.36
10.25	4.68
10.33	5.01
10.42	5.33
10.50	5.64
10.58	5.94
10.67	6.22
10.75	6.50
10.83	6.77
10.92	7.02
11.00	7.27
11.08	7.51
11.17	7.76
11.25	7.99
11.33	8.23
11.42	8.47
11.50	8.71
11.58	8.97
11.67	9.24
11.75	9.52
11.83	9.83
11.92	10.15
12.00	10.49
12.08	10.82
12.17	11.15
12.25	11.49
12.33	11.84
12.42	12.19
12.50	12.55
12.58	12.93
12.67	13.31
12.75	13.69
12.83	14.07
12.92	14.45
13.00	14.83
13.08	15.22
13.17	15.59
13.25	15.95
13.33	16.29
13.42	16.59
13.50	16.86
13.58	17.10
13.67	17.28
13.75	17.43
13.83	17.54
13.92	17.64
14.00	17.70
14.08	17.72
14.17	17.71
14.25	17.70
14.33	17.70
14.42	17.69
14.50	17.69
14.58	17.74
14.67	17.83
14.75	17.98
14.83	18.14
14.92	18.28
15.00	18.45
15.08	18.65
15.17	18.83
15.25	18.98
15.33	19.14
15.42	19.29
15.50	19.44
15.58	19.52
15.67	19.48
15.75	19.42
15.83	19.38
15.92	19.31
16.00	19.25
16.08	19.17
16.17	19.14
16.25	19.11
16.33	19.05
16.42	18.96
16.50	18.88
16.58	18.85
16.67	NaN
16.75	NaN
16.83	NaN
16.92	NaN
17.00	NaN
17.08	NaN
17.17	NaN
17.25	NaN
17.33	NaN
17.42	NaN
17.50	NaN
17.58	17.26
17.67	17.09
17.75	16.75
17.83	16.39
17.92	16.04
18.00	15.74
18.08	15.58
18.17	15.45
18.25	15.33
18.33	15.20
18.42	15.06
18.50	14.92
18.58	14.79
18.67	14.65
18.75	14.54
18.83	14.43
18.92	14.30
19.00	14.05
19.08	13.69
19.17	13.34
19.25	13.05
19.33	12.79
19.42	12.55
19.50	12.32
19.58	12.10
19.67	11.90
19.75	11.73
19.83	11.57
19.92	11.42
20.00	11.28
20.08	11.16
20.17	11.04
20.25	10.85
20.33	10.68
20.42	10.52
20.50	10.37
20.58	10.22
20.67	10.06
20.75	9.91
20.83	9.76
20.92	9.61
21.00	9.45
21.08	9.30
21.17	9.19
21.25	9.08
21.33	8.96
21.42	8.83
21.50	8.69
21.58	8.54
21.67	8.38
21.75	8.22
21.83	8.08
21.92	8.09
22.00	8.13
22.08	8.13
22.17	8.11
22.25	8.09
22.33	8.08
22.42	8.09
22.50	8.10
22.58	8.13
22.67	8.17
22.75	8.21
22.83	8.17
22.92	8.02
23.00	7.87
23.08	7.71
23.17	7.55
23.25	7.39
23.33	7.22
23.42	7.04
23.50	6.87
23.58	6.71
23.67	6.57
23.75	6.46
23.83	6.39
23.92	6.35
0.00	4.70
0.08	4.69
0.17	4.65
0.25	4.60
0.33	4.53
0.42	4.44
0.50	4.33
0.58	4.21
0.67	4.07
0.75	3.95
0.83	3.85
0.92	3.76
1.00	3.68
1.08	3.63
1.17	3.59
1.25	3.55
1.33	3.53
1.42	3.51
1.50	3.51
1.58	3.55
1.67	3.59
1.75	3.64
1.83	3.68
1.92	3.72
2.00	3.75
2.08	3.76
2.17	3.77
2.25	3.78
2.33	3.79
2.42	3.79
2.50	3.79
2.58	3.79
2.67	3.79
2.75	3.78
2.83	3.78
2.92	3.77
3.00	3.77
3.08	3.76
3.17	3.75
3.25	3.74
3.33	3.72
3.42	3.70
3.50	3.68
3.58	3.65
3.67	3.62
3.75	3.58
3.83	3.53
3.92	3.49
4.00	3.45
4.08	3.40
4.17	3.34
4.25	3.30
4.33	3.26
4.42	3.22
4.50	3.19
4.58	3.16
4.67	3.13
4.75	3.11
4.83	3.10
4.92	3.08
5.00	3.06
5.08	3.06
5.17	3.05
5.25	3.04
5.33	3.04
5.42	3.04
5.50	3.04
5.58	3.04
5.67	3.03
5.75	3.02
5.83	3.00
5.92	2.98
6.00	2.95
6.08	2.91
6.17	2.87
6.25	2.83
6.33	2.78
6.42	2.73
6.50	2.68
6.58	2.63
6.67	2.58
6.75	2.53
6.83	2.50
6.92	2.47
7.00	2.45
7.08	2.43
7.17	2.41
7.25	2.40
7.33	2.38
7.42	2.36
7.50	2.35
7.58	2.35
7.67	2.34
7.75	2.33
7.83	2.31
7.92	2.29
8.00	2.27
8.08	2.24
8.17	2.22
8.25	2.19
8.33	2.16
8.42	2.13
8.50	NaN
8.58	NaN
8.67	NaN
8.75	NaN
8.83	NaN
8.92	NaN
9.00	NaN
9.08	NaN
9.17	NaN
9.25	NaN
9.33	NaN
9.42	2.16
9.50	2.24
9.58	2.39
9.67	2.57
9.75	2.77
9.83	2.98
9.92	3.21
10.00	3.49
10.08	3.76
10.17	4.04
10.25	4.30
10.33	4.55
10.42	4.78
10.50	5.00
10.58	5.20
10.67	5.40
10.75	5.59
10.83	5.78
10.92	5.94
11.00	6.09
11.08	6.23
11.17	6.39
11.25	6.54
11.33	6.69
11.42	6.84
11.50	7.00
11.58	7.17
11.67	7.34
11.75	7.52
11.83	7.72
11.92	7.93
12.00	8.13
12.08	8.33
12.17	8.56
12.25	8.80
12.33	9.05
12.42	9.33
12.50	9.61
12.58	9.92
12.67	10.25
12.75	10.60
12.83	10.96
12.92	11.33
13.00	11.74
13.08	12.16
13.17	12.59
13.25	13.04
13.33	13.50
13.42	13.97
13.50	14.45
13.58	14.94
13.67	15.42
13.75	15.90
13.83	16.39
13.92	16.88
14.00	17.35
14.08	17.83
14.17	18.30
14.25	18.76
14.33	19.21
14.42	19.64
14.50	20.06
14.58	20.46
14.67	20.84
14.75	21.19
14.83	21.52
14.92	21.83
15.00	22.12
15.08	22.40
15.17	22.67
15.25	22.94
15.33	23.21
15.42	23.46
15.50	23.71
15.58	23.97
15.67	24.25
15.75	24.52
15.83	24.75
15.92	24.93
16.00	25.08
16.08	25.19
16.17	25.27
16.25	25.30
16.33	25.31
16.42	25.31
16.50	25.27
16.58	25.22
16.67	25.13
16.75	25.02
16.83	24.92
16.92	24.82
17.00	24.71
17.08	24.61
17.17	24.53
17.25	24.43
17.33	24.25
17.42	24.01
17.50	23.71
17.58	23.36
17.67	22.97
17.75	22.48
17.83	21.93
17.92	21.36
18.00	20.91
18.08	20.41
18.17	19.85
18.25	19.25
18.33	18.62
18.42	17.96
18.50	17.28
18.58	16.58
18.67	15.92
18.75	15.30
18.83	14.72
18.92	14.06
19.00	13.30
19.08	12.58
19.17	11.97
19.25	11.45
19.33	11.01
19.42	10.63
19.50	10.30
19.58	10.02
19.67	9.78
19.75	9.59
19.83	9.44
19.92	9.31
20.00	9.20
20.08	9.09
20.17	8.93
20.25	8.77
20.33	8.62
20.42	8.47
20.50	8.33
20.58	8.19
20.67	8.04
20.75	7.89
20.83	7.74
20.92	7.57
21.00	7.42
21.08	7.30
21.17	7.19
21.25	7.07
21.33	6.95
21.42	6.84
21.50	6.72
21.58	6.60
21.67	6.50
21.75	6.41
21.83	6.48
21.92	6.57
22.00	6.64
22.08	6.70
22.17	6.76
22.25	6.83
22.33	6.90
22.42	6.97
22.50	7.05
22.58	7.12
22.67	7.19
22.75	7.18
22.83	7.06
22.92	6.94
23.00	6.79
23.08	6.64
23.17	6.48
23.25	6.32
23.33	6.15
23.42	5.98
23.50	5.81
23.58	5.66
23.67	5.53
23.75	5.43
23.83	5.37
23.92	5.33
0.00	3.87
0.08	3.87
0.17	3.84
0.25	3.81
0.33	3.76
0.42	3.70
0.50	3.63
0.58	3.56
0.67	3.51
0.75	3.45
0.83	3.39
0.92	3.34
1.00	3.31
1.08	3.30
1.17	3.30
1.25	3.30
1.33	3.29
1.42	3.28
1.50	3.27
1.58	3.26
1.67	3.25
1.75	3.23
1.83	3.21
1.92	3.20
2.00	3.14
2.08	3.08
2.17	3.01
2.25	2.93
2.33	2.87
2.42	2.83
2.50	2.78
2.58	2.73
2.67	2.68
2.75	2.64
2.83	2.59
2.92	2.55
3.00	2.51
3.08	2.47
3.17	2.44
3.25	2.42
3.33	2.38
3.42	2.34
3.50	2.30
3.58	2.28
3.67	2.26
3.75	2.24
3.83	2.23
3.92	2.21
4.00	2.20
4.08	2.19
4.17	2.19
4.25	2.20
4.33	2.20
4.42	2.21
4.50	2.22
4.58	2.24
4.67	2.25
4.75	2.27
4.83	2.29
4.92	2.32
5.00	2.34
5.08	2.36
5.17	2.37
5.25	2.37
5.33	2.38
5.42	2.37
5.50	2.36
5.58	2.34
5.67	2.32
5.75	2.29
5.83	2.26
5.92	2.23
6.00	2.21
6.08	2.21
6.17	2.21
6.25	2.21
6.33	2.22
6.42	2.23
6.50	2.25
6.58	2.29
6.67	2.33
6.75	2.38
6.83	2.43
6.92	2.48
7.00	2.52
7.08	2.54
7.17	2.56
7.25	2.58
7.33	2.60
7.42	2.63
7.50	2.62
7.58	2.62
7.67	2.60
7.75	2.58
7.83	2.56
7.92	2.53
8.00	2.50
8.08	2.47
8.17	2.44
8.25	2.41
8.33	2.38
8.42	2.35
8.50	2.31
8.58	2.28
8.67	2.24
8.75	2.21
8.83	2.19
8.92	2.16
9.00	2.15
9.08	2.14
9.17	2.16
9.25	2.19
9.33	2.25
9.42	2.34
9.50	2.46
9.58	2.60
9.67	2.77
9.75	2.97
9.83	3.17
9.92	3.40
10.00	3.64
10.08	3.89
10.17	4.13
10.25	4.36
10.33	4.59
10.42	4.81
10.50	5.02
10.58	5.22
10.67	5.41
10.75	5.61
10.83	5.79
10.92	5.97
11.00	6.14
11.08	6.32
11.17	6.50
11.25	6.68
11.33	6.86
11.42	7.03
11.50	7.22
11.58	7.40
11.67	7.59
11.75	7.79
11.83	8.00
11.92	8.20
12.00	8.41
12.08	8.61
12.17	8.82
12.25	9.04
12.33	9.27
12.42	9.50
12.50	9.74
12.58	9.98
12.67	10.23
12.75	10.49
12.83	10.76
12.92	11.05
13.00	11.34
13.08	11.65
13.17	11.98
13.25	12.33
13.33	12.68
13.42	13.03
13.50	13.40
13.58	13.78
13.67	14.06
13.75	14.30
13.83	14.54
13.92	14.78
14.00	15.02
14.08	15.27
14.17	15.52
14.25	15.78
14.33	16.05
14.42	16.33
14.50	16.63
14.58	16.97
14.67	17.41
14.75	17.88
14.83	18.37
14.92	18.86
15.00	19.40
15.08	19.99
15.17	20.53
15.25	21.04
15.33	21.52
15.42	21.96
15.50	22.37
15.58	22.76
15.67	23.12
15.75	23.45
15.83	23.73
15.92	23.95
16.00	24.05
16.08	24.09
16.17	24.11
16.25	24.14
16.33	24.16
16.42	24.13
16.50	24.06
16.58	23.96
16.67	23.83
16.75	23.72
16.83	23.59
16.92	23.44
17.00	23.32
17.08	23.20
17.17	23.04
17.25	22.85
17.33	22.64
17.42	22.40
17.50	22.15
17.58	21.85
17.67	21.46
17.75	21.04
17.83	20.63
17.92	20.49
18.00	20.41
18.08	20.28
18.17	20.11
18.25	19.90
18.33	19.64
18.42	19.35
18.50	19.00
18.58	18.65
18.67	18.26
18.75	17.82
18.83	17.24
18.92	16.36
19.00	15.46
19.08	14.64
19.17	13.93
19.25	13.24
19.33	12.60
19.42	12.02
19.50	11.51
19.58	11.06
19.67	10.66
19.75	10.33
19.83	10.03
19.92	9.79
20.00	9.57
20.08	9.28
20.17	8.99
20.25	8.73
20.33	8.49
20.42	8.26
20.50	8.05
20.58	7.85
20.67	7.67
20.75	7.49
20.83	7.32
20.92	7.16
21.00	7.04
21.08	6.94
21.17	6.84
21.25	6.74
21.33	6.65
21.42	6.56
21.50	6.45
21.58	6.36
21.67	6.27
21.75	6.31
21.83	6.40
21.92	6.46
22.00	6.51
22.08	6.55
22.17	6.61
22.25	6.67
22.33	6.72
22.42	6.78
22.50	6.85
22.58	6.90
22.67	6.92
22.75	6.80
22.83	6.68
22.92	6.54
23.00	6.40
23.08	6.25
23.17	6.09
23.25	5.93
23.33	5.78
23.42	5.61
23.50	5.46
23.58	5.32
23.67	5.20
23.75	5.12
23.83	5.06
23.92	5.02
0.00	3.72
0.08	3.70
0.17	3.66
0.25	3.61
0.33	3.53
0.42	3.44
0.50	3.33
0.58	3.24
0.67	3.16
0.75	3.09
0.83	3.04
0.92	3.02
1.00	3.03
1.08	3.06
1.17	3.10
1.25	3.14
1.33	3.20
1.42	3.26
1.50	3.33
1.58	3.39
1.67	3.44
1.75	3.49
1.83	3.54
1.92	3.55
2.00	3.54
2.08	3.54
2.17	3.52
2.25	3.50
2.33	3.48
2.42	3.46
2.50	3.44
2.58	3.42
2.67	3.41
2.75	3.39
2.83	3.37
2.92	3.35
3.00	3.31
3.08	3.26
3.17	3.22
3.25	3.17
3.33	3.14
3.42	3.11
3.50	3.08
3.58	3.04
3.67	2.99
3.75	2.95
3.83	2.93
3.92	2.92
4.00	2.93
4.08	2.93
4.17	2.92
4.25	2.91
4.33	2.90
4.42	2.89
4.50	2.89
4.58	2.90
4.67	2.92
4.75	2.91
4.83	2.90
4.92	2.89
5.00	2.89
5.08	2.90
5.17	2.92
5.25	2.94
5.33	2.94
5.42	2.94
5.50	2.94
5.58	2.92
5.67	2.90
5.75	2.88
5.83	2.84
5.92	2.80
6.00	2.75
6.08	2.70
6.17	2.65
6.25	2.60
6.33	2.54
6.42	2.49
6.50	2.42
6.58	2.37
6.67	2.32
6.75	2.29
6.83	2.26
6.92	2.23
7.00	2.22
7.08	2.20
7.17	2.18
7.25	2.17
7.33	2.16
7.42	2.17
7.50	2.17
7.58	2.17
7.67	2.16
7.75	2.15
7.83	2.14
7.92	2.12
8.00	2.10
8.08	2.08
8.17	2.06
8.25	2.04
8.33	2.02
8.42	2.00
8.50	1.99
8.58	1.98
8.67	1.97
8.75	1.95
8.83	1.94
8.92	1.93
9.00	1.92
9.08	1.93
9.17	1.95
9.25	1.99
9.33	2.04
9.42	2.12
9.50	2.21
9.58	2.32
9.67	2.45
9.75	2.61
9.83	2.81
9.92	3.03
10.00	3.26
10.08	3.48
10.17	3.69
10.25	3.91
10.33	4.11
10.42	4.30
10.50	4.48
10.58	4.66
10.67	4.83
10.75	4.97
10.83	5.08
10.92	5.19
11.00	5.30
11.08	NaN
11.17	NaN
11.25	NaN
11.33	NaN
11.42	NaN
11.50	NaN
11.58	NaN
11.67	NaN
11.75	NaN
11.83	NaN
11.92	NaN
12.00	NaN
12.08	6.61
12.17	6.70
12.25	6.85
12.33	7.02
12.42	7.20
12.50	7.39
12.58	7.59
12.67	7.80
12.75	8.03
12.83	8.29
12.92	8.57
13.00	8.85
13.08	9.15
13.17	9.47
13.25	9.81
13.33	10.16
13.42	10.54
13.50	10.93
13.58	11.25
13.67	11.51
13.75	11.78
13.83	12.06
13.92	12.35
14.00	12.66
14.08	12.99
14.17	13.33
14.25	13.68
14.33	14.05
14.42	14.43
14.50	14.86
14.58	15.43
14.67	16.04
14.75	16.67
14.83	17.31
14.92	17.99
15.00	18.79
15.08	19.60
15.17	20.40
15.25	21.21
15.33	22.01
15.42	22.89
15.50	23.78
15.58	24.67
15.67	25.55
15.75	26.41
15.83	27.25
15.92	27.98
16.00	28.64
16.08	29.29
16.17	29.93
16.25	30.54
16.33	31.09
16.42	31.52
16.50	31.89
16.58	32.23
16.67	32.54
16.75	32.83
16.83	33.08
16.92	33.28
17.00	33.40
17.08	33.47
17.17	33.47
17.25	33.40
17.33	33.28
17.42	33.13
17.50	32.90
17.58	32.49
17.67	32.06
17.75	31.63
17.83	31.36
17.92	31.23
18.00	31.12
18.08	31.06
18.17	31.02
18.25	30.99
18.33	30.95
18.42	30.88
18.50	30.83
18.58	30.82
18.67	30.73
18.75	30.53
18.83	30.03
18.92	29.37
19.00	28.69
19.08	28.21
19.17	27.65
19.25	27.00
19.33	26.27
19.42	25.49
19.50	24.66
19.58	23.80
19.67	22.90
19.75	21.98
19.83	21.10
19.92	20.26
20.00	19.21
20.08	18.01
20.17	16.89
20.25	15.85
20.33	14.88
20.42	13.99
20.50	13.20
20.58	12.47
20.67	11.83
20.75	11.25
20.83	10.71
20.92	10.29
21.00	9.92
21.08	9.58
21.17	9.27
21.25	8.96
21.33	8.67
21.42	8.32
21.50	7.98
21.58	7.64
21.67	7.44
21.75	7.32
21.83	7.19
21.92	7.00
22.00	6.82
22.08	6.67
22.17	6.54
22.25	6.42
22.33	6.36
22.42	6.37
22.50	6.39
22.58	6.39
22.67	6.24
22.75	6.08
22.83	5.92
22.92	5.76
23.00	5.59
23.08	5.43
23.17	5.26
23.25	5.09
23.33	4.92
23.42	4.75
23.50	4.57
23.58	4.41
23.67	4.29
23.75	4.19
23.83	4.13
23.92	4.10
0.00	3.39
0.08	3.38
0.17	3.36
0.25	3.32
0.33	3.28
0.42	3.25
0.50	3.21
0.58	3.17
0.67	3.14
0.75	3.12
0.83	3.11
0.92	3.16
1.00	3.20
1.08	3.26
1.17	3.32
1.25	3.38
1.33	3.42
1.42	3.45
1.50	3.48
1.58	3.52
1.67	3.55
1.75	3.59
1.83	3.59
1.92	3.56
2.00	3.54
2.08	3.50
2.17	3.47
2.25	3.45
2.33	3.42
2.42	3.40
2.50	3.37
2.58	3.33
2.67	3.29
2.75	3.25
2.83	3.21
2.92	3.17
3.00	3.13
3.08	3.09
3.17	3.05
3.25	3.01
3.33	2.96
3.42	2.92
3.50	2.89
3.58	2.86
3.67	2.83
3.75	2.81
3.83	2.78
3.92	2.76
4.00	2.75
4.08	2.74
4.17	2.73
4.25	2.73
4.33	2.73
4.42	2.74
4.50	2.74
4.58	2.74
4.67	2.73
4.75	2.72
4.83	2.71
4.92	2.71
5.00	2.72
5.08	2.72
5.17	2.72
5.25	2.73
5.33	2.74
5.42	2.74
5.50	2.75
5.58	2.77
5.67	2.80
5.75	2.83
5.83	2.88
5.92	2.97
6.00	3.07
6.08	3.18
6.17	3.28
6.25	3.37
6.33	3.48
6.42	3.58
6.50	3.68
6.58	3.76
6.67	3.82
6.75	3.86
6.83	3.86
6.92	3.80
7.00	3.73
7.08	3.64
7.17	3.54
7.25	3.43
7.33	3.29
7.42	3.15
7.50	3.01
7.58	2.87
7.67	2.73
7.75	2.60
7.83	2.48
7.92	2.36
8.00	2.27
8.08	2.20
8.17	2.13
8.25	2.08
8.33	2.04
8.42	2.01
8.50	1.99
8.58	1.98
8.67	1.97
8.75	1.97
8.83	1.98
8.92	1.99
9.00	2.00
9.08	2.01
9.17	2.04
9.25	2.09
9.33	2.16
9.42	2.26
9.50	2.38
9.58	2.52
9.67	2.69
9.75	2.89
9.83	3.12
9.92	3.35
10.00	3.59
10.08	3.83
10.17	4.06
10.25	4.29
10.33	4.49
10.42	4.69
10.50	4.86
10.58	5.03
10.67	5.17
10.75	5.28
10.83	5.38
10.92	5.48
11.00	5.57
11.08	5.66
11.17	5.75
11.25	5.83
11.33	5.92
11.42	6.01
11.50	6.11
11.58	6.21
11.67	6.32
11.75	6.43
11.83	6.54
11.92	6.65
12.00	6.76
12.08	6.88
12.17	7.01
12.25	7.15
12.33	7.30
12.42	7.45
12.50	7.62
12.58	7.79
12.67	7.97
12.75	8.16
12.83	8.37
12.92	8.59
13.00	8.82
13.08	9.06
13.17	9.31
13.25	9.55
13.33	9.81
13.42	10.07
13.50	10.30
13.58	10.47
13.67	10.65
13.75	10.84
13.83	11.05
13.92	11.27
14.00	11.52
14.08	11.79
14.17	12.09
14.25	12.42
14.33	12.78
14.42	13.16
14.50	13.64
14.58	14.17
14.67	14.70
14.75	15.24
14.83	15.78
14.92	16.33
15.00	16.87
15.08	17.38
15.17	17.88
15.25	18.35
15.33	18.75
15.42	19.10
15.50	19.40
15.58	19.67
15.67	19.89
15.75	20.05
15.83	20.15
15.92	20.21
16.00	20.22
16.08	20.20
16.17	20.13
16.25	20.04
16.33	19.97
16.42	19.91
16.50	19.85
16.58	19.79
16.67	19.75
16.75	19.74
16.83	19.74
16.92	19.74
17.00	19.74
17.08	19.73
17.17	19.71
17.25	19.67
17.33	19.62
17.42	19.54
17.50	19.36
17.58	19.15
17.67	18.93
17.75	18.80
17.83	18.77
17.92	18.74
18.00	18.72
18.08	18.70
18.17	18.67
18.25	18.65
18.33	18.63
18.42	18.62
18.50	18.67
18.58	18.71
18.67	18.73
18.75	18.57
18.83	18.35
18.92	18.14
19.00	18.07
19.08	18.02
19.17	17.98
19.25	17.94
19.33	17.89
19.42	17.84
19.50	17.80
19.58	17.75
19.67	17.72
19.75	17.68
19.83	17.63
19.92	17.50
20.00	17.24
20.08	16.96
20.17	16.66
20.25	16.36
20.33	16.07
20.42	15.76
20.50	15.45
20.58	15.12
20.67	14.79
20.75	14.47
20.83	14.20
20.92	13.98
21.00	13.76
21.08	13.54
21.17	13.33
21.25	13.12
21.33	12.77
21.42	12.38
21.50	11.99
21.58	11.69
21.67	11.54
21.75	11.37
21.83	11.13
21.92	10.88
22.00	10.62
22.08	10.36
22.17	10.09
22.25	9.86
22.33	9.75
22.42	9.66
22.50	9.56
22.58	9.28
22.67	8.95
22.75	8.63
22.83	8.32
22.92	8.02
23.00	7.73
23.08	7.45
23.17	7.18
23.25	6.92
23.33	6.67
23.42	6.42
23.50	6.19
23.58	5.98
23.67	5.81
23.75	5.68
23.83	5.59
23.92	5.54
0.00	3.54
0.08	3.52
0.17	3.48
0.25	3.42
0.33	3.35
0.42	3.27
0.50	3.19
0.58	3.13
0.67	3.08
0.75	3.08
0.83	3.18
0.92	3.31
1.00	3.47
1.08	3.63
1.17	3.82
1.25	4.00
1.33	4.19
1.42	4.36
1.50	4.54
1.58	4.71
1.67	4.87
1.75	4.97
1.83	5.00
1.92	5.02
2.00	5.02
2.08	5.01
2.17	4.99
2.25	4.96
2.33	4.93
2.42	4.89
2.50	4.83
2.58	4.78
2.67	4.72
2.75	4.66
2.83	4.59
2.92	4.52
3.00	4.45
3.08	4.38
3.17	4.30
3.25	4.22
3.33	4.14
3.42	4.07
3.50	3.99
3.58	3.92
3.67	3.87
3.75	3.83
3.83	3.79
3.92	3.75
4.00	3.72
4.08	3.70
4.17	3.69
4.25	3.68
4.33	3.68
4.42	3.68
4.50	3.68
4.58	3.68
4.67	3.66
4.75	3.65
4.83	3.63
4.92	3.63
5.00	3.62
5.08	3.61
5.17	3.61
5.25	3.58
5.33	3.56
5.42	3.53
5.50	3.52
5.58	3.52
5.67	3.50
5.75	3.47
5.83	3.48
5.92	3.49
6.00	3.51
6.08	3.52
6.17	3.52
6.25	3.53
6.33	3.51
6.42	3.48
6.50	3.43
6.58	3.39
6.67	3.35
6.75	3.30
6.83	3.22
6.92	3.13
7.00	3.03
7.08	2.94
7.17	2.86
7.25	2.79
7.33	2.73
7.42	2.67
7.50	2.61
7.58	2.54
7.67	2.47
7.75	2.39
7.83	2.31
7.92	2.24
8.00	2.18
8.08	2.12
8.17	2.06
8.25	2.01
8.33	1.97
8.42	1.94
8.50	1.92
8.58	1.89
8.67	1.88
8.75	1.87
8.83	1.88
8.92	1.88
9.00	1.88
9.08	1.89
9.17	1.92
9.25	1.97
9.33	2.05
9.42	2.16
9.50	2.29
9.58	2.46
9.67	2.67
9.75	2.93
9.83	3.20
9.92	3.48
10.00	3.77
10.08	4.05
10.17	4.33
10.25	4.60
10.33	4.85
10.42	5.08
10.50	5.30
10.58	5.51
10.67	5.67
10.75	5.81
10.83	5.94
10.92	6.07
11.00	6.19
11.08	6.31
11.17	6.43
11.25	6.55
11.33	6.67
11.42	6.79
11.50	6.92
11.58	7.05
11.67	7.18
11.75	7.32
11.83	7.47
11.92	7.63
12.00	7.80
12.08	7.98
12.17	8.15
12.25	8.33
12.33	8.52
12.42	8.71
12.50	8.90
12.58	9.11
12.67	9.32
12.75	9.53
12.83	9.76
12.92	10.00
13.00	10.25
13.08	10.52
13.17	10.80
13.25	11.10
13.33	11.40
13.42	11.69
13.50	11.93
13.58	12.18
13.67	12.43
13.75	12.69
13.83	12.95
13.92	13.21
14.00	13.48
14.08	13.74
14.17	14.00
14.25	14.26
14.33	14.52
14.42	14.83
14.50	15.17
14.58	15.52
14.67	15.86
14.75	16.21
14.83	16.57
14.92	16.91
15.00	17.26
15.08	17.60
15.17	17.94
15.25	18.30
15.33	18.65
15.42	18.98
15.50	19.31
15.58	19.61
15.67	19.91
15.75	20.20
15.83	20.48
15.92	20.76
16.00	21.05
16.08	21.33
16.17	21.58
16.25	21.81
16.33	22.03
16.42	22.25
16.50	22.46
16.58	22.66
16.67	22.82
16.75	22.96
16.83	23.07
16.92	23.14
17.00	23.18
17.08	23.16
17.17	23.11
17.25	23.05
17.33	22.94
17.42	22.72
17.50	22.46
17.58	22.18
17.67	21.94
17.75	21.82
17.83	21.71
17.92	21.59
18.00	21.48
18.08	21.38
18.17	21.26
18.25	21.14
18.33	21.04
18.42	21.03
18.50	20.99
18.58	20.95
18.67	20.76
18.75	20.48
18.83	20.15
18.92	19.96
19.00	19.79
19.08	19.61
19.17	19.41
19.25	19.19
19.33	18.95
19.42	18.69
19.50	18.42
19.58	18.14
19.67	17.86
19.75	17.59
19.83	17.28
19.92	16.82
20.00	16.35
20.08	15.90
20.17	15.45
20.25	15.02
20.33	14.61
20.42	14.20
20.50	13.80
20.58	13.40
20.67	13.02
20.75	12.67
20.83	12.37
20.92	12.08
21.00	11.79
21.08	11.50
21.17	11.21
21.25	10.86
21.33	10.48
21.42	10.10
21.50	9.79
21.58	9.67
21.67	9.57
21.75	9.44
21.83	9.30
21.92	9.18
22.00	9.07
22.08	8.98
22.17	8.91
22.25	8.93
22.33	8.98
22.42	9.03
22.50	8.93
22.58	8.73
22.67	8.53
22.75	8.33
22.83	8.12
22.92	7.91
23.00	7.70
23.08	7.49
23.17	7.27
23.25	7.06
23.33	6.85
23.42	6.63
23.50	6.43
23.58	6.24
23.67	6.09
23.75	5.98
23.83	5.90
23.92	5.86
0.00	2.03
0.08	2.01
0.17	1.98
0.25	1.98
0.33	2.00
0.42	2.01
0.50	2.02
0.58	2.03
0.67	2.06
0.75	2.13
0.83	2.22
0.92	2.32
1.00	2.43
1.08	2.54
1.17	2.66
1.25	2.73
1.33	2.79
1.42	2.84
1.50	2.90
1.58	2.95
1.67	3.00
1.75	3.02
1.83	3.02
1.92	3.02
2.00	3.01
2.08	2.99
2.17	2.96
2.25	2.93
2.33	2.90
2.42	2.86
2.50	2.81
2.58	2.76
2.67	2.70
2.75	2.64
2.83	2.59
2.92	2.53
3.00	2.48
3.08	2.43
3.17	2.39
3.25	2.35
3.33	2.31
3.42	2.28
3.50	2.24
3.58	2.24
3.67	2.25
3.75	2.26
3.83	2.27
3.92	2.30
4.00	2.33
4.08	2.36
4.17	2.40
4.25	2.44
4.33	2.48
4.42	2.52
4.50	2.55
4.58	2.56
4.67	2.56
4.75	2.56
4.83	2.56
4.92	2.54
5.00	2.52
5.08	2.50
5.17	2.48
5.25	2.46
5.33	NaN
5.42	NaN
5.50	NaN
5.58	NaN
5.67	NaN
5.75	NaN
5.83	NaN
5.92	NaN
6.00	NaN
6.08	NaN
6.17	NaN
6.25	2.22
6.33	2.26
6.42	2.34
6.50	2.43
6.58	2.52
6.67	2.60
6.75	2.65
6.83	2.69
6.92	2.73
7.00	2.75
7.08	2.75
7.17	2.72
7.25	2.70
7.33	2.65
7.42	2.60
7.50	2.55
7.58	2.49
7.67	2.45
7.75	2.40
7.83	2.35
7.92	2.30
8.00	2.27
8.08	2.24
8.17	2.20
8.25	2.17
8.33	2.15
8.42	2.12
8.50	2.08
8.58	2.04
8.67	2.01
8.75	1.98
8.83	1.96
8.92	1.94
9.00	1.94
9.08	1.96
9.17	1.97
9.25	2.00
9.33	2.06
9.42	2.15
9.50	2.28
9.58	2.44
9.67	2.65
9.75	2.88
9.83	3.12
9.92	3.37
10.00	3.64
10.08	3.90
10.17	4.15
10.25	4.39
10.33	4.60
10.42	4.81
10.50	5.00
10.58	5.15
10.67	5.29
10.75	5.42
10.83	5.55
10.92	5.67
11.00	5.79
11.08	5.92
11.17	6.05
11.25	6.18
11.33	6.31
11.42	6.44
11.50	6.58
11.58	6.72
11.67	6.86
11.75	7.00
11.83	7.15
11.92	7.30
12.00	7.45
12.08	7.61
12.17	7.78
12.25	7.95
12.33	8.14
12.42	8.34
12.50	8.53
12.58	8.73
12.67	8.94
12.75	9.16
12.83	9.38
12.92	9.61
13.00	9.85
13.08	10.09
13.17	10.33
13.25	10.57
13.33	10.80
13.42	10.99
13.50	11.19
13.58	11.40
13.67	11.63
13.75	11.86
13.83	12.09
13.92	12.33
14.00	12.58
14.08	12.84
14.17	13.11
14.25	13.38
14.33	13.68
14.42	14.02
14.50	14.36
14.58	14.69
14.67	15.03
14.75	15.38
14.83	15.75
14.92	16.11
15.00	16.46
15.08	16.80
15.17	17.13
15.25	17.47
15.33	17.79
15.42	18.08
15.50	18.33
15.58	18.55
15.67	18.73
15.75	18.85
15.83	18.96
15.92	19.05
16.00	19.10
16.08	19.13
16.17	19.11
16.25	19.07
16.33	19.01
16.42	18.96
16.50	18.92
16.58	18.90
16.67	18.88
16.75	18.85
16.83	18.81
16.92	18.77
17.00	18.71
17.08	18.64
17.17	18.57
17.25	18.50
17.33	18.33
17.42	18.08
17.50	17.82
17.58	17.61
17.67	17.54
17.75	17.47
17.83	17.40
17.92	17.33
18.00	17.26
18.08	17.20
18.17	17.15
18.25	17.10
18.33	17.15
18.42	17.20
18.50	17.23
18.58	17.10
18.67	16.86
18.75	16.60
18.83	16.45
18.92	16.35
19.00	16.26
19.08	16.15
19.17	16.06
19.25	15.97
19.33	15.90
19.42	15.84
19.50	15.79
19.58	15.75
19.67	15.73
19.75	15.71
19.83	15.55
19.92	15.38
20.00	15.22
20.08	15.05
20.17	14.87
20.25	14.69
20.33	14.49
20.42	14.29
20.50	14.08
20.58	13.86
20.67	13.67
20.75	13.53
20.83	13.38
20.92	13.20
21.00	13.02
21.08	12.82
21.17	12.56
21.25	12.20
21.33	11.83
21.42	11.49
21.50	11.37
21.58	11.30
21.67	11.15
21.75	10.99
21.83	10.86
21.92	10.74
22.00	10.63
22.08	10.54
22.17	10.57
22.25	10.64
22.33	10.73
22.42	10.70
22.50	10.49
22.58	10.28
22.67	10.07
22.75	9.84
22.83	9.60
22.92	9.35
23.00	9.11
23.08	8.85
23.17	8.59
23.25	8.32
23.33	8.04
23.42	7.77
23.50	7.49
23.58	7.25
23.67	7.05
23.75	6.90
23.83	6.79
23.92	6.74
0.00	3.93
0.08	3.89
0.17	3.89
0.25	3.90
0.33	3.88
0.42	3.83
0.50	3.77
0.58	3.73
0.67	3.71
0.75	3.70
0.83	3.72
0.92	3.75
1.00	3.81
1.08	3.87
1.17	3.85
1.25	3.82
1.33	3.79
1.42	3.77
1.50	3.74
1.58	3.71
1.67	3.66
1.75	3.62
1.83	3.58
1.92	3.53
2.00	3.48
2.08	3.42
2.17	3.36
2.25	3.30
2.33	3.24
2.42	3.18
2.50	3.12
2.58	3.07
2.67	3.01
2.75	2.95
2.83	2.89
2.92	2.83
3.00	2.78
3.08	2.73
3.17	2.68
3.25	2.62
3.33	2.57
3.42	2.53
3.50	2.51
3.58	2.52
3.67	2.53
3.75	2.55
3.83	2.54
3.92	2.53
4.00	2.52
4.08	2.52
4.17	2.54
4.25	2.56
4.33	2.59
4.42	2.62
4.50	2.62
4.58	2.62
4.67	2.60
4.75	2.59
4.83	2.61
4.92	2.62
5.00	2.63
5.08	2.61
5.17	2.59
5.25	2.56
5.33	2.52
5.42	2.48
5.50	2.45
5.58	2.43
5.67	2.44
5.75	2.50
5.83	2.56
5.92	2.60
6.00	2.66
6.08	2.73
6.17	2.84
6.25	2.97
6.33	3.10
6.42	3.22
6.50	3.35
6.58	3.49
6.67	3.60
6.75	3.70
6.83	3.81
6.92	3.94
7.00	4.06
7.08	4.15
7.17	4.20
7.25	4.24
7.33	4.27
7.42	4.29
7.50	4.27
7.58	4.23
7.67	4.15
7.75	4.05
7.83	3.89
7.92	3.73
8.00	3.58
8.08	3.43
8.17	3.25
8.25	3.07
8.33	2.90
8.42	2.74
8.50	2.59
8.58	2.45
8.67	2.32
8.75	2.22
8.83	2.16
8.92	2.10
9.00	2.05
9.08	2.02
9.17	2.04
9.25	2.08
9.33	2.14
9.42	2.23
9.50	2.35
9.58	2.52
9.67	2.71
9.75	2.92
9.83	3.15
9.92	3.38
10.00	3.62
10.08	3.86
10.17	4.09
10.25	4.32
10.33	4.55
10.42	4.77
10.50	4.96
10.58	5.13
10.67	5.30
10.75	5.47
10.83	5.64
10.92	5.80
11.00	5.97
11.08	6.13
11.17	6.28
11.25	6.42
11.33	6.56
11.42	6.69
11.50	6.82
11.58	6.95
11.67	7.08
11.75	7.22
11.83	7.36
11.92	7.50
12.00	7.65
12.08	7.81
12.17	7.97
12.25	8.13
12.33	8.30
12.42	8.48
12.50	8.67
12.58	8.85
12.67	9.03
12.75	9.22
12.83	9.41
12.92	9.60
13.00	9.79
13.08	9.99
13.17	10.20
13.25	10.40
13.33	10.55
13.42	10.68
13.50	10.81
13.58	10.95
13.67	11.08
13.75	11.22
13.83	11.35
13.92	11.48
14.00	11.63
14.08	11.78
14.17	11.95
14.25	12.15
14.33	12.42
14.42	12.69
14.50	12.96
14.58	13.24
14.67	13.52
14.75	13.78
14.83	14.03
14.92	14.28
15.00	14.52
15.08	14.73
15.17	14.85
15.25	14.95
15.33	15.03
15.42	15.08
15.50	15.13
15.58	15.17
15.67	15.21
15.75	15.25
15.83	15.30
15.92	15.33
16.00	15.37
16.08	15.44
16.17	15.58
16.25	15.71
16.33	15.87
16.42	16.03
16.50	16.19
16.58	16.34
16.67	16.49
16.75	16.62
16.83	16.73
16.92	16.84
17.00	16.94
17.08	17.01
17.17	17.06
17.25	17.01
17.33	16.83
17.42	16.63
17.50	16.45
17.58	16.41
17.67	16.38
17.75	16.35
17.83	16.31
17.92	16.24
18.00	16.14
18.08	16.03
18.17	15.91
18.25	15.89
18.33	15.88
18.42	15.85
18.50	15.71
18.58	15.44
18.67	15.13
18.75	14.86
18.83	14.67
18.92	14.47
19.00	14.27
19.08	14.08
19.17	13.88
19.25	13.69
19.33	13.50
19.42	13.32
19.50	13.15
19.58	12.96
19.67	12.76
19.75	12.45
19.83	12.12
19.92	11.79
20.00	11.46
20.08	11.14
20.17	10.82
20.25	10.52
20.33	10.23
20.42	9.95
20.50	9.69
20.58	9.46
20.67	9.28
20.75	9.11
20.83	8.95
20.92	8.80
21.00	8.65
21.08	8.49
21.17	8.29
21.25	8.09
21.33	7.89
21.42	7.85
21.50	7.88
21.58	7.89
21.67	7.89
21.75	7.89
21.83	7.90
21.92	7.92
22.00	7.94
22.08	8.00
22.17	8.09
22.25	8.19
22.33	8.22
22.42	8.09
22.50	7.93
22.58	7.76
22.67	7.58
22.75	7.40
22.83	7.20
22.92	6.99
23.00	6.77
23.08	6.53
23.17	6.29
23.25	6.04
23.33	5.79
23.42	5.54
23.50	5.29
23.58	5.07
23.67	4.88
23.75	4.74
23.83	4.65
23.92	4.59
0.00	3.66
0.08	3.70
0.17	3.77
0.25	3.82
0.33	3.84
0.42	3.83
0.50	3.80
0.58	3.83
0.67	3.90
0.75	3.96
0.83	4.04
0.92	4.12
1.00	4.19
1.08	4.16
1.17	4.12
1.25	4.09
1.33	4.06
1.42	4.03
1.50	3.99
1.58	3.89
1.67	3.78
1.75	3.68
1.83	3.58
1.92	3.50
2.00	3.45
2.08	3.40
2.17	3.35
2.25	3.30
2.33	3.25
2.42	3.20
2.50	3.16
2.58	3.11
2.67	3.07
2.75	3.03
2.83	2.99
2.92	2.93
3.00	2.86
3.08	2.79
3.17	2.74
3.25	2.68
3.33	2.63
3.42	2.59
3.50	2.58
3.58	2.57
3.67	2.56
3.75	2.55
3.83	2.54
3.92	2.53
4.00	2.53
4.08	2.54
4.17	2.55
4.25	2.57
4.33	2.59
4.42	2.61
4.50	2.62
4.58	2.63
4.67	2.65
4.75	2.68
4.83	2.72
4.92	2.76
5.00	2.82
5.08	2.87
5.17	2.94
5.25	3.01
5.33	3.08
5.42	3.14
5.50	3.18
5.58	3.26
5.67	3.37
5.75	3.47
5.83	3.55
5.92	3.64
6.00	3.74
6.08	3.87
6.17	4.00
6.25	4.11
6.33	4.22
6.42	4.34
6.50	4.45
6.58	4.49
6.67	4.50
6.75	4.50
6.83	4.49
6.92	4.45
7.00	4.40
7.08	4.29
7.17	4.18
7.25	4.07
7.33	3.95
7.42	3.83
7.50	3.72
7.58	3.62
7.67	3.51
7.75	3.40
7.83	3.29
7.92	3.16
8.00	3.04
8.08	2.93
8.17	2.81
8.25	2.70
8.33	2.58
8.42	2.47
8.50	2.37
8.58	2.27
8.67	2.19
8.75	2.13
8.83	2.07
8.92	2.04
9.00	2.02
9.08	2.01
9.17	2.03
9.25	2.08
9.33	2.16
9.42	2.28
9.50	2.43
9.58	2.62
9.67	2.82
9.75	3.05
9.83	3.29
9.92	3.54
10.00	3.79
10.08	4.05
10.17	4.29
10.25	4.52
10.33	4.75
10.42	4.96
10.50	5.14
10.58	5.32
10.67	5.49
10.75	5.66
10.83	5.82
10.92	5.99
11.00	6.16
11.08	6.33
11.17	6.52
11.25	6.71
11.33	6.93
11.42	7.15
11.50	7.39
11.58	7.64
11.67	7.91
11.75	8.18
11.83	8.44
11.92	8.70
12.00	8.95
12.08	9.19
12.17	9.40
12.25	9.59
12.33	9.75
12.42	9.88
12.50	10.00
12.58	10.09
12.67	10.17
12.75	10.24
12.83	10.31
12.92	10.38
13.00	10.46
13.08	10.53
13.17	10.61
13.25	10.65
13.33	10.67
13.42	10.72
13.50	10.78
13.58	10.86
13.67	10.95
13.75	11.06
13.83	11.19
13.92	11.33
14.00	11.50
14.08	11.69
14.17	11.91
14.25	12.21
14.33	12.54
14.42	12.88
14.50	13.22
14.58	13.56
14.67	13.87
14.75	14.18
14.83	14.49
14.92	14.81
15.00	15.15
15.08	15.43
15.17	15.69
15.25	15.96
15.33	16.24
15.42	16.53
15.50	16.83
15.58	17.16
15.67	17.52
15.75	17.87
15.83	18.21
15.92	18.52
16.00	18.84
16.08	19.21
16.17	19.54
16.25	19.84
16.33	20.13
16.42	20.39
16.50	20.63
16.58	20.85
16.67	21.04
16.75	21.21
16.83	21.39
16.92	21.56
17.00	21.72
17.08	21.88
17.17	21.97
17.25	21.93
17.33	21.85
17.42	21.74
17.50	21.73
17.58	21.75
17.67	21.74
17.75	21.70
17.83	21.64
17.92	21.54
18.00	21.42
18.08	21.28
18.17	21.25
18.25	21.27
18.33	21.31
18.42	21.32
18.50	21.21
18.58	21.11
18.67	21.10
18.75	21.20
18.83	21.31
18.92	21.43
19.00	21.57
19.08	21.73
19.17	21.91
19.25	22.08
19.33	22.25
19.42	22.39
19.50	22.53
19.58	22.63
19.67	22.59
19.75	22.49
19.83	22.37
19.92	22.23
20.00	22.09
20.08	21.93
20.17	21.74
20.25	21.53
20.33	21.31
20.42	21.08
20.50	20.86
20.58	20.74
20.67	20.62
20.75	20.50
20.83	20.39
20.92	20.27
21.00	20.12
21.08	19.70
21.17	19.24
21.25	18.78
21.33	18.56
21.42	18.52
21.50	18.43
21.58	18.26
21.67	18.09
21.75	17.92
21.83	17.74
21.92	17.54
22.00	17.46
22.08	17.55
22.17	17.63
22.25	17.66
22.33	17.35
22.42	16.93
22.50	16.45
22.58	15.94
22.67	15.37
22.75	14.74
22.83	14.06
22.92	13.34
23.00	12.59
23.08	11.83
23.17	11.07
23.25	10.29
23.33	9.53
23.42	8.81
23.50	8.15
23.58	7.55
23.67	7.08
23.75	6.71
23.83	6.47
23.92	6.34
