0.00	3.02
0.08	3.01
0.17	2.99
0.25	2.99
0.33	2.99
0.42	2.98
0.50	2.97
0.58	2.95
0.67	2.94
0.75	2.91
0.83	2.87
0.92	2.82
1.00	2.78
1.08	2.74
1.17	2.70
1.25	2.66
1.33	2.63
1.42	2.59
1.50	2.56
1.58	2.53
1.67	2.49
1.75	2.46
1.83	2.44
1.92	2.42
2.00	2.40
2.08	2.39
2.17	2.37
2.25	2.36
2.33	2.34
2.42	2.33
2.50	2.32
2.58	2.33
2.67	2.35
2.75	2.36
2.83	2.37
2.92	2.38
3.00	2.41
3.08	2.43
3.17	2.46
3.25	2.49
3.33	2.52
3.42	2.57
3.50	2.62
3.58	2.65
3.67	2.68
3.75	2.71
3.83	2.75
3.92	2.81
4.00	2.86
4.08	2.90
4.17	2.94
4.25	2.96
4.33	2.98
4.42	2.97
4.50	2.94
4.58	2.92
4.67	2.89
4.75	2.87
4.83	2.82
4.92	2.77
5.00	2.73
5.08	2.68
5.17	2.64
5.25	2.62
5.33	2.59
5.42	2.58
5.50	2.57
5.58	2.56
5.67	2.55
5.75	2.53
5.83	2.52
5.92	2.51
6.00	2.50
6.08	2.51
6.17	2.51
6.25	2.52
6.33	2.53
6.42	2.55
6.50	2.56
6.58	2.57
6.67	2.57
6.75	2.58
6.83	2.58
6.92	2.57
7.00	2.56
7.08	2.54
7.17	2.52
7.25	2.49
7.33	2.46
7.42	2.42
7.50	2.39
7.58	2.35
7.67	2.32
7.75	2.28
7.83	2.26
7.92	2.24
8.00	2.22
8.08	2.19
8.17	2.16
8.25	2.14
8.33	2.12
8.42	2.10
8.50	2.10
8.58	2.11
8.67	2.12
8.75	2.14
8.83	2.15
8.92	2.15
9.00	2.16
9.08	2.18
9.17	2.21
9.25	2.23
9.33	2.26
9.42	2.29
9.50	2.29
9.58	2.29
9.67	2.31
9.75	2.34
9.83	2.39
9.92	2.46
10.00	2.54
10.08	2.64
10.17	2.75
10.25	2.86
10.33	2.98
10.42	3.13
10.50	3.28
10.58	3.43
10.67	3.59
10.75	3.74
10.83	3.87
10.92	3.99
11.00	4.09
11.08	4.18
11.17	4.28
11.25	4.38
11.33	4.48
11.42	4.57
11.50	4.66
11.58	4.73
11.67	4.80
11.75	4.87
11.83	4.95
11.92	5.05
12.00	5.16
12.08	5.26
12.17	5.36
12.25	5.45
12.33	5.55
12.42	5.64
12.50	5.74
12.58	5.83
12.67	5.92
12.75	5.99
12.83	6.04
12.92	6.09
13.00	6.14
13.08	6.18
13.17	6.23
13.25	6.27
13.33	6.31
13.42	6.34
13.50	6.37
13.58	6.39
13.67	6.42
13.75	6.44
13.83	6.47
13.92	6.50
14.00	6.52
14.08	6.55
14.17	6.58
14.25	6.61
14.33	6.65
14.42	6.71
14.50	6.77
14.58	6.85
14.67	6.93
14.75	7.02
14.83	7.13
14.92	7.23
15.00	7.34
15.08	7.44
15.17	7.54
15.25	7.64
15.33	7.72
15.42	7.80
15.50	7.87
15.58	7.95
15.67	8.03
15.75	8.11
15.83	8.18
15.92	8.25
16.00	8.31
16.08	8.36
16.17	8.42
16.25	8.48
16.33	8.55
16.42	8.63
16.50	8.70
16.58	8.78
16.67	8.83
16.75	8.88
16.83	8.94
16.92	8.99
17.00	9.05
17.08	9.13
17.17	9.20
17.25	9.25
17.33	9.30
17.42	9.33
17.50	9.35
17.58	9.36
17.67	9.35
17.75	9.32
17.83	9.25
17.92	9.16
18.00	9.05
18.08	8.91
18.17	8.77
18.25	8.63
18.33	8.47
18.42	8.32
18.50	8.16
18.58	7.97
18.67	7.78
18.75	7.61
18.83	7.47
18.92	7.30
19.00	7.14
19.08	6.99
19.17	6.85
19.25	6.71
19.33	6.59
19.42	6.49
19.50	6.40
19.58	6.34
19.67	6.28
19.75	6.22
19.83	6.18
19.92	6.17
20.00	6.14
20.08	6.12
20.17	6.10
20.25	6.08
20.33	6.03
20.42	5.98
20.50	5.91
20.58	5.84
20.67	5.77
20.75	5.69
20.83	5.60
20.92	5.51
21.00	5.40
21.08	5.28
21.17	5.19
21.25	5.09
21.33	4.99
21.42	4.91
21.50	4.82
21.58	4.73
21.67	4.63
21.75	4.53
21.83	4.42
21.92	4.31
22.00	4.21
22.08	4.10
22.17	3.96
22.25	3.84
22.33	3.74
22.42	3.66
22.50	3.58
22.58	3.51
22.67	3.44
22.75	3.40
22.83	3.37
22.92	3.35
23.00	3.32
23.08	3.28
23.17	3.24
23.25	3.19
23.33	3.13
23.42	3.07
23.50	3.01
23.58	2.95
23.67	2.91
23.75	2.86
23.83	2.83
23.92	2.80
0.00	3.20
0.08	3.19
0.17	3.17
0.25	3.16
0.33	3.17
0.42	3.17
0.50	3.16
0.58	3.16
0.67	3.15
0.75	3.11
0.83	3.07
0.92	3.02
1.00	2.98
1.08	2.93
1.17	2.88
1.25	2.82
1.33	2.77
1.42	2.72
1.50	2.66
1.58	2.60
1.67	2.55
1.75	2.50
1.83	2.45
1.92	2.40
2.00	2.36
2.08	2.32
2.17	2.28
2.25	2.25
2.33	2.22
2.42	2.19
2.50	2.19
2.58	2.20
2.67	2.21
2.75	2.21
2.83	2.23
2.92	2.25
3.00	2.27
3.08	2.30
3.17	2.33
3.25	2.36
3.33	2.39
3.42	2.43
3.50	2.44
3.58	2.46
3.67	2.48
3.75	2.50
3.83	2.54
3.92	2.57
4.00	2.59
4.08	2.61
4.17	2.62
4.25	2.63
4.33	2.62
4.42	2.59
4.50	2.57
4.58	2.54
4.67	2.52
4.75	2.47
4.83	2.43
4.92	2.39
5.00	2.35
5.08	2.31
5.17	2.29
5.25	2.26
5.33	2.25
5.42	2.23
5.50	2.22
5.58	2.21
5.67	2.19
5.75	2.18
5.83	2.17
5.92	2.16
6.00	2.15
6.08	2.15
6.17	2.14
6.25	2.14
6.33	2.14
6.42	2.14
6.50	2.13
6.58	2.13
6.67	2.13
6.75	2.12
6.83	2.12
6.92	2.12
7.00	2.11
7.08	2.11
7.17	2.10
7.25	2.10
7.33	2.10
7.42	2.11
7.50	2.12
7.58	2.13
7.67	2.14
7.75	2.15
7.83	2.16
7.92	2.17
8.00	2.17
8.08	2.17
8.17	2.17
8.25	2.18
8.33	2.18
8.42	2.19
8.50	2.21
8.58	2.23
8.67	2.25
8.75	2.26
8.83	2.28
8.92	2.29
9.00	2.31
9.08	2.34
9.17	2.36
9.25	2.38
9.33	2.39
9.42	2.37
9.50	2.35
9.58	2.34
9.67	2.35
9.75	2.36
9.83	2.39
9.92	2.43
10.00	2.49
10.08	2.54
10.17	2.60
10.25	2.66
10.33	2.75
10.42	2.86
10.50	2.98
10.58	3.11
10.67	3.23
10.75	3.35
10.83	3.46
10.92	3.55
11.00	3.64
11.08	3.72
11.17	3.81
11.25	3.90
11.33	3.98
11.42	4.04
11.50	4.09
11.58	4.13
11.67	4.17
11.75	4.22
11.83	4.29
11.92	4.35
12.00	4.43
12.08	4.50
12.17	4.57
12.25	4.65
12.33	4.72
12.42	4.80
12.50	4.89
12.58	4.97
12.67	5.06
12.75	5.13
12.83	5.20
12.92	5.28
13.00	5.35
13.08	5.45
13.17	5.56
13.25	5.66
13.33	5.77
13.42	5.87
13.50	5.98
13.58	6.09
13.67	6.20
13.75	6.31
13.83	6.41
13.92	6.52
14.00	6.62
14.08	6.70
14.17	6.77
14.25	6.84
14.33	6.92
14.42	6.98
14.50	7.05
14.58	7.10
14.67	7.16
14.75	7.21
14.83	7.25
14.92	7.28
15.00	7.31
15.08	7.33
15.17	7.35
15.25	7.35
15.33	7.36
15.42	7.38
15.50	7.40
15.58	7.43
15.67	7.48
15.75	7.53
15.83	7.60
15.92	7.65
16.00	7.71
16.08	7.78
16.17	7.86
16.25	7.95
16.33	8.05
16.42	8.15
16.50	8.26
16.58	8.38
16.67	8.50
16.75	8.63
16.83	8.78
16.92	8.95
17.00	9.13
17.08	9.31
17.17	9.49
17.25	9.67
17.33	9.82
17.42	9.96
17.50	10.08
17.58	10.15
17.67	10.19
17.75	10.17
17.83	10.10
17.92	9.99
18.00	9.85
18.08	9.67
18.17	9.47
18.25	9.25
18.33	9.01
18.42	8.75
18.50	8.46
18.58	8.17
18.67	7.90
18.75	7.67
18.83	7.44
18.92	7.23
19.00	7.04
19.08	6.87
19.17	6.71
19.25	6.57
19.33	6.47
19.42	6.37
19.50	6.30
19.58	6.23
19.67	6.16
19.75	6.08
19.83	6.03
19.92	5.97
20.00	5.89
20.08	5.81
20.17	5.73
20.25	5.63
20.33	5.50
20.42	5.37
20.50	5.24
20.58	5.11
20.67	4.98
20.75	4.86
20.83	4.72
20.92	4.57
21.00	4.43
21.08	4.30
21.17	4.18
21.25	4.07
21.33	3.98
21.42	3.90
21.50	3.82
21.58	3.75
21.67	3.67
21.75	3.59
21.83	3.51
21.92	3.45
22.00	3.38
22.08	3.30
22.17	3.22
22.25	3.17
22.33	3.13
22.42	3.09
22.50	3.05
22.58	3.02
22.67	3.01
22.75	3.00
22.83	3.00
22.92	3.00
23.00	2.99
23.08	2.97
23.17	2.94
23.25	2.90
23.33	2.85
23.42	2.79
23.50	2.74
23.58	2.69
23.67	2.64
23.75	2.60
23.83	2.56
23.92	2.54
0.00	2.83
0.08	2.82
0.17	2.82
0.25	2.81
0.33	2.80
0.42	2.80
0.50	2.80
0.58	2.81
0.67	2.78
0.75	2.75
0.83	2.72
0.92	2.69
1.00	2.67
1.08	2.65
1.17	2.61
1.25	2.58
1.33	2.54
1.42	2.52
1.50	2.49
1.58	2.45
1.67	2.42
1.75	2.38
1.83	2.35
1.92	2.31
2.00	2.28
2.08	2.25
2.17	2.23
2.25	2.20
2.33	2.18
2.42	2.17
2.50	2.17
2.58	2.18
2.67	2.20
2.75	2.22
2.83	2.25
2.92	2.29
3.00	2.33
3.08	2.36
3.17	2.39
3.25	2.43
3.33	2.48
3.42	2.51
3.50	2.54
3.58	2.57
3.67	2.60
3.75	2.65
3.83	2.68
3.92	2.72
4.00	2.75
4.08	2.78
4.17	2.81
4.25	2.81
4.33	2.81
4.42	2.79
4.50	2.78
4.58	2.76
4.67	2.72
4.75	2.68
4.83	2.63
4.92	2.58
5.00	2.53
5.08	2.50
5.17	2.46
5.25	2.44
5.33	2.42
5.42	2.41
5.50	2.40
5.58	2.40
5.67	2.40
5.75	2.40
5.83	2.41
5.92	2.42
6.00	2.44
6.08	2.46
6.17	2.48
6.25	2.50
6.33	2.52
6.42	2.54
6.50	2.55
6.58	2.56
6.67	2.56
6.75	2.56
6.83	2.56
6.92	2.55
7.00	2.54
7.08	2.52
7.17	2.49
7.25	2.47
7.33	2.45
7.42	2.43
7.50	2.41
7.58	2.39
7.67	2.38
7.75	2.38
7.83	2.38
7.92	2.38
8.00	2.37
8.08	2.37
8.17	2.37
8.25	2.38
8.33	2.38
8.42	2.40
8.50	2.42
8.58	2.44
8.67	2.46
8.75	2.47
8.83	2.48
8.92	2.49
9.00	2.51
9.08	2.53
9.17	2.54
9.25	2.56
9.33	2.56
9.42	2.54
9.50	2.54
9.58	2.54
9.67	2.57
9.75	2.61
9.83	2.68
9.92	2.77
10.00	2.87
10.08	2.98
10.17	3.11
10.25	3.26
10.33	3.43
10.42	3.62
10.50	3.81
10.58	3.99
10.67	4.16
10.75	4.30
10.83	4.42
10.92	4.51
11.00	4.59
11.08	4.68
11.17	4.75
11.25	4.82
11.33	4.87
11.42	4.92
11.50	4.96
11.58	5.00
11.67	5.05
11.75	5.12
11.83	5.20
11.92	5.29
12.00	5.38
12.08	5.45
12.17	5.52
12.25	5.59
12.33	5.67
12.42	5.74
12.50	5.81
12.58	5.87
12.67	5.92
12.75	5.96
12.83	6.01
12.92	6.06
13.00	6.11
13.08	6.17
13.17	6.25
13.25	6.32
13.33	6.39
13.42	6.45
13.50	6.52
13.58	6.59
13.67	6.66
13.75	6.75
13.83	6.82
13.92	6.89
14.00	6.96
14.08	7.02
14.17	7.10
14.25	7.18
14.33	7.26
14.42	7.35
14.50	7.44
14.58	7.53
14.67	7.62
14.75	7.69
14.83	7.76
14.92	7.84
15.00	7.92
15.08	8.00
15.17	8.09
15.25	8.19
15.33	8.28
15.42	8.39
15.50	8.51
15.58	8.63
15.67	8.77
15.75	8.93
15.83	9.08
15.92	9.22
16.00	9.34
16.08	9.46
16.17	9.56
16.25	9.65
16.33	9.73
16.42	9.80
16.50	9.85
16.58	9.88
16.67	9.90
16.75	9.90
16.83	9.92
16.92	9.95
17.00	9.98
17.08	10.00
17.17	10.01
17.25	10.01
17.33	9.99
17.42	9.97
17.50	9.95
17.58	9.91
17.67	9.86
17.75	9.79
17.83	9.71
17.92	9.61
18.00	9.51
18.08	9.42
18.17	9.33
18.25	9.25
18.33	9.18
18.42	9.08
18.50	8.98
18.58	8.89
18.67	8.81
18.75	8.72
18.83	8.60
18.92	8.49
19.00	8.37
19.08	8.25
19.17	8.14
19.25	8.06
19.33	7.97
19.42	7.89
19.50	7.81
19.58	7.74
19.67	7.66
19.75	7.63
19.83	7.61
19.92	7.57
20.00	7.53
20.08	7.49
20.17	7.40
20.25	7.27
20.33	7.15
20.42	7.02
20.50	6.88
20.58	6.74
20.67	6.59
20.75	6.42
20.83	6.22
20.92	6.01
21.00	5.82
21.08	5.64
21.17	5.47
21.25	5.30
21.33	5.15
21.42	5.00
21.50	4.85
21.58	4.71
21.67	4.57
21.75	4.44
21.83	4.33
21.92	4.24
22.00	4.12
22.08	4.02
22.17	3.94
22.25	3.88
22.33	3.84
22.42	3.80
22.50	3.76
22.58	3.74
22.67	3.73
22.75	3.73
22.83	3.73
22.92	3.71
23.00	3.69
23.08	3.66
23.17	3.63
23.25	3.58
23.33	3.54
23.42	3.49
23.50	3.44
23.58	3.39
23.67	3.35
23.75	3.31
23.83	3.28
23.92	3.28
0.00	3.14
0.08	3.14
0.17	3.12
0.25	3.09
0.33	3.04
0.42	2.99
0.50	2.96
0.58	2.90
0.67	2.84
0.75	2.78
0.83	2.74
0.92	2.70
1.00	2.66
1.08	2.61
1.17	2.58
1.25	2.54
1.33	2.51
1.42	2.48
1.50	2.46
1.58	2.44
1.67	2.43
1.75	2.42
1.83	2.41
1.92	2.40
2.00	2.39
2.08	2.37
2.17	2.36
2.25	2.34
2.33	2.34
2.42	2.35
2.50	2.36
2.58	2.36
2.67	2.37
2.75	2.38
2.83	2.41
2.92	2.44
3.00	2.48
3.08	2.52
3.17	2.57
3.25	2.62
3.33	2.65
3.42	2.68
3.50	2.70
3.58	2.73
3.67	2.77
3.75	2.81
3.83	2.84
3.92	2.87
4.00	2.89
4.08	2.90
4.17	2.89
4.25	2.86
4.33	2.84
4.42	2.82
4.50	2.79
4.58	2.75
4.67	2.69
4.75	2.63
4.83	2.56
4.92	2.50
5.00	2.45
5.08	2.40
5.17	2.37
5.25	2.34
5.33	2.31
5.42	2.28
5.50	2.26
5.58	2.24
5.67	2.23
5.75	2.22
5.83	2.22
5.92	2.23
6.00	2.23
6.08	2.24
6.17	2.24
6.25	2.25
6.33	2.25
6.42	2.26
6.50	2.27
6.58	2.28
6.67	2.29
6.75	2.30
6.83	2.30
6.92	2.30
7.00	2.29
7.08	2.29
7.17	2.27
7.25	2.27
7.33	2.27
7.42	2.26
7.50	2.25
7.58	2.23
7.67	2.21
7.75	2.20
7.83	2.18
7.92	2.16
8.00	2.14
8.08	2.13
8.17	2.12
8.25	2.11
8.33	2.12
8.42	2.14
8.50	2.16
8.58	2.18
8.67	2.21
8.75	2.23
8.83	2.26
8.92	2.29
9.00	2.33
9.08	2.36
9.17	2.40
9.25	2.41
9.33	2.39
9.42	2.39
9.50	2.40
9.58	2.42
9.67	2.45
9.75	2.50
9.83	2.57
9.92	2.65
10.00	2.74
10.08	2.85
10.17	2.99
10.25	3.17
10.33	3.38
10.42	3.60
10.50	3.84
10.58	4.07
10.67	4.31
10.75	4.54
10.83	4.76
10.92	4.99
11.00	5.23
11.08	5.47
11.17	5.70
11.25	5.93
11.33	6.14
11.42	6.35
11.50	6.56
11.58	6.77
11.67	7.00
11.75	7.23
11.83	7.46
11.92	7.68
12.00	7.90
12.08	8.10
12.17	8.28
12.25	8.45
12.33	8.59
12.42	8.72
12.50	8.82
12.58	8.89
12.67	8.92
12.75	8.93
12.83	8.93
12.92	8.90
13.00	8.85
13.08	8.80
13.17	8.73
13.25	8.65
13.33	8.58
13.42	8.50
13.50	8.44
13.58	8.39
13.67	8.37
13.75	8.36
13.83	8.35
13.92	8.37
14.00	8.41
14.08	8.49
14.17	8.59
14.25	8.71
14.33	8.85
14.42	8.99
14.50	9.14
14.58	9.27
14.67	9.39
14.75	9.50
14.83	9.59
14.92	9.67
15.00	9.74
15.08	9.79
15.17	9.85
15.25	9.89
15.33	9.94
15.42	9.99
15.50	10.07
15.58	10.17
15.67	10.29
15.75	10.42
15.83	10.56
15.92	10.72
16.00	10.90
16.08	11.08
16.17	11.29
16.25	11.50
16.33	11.72
16.42	11.92
16.50	12.12
16.58	12.31
16.67	12.51
16.75	12.73
16.83	12.97
16.92	13.22
17.00	13.46
17.08	13.70
17.17	13.93
17.25	14.17
17.33	14.40
17.42	14.64
17.50	14.88
17.58	15.09
17.67	15.25
17.75	15.38
17.83	15.45
17.92	15.49
18.00	15.48
18.08	15.43
18.17	15.32
18.25	15.15
18.33	14.88
18.42	14.53
18.50	14.11
18.58	13.69
18.67	13.23
18.75	12.71
18.83	12.19
18.92	11.65
19.00	11.11
19.08	10.59
19.17	10.13
19.25	9.70
19.33	9.34
19.42	9.01
19.50	8.72
19.58	8.46
19.67	8.26
19.75	8.12
19.83	7.99
19.92	7.87
20.00	7.76
20.08	7.64
20.17	7.49
20.25	7.34
20.33	7.21
20.42	7.08
20.50	6.95
20.58	6.82
20.67	6.68
20.75	6.51
20.83	6.33
20.92	6.16
21.00	6.01
21.08	5.85
21.17	5.70
21.25	5.55
21.33	5.40
21.42	5.25
21.50	5.10
21.58	4.94
21.67	4.77
21.75	4.63
21.83	4.49
21.92	4.34
22.00	4.18
22.08	4.05
22.17	3.95
22.25	3.86
22.33	3.78
22.42	3.71
22.50	3.65
22.58	3.62
22.67	3.60
22.75	3.58
22.83	3.55
22.92	3.51
23.00	3.47
23.08	3.41
23.17	3.34
23.25	3.28
23.33	3.21
23.42	3.14
23.50	3.07
23.58	3.00
23.67	2.93
23.75	2.88
23.83	2.86
23.92	2.84
0.00	4.10
0.08	4.10
0.17	4.09
0.25	4.07
0.33	4.03
0.42	4.01
0.50	3.97
0.58	3.94
0.67	3.91
0.75	3.88
0.83	3.84
0.92	3.81
1.00	3.77
1.08	3.74
1.17	3.70
1.25	3.66
1.33	3.62
1.42	3.57
1.50	3.53
1.58	3.47
1.67	3.42
1.75	3.38
1.83	3.34
1.92	3.30
2.00	3.26
2.08	3.23
2.17	3.20
2.25	3.18
2.33	3.19
2.42	3.20
2.50	3.22
2.58	3.24
2.67	3.27
2.75	3.31
2.83	3.35
2.92	3.40
3.00	3.45
3.08	3.50
3.17	3.58
3.25	3.63
3.33	3.67
3.42	3.72
3.50	3.76
3.58	3.82
3.67	3.86
3.75	3.88
3.83	3.90
3.92	3.92
4.00	3.92
4.08	3.90
4.17	3.85
4.25	3.80
4.33	3.74
4.42	3.67
4.50	3.59
4.58	3.49
4.67	3.41
4.75	3.33
4.83	3.26
4.92	3.20
5.00	3.16
5.08	3.13
5.17	3.10
5.25	3.08
5.33	3.06
5.42	3.06
5.50	3.06
5.58	3.07
5.67	3.08
5.75	3.09
5.83	3.10
5.92	3.10
6.00	3.09
6.08	3.09
6.17	3.09
6.25	3.08
6.33	3.07
6.42	3.05
6.50	3.03
6.58	3.01
6.67	2.99
6.75	2.96
6.83	2.93
6.92	2.91
7.00	2.88
7.08	2.85
7.17	2.83
7.25	2.80
7.33	2.79
7.42	2.77
7.50	2.75
7.58	2.73
7.67	2.71
7.75	2.68
7.83	2.65
7.92	2.62
8.00	2.60
8.08	2.57
8.17	2.55
8.25	2.54
8.33	2.53
8.42	2.52
8.50	2.51
8.58	2.50
8.67	2.50
8.75	2.50
8.83	2.50
8.92	2.51
9.00	2.51
9.08	2.51
9.17	2.50
9.25	2.47
9.33	2.45
9.42	2.43
9.50	2.43
9.58	2.45
9.67	2.48
9.75	2.54
9.83	2.61
9.92	2.69
10.00	2.80
10.08	2.93
10.17	3.11
10.25	3.33
10.33	3.59
10.42	3.86
10.50	4.13
10.58	4.41
10.67	4.69
10.75	4.95
10.83	5.22
10.92	5.49
11.00	5.76
11.08	6.02
11.17	6.28
11.25	6.51
11.33	6.73
11.42	6.94
11.50	7.17
11.58	7.40
11.67	7.65
11.75	7.90
11.83	8.16
11.92	8.41
12.00	8.66
12.08	8.91
12.17	9.16
12.25	9.41
12.33	9.67
12.42	9.93
12.50	10.20
12.58	10.46
12.67	10.73
12.75	11.04
12.83	11.36
12.92	11.67
13.00	11.98
13.08	12.31
13.17	12.64
13.25	12.99
13.33	13.34
13.42	13.71
13.50	14.07
13.58	14.46
13.67	14.84
13.75	15.16
13.83	15.49
13.92	15.85
14.00	16.26
14.08	16.69
14.17	17.09
14.25	17.48
14.33	17.85
14.42	18.19
14.50	18.50
14.58	18.75
14.67	18.94
14.75	19.12
14.83	19.25
14.92	19.33
15.00	19.36
15.08	19.33
15.17	19.24
15.25	19.12
15.33	18.96
15.42	18.78
15.50	18.56
15.58	18.33
15.67	18.07
15.75	17.74
15.83	17.39
15.92	17.01
16.00	16.61
16.08	16.22
16.17	15.84
16.25	15.47
16.33	15.12
16.42	14.79
16.50	14.50
16.58	14.24
16.67	14.08
16.75	13.98
16.83	13.95
16.92	13.93
17.00	13.91
17.08	13.90
17.17	13.89
17.25	13.87
17.33	13.84
17.42	13.80
17.50	13.73
17.58	13.62
17.67	13.48
17.75	13.30
17.83	13.10
17.92	12.90
18.00	12.71
18.08	12.54
18.17	12.37
18.25	12.17
18.33	11.94
18.42	11.71
18.50	11.50
18.58	11.29
18.67	11.02
18.75	10.74
18.83	10.44
18.92	10.14
19.00	9.81
19.08	9.52
19.17	9.24
19.25	9.00
19.33	8.76
19.42	8.53
19.50	8.31
19.58	8.13
19.67	8.01
19.75	7.89
19.83	7.78
19.92	7.68
20.00	7.58
20.08	7.45
20.17	7.31
20.25	7.17
20.33	7.05
20.42	6.94
20.50	6.83
20.58	6.71
20.67	6.57
20.75	6.43
20.83	6.28
20.92	6.16
21.00	6.03
21.08	5.91
21.17	5.80
21.25	5.69
21.33	5.57
21.42	5.45
21.50	5.31
21.58	5.16
21.67	5.02
21.75	4.89
21.83	4.75
21.92	4.60
22.00	4.46
22.08	4.34
22.17	4.25
22.25	4.15
22.33	4.07
22.42	3.99
22.50	3.95
22.58	3.93
22.67	3.90
22.75	3.88
22.83	3.87
22.92	3.85
23.00	3.83
23.08	3.80
23.17	3.77
23.25	3.74
23.33	3.72
23.42	3.70
23.50	3.70
23.58	3.70
23.67	3.68
23.75	3.68
23.83	3.68
23.92	3.68
0.00	3.72
0.08	3.71
0.17	3.71
0.25	3.70
0.33	3.70
0.42	3.68
0.50	3.66
0.58	3.64
0.67	3.61
0.75	3.59
0.83	3.57
0.92	3.53
1.00	3.49
1.08	3.45
1.17	3.41
1.25	3.37
1.33	3.32
1.42	3.27
1.50	3.22
1.58	3.17
1.67	3.13
1.75	3.09
1.83	3.05
1.92	3.02
2.00	2.99
2.08	2.96
2.17	2.95
2.25	2.95
2.33	2.97
2.42	2.99
2.50	3.01
2.58	3.04
2.67	3.08
2.75	3.12
2.83	3.17
2.92	3.22
3.00	3.27
3.08	3.32
3.17	3.37
3.25	3.40
3.33	3.43
3.42	3.46
3.50	3.50
3.58	3.55
3.67	3.59
3.75	3.62
3.83	3.65
3.92	3.66
4.00	3.67
4.08	3.66
4.17	3.65
4.25	3.64
4.33	3.63
4.42	3.60
4.50	3.56
4.58	3.52
4.67	3.47
4.75	3.43
4.83	3.40
4.92	3.38
5.00	3.36
5.08	3.33
5.17	3.30
5.25	3.26
5.33	3.23
5.42	3.19
5.50	3.16
5.58	3.12
5.67	3.08
5.75	3.05
5.83	3.01
5.92	2.98
6.00	2.95
6.08	2.93
6.17	2.91
6.25	2.89
6.33	2.87
6.42	2.84
6.50	2.82
6.58	2.80
6.67	2.76
6.75	2.72
6.83	2.68
6.92	2.63
7.00	2.57
7.08	2.53
7.17	2.49
7.25	2.45
7.33	2.41
7.42	2.37
7.50	2.34
7.58	2.32
7.67	2.30
7.75	2.28
7.83	2.27
7.92	2.27
8.00	2.26
8.08	2.26
8.17	2.26
8.25	2.28
8.33	2.30
8.42	2.32
8.50	2.34
8.58	2.36
8.67	2.38
8.75	2.40
8.83	2.42
8.92	2.44
9.00	2.46
9.08	2.47
9.17	2.44
9.25	2.42
9.33	2.39
9.42	2.38
9.50	2.37
9.58	2.38
9.67	2.40
9.75	2.44
9.83	2.49
9.92	2.54
10.00	2.63
10.08	2.74
10.17	2.88
10.25	3.05
10.33	3.23
10.42	3.42
10.50	3.60
10.58	3.78
10.67	3.94
10.75	4.10
10.83	4.26
10.92	4.43
11.00	4.59
11.08	4.75
11.17	4.89
11.25	5.03
11.33	5.16
11.42	5.31
11.50	5.47
11.58	5.65
11.67	5.85
11.75	6.07
11.83	6.29
11.92	6.51
12.00	6.74
12.08	6.98
12.17	7.22
12.25	7.47
12.33	7.73
12.42	7.98
12.50	8.22
12.58	8.47
12.67	8.72
12.75	8.97
12.83	9.22
12.92	9.46
13.00	9.68
13.08	9.90
13.17	10.10
13.25	10.29
13.33	10.47
13.42	10.63
13.50	10.78
13.58	10.92
13.67	10.99
13.75	11.04
13.83	11.06
13.92	11.10
14.00	11.13
14.08	11.16
14.17	11.17
14.25	11.17
14.33	11.16
14.42	11.15
14.50	11.13
14.58	11.09
14.67	11.06
14.75	11.03
14.83	10.97
14.92	10.89
15.00	10.80
15.08	10.71
15.17	10.61
15.25	10.51
15.33	10.41
15.42	10.31
15.50	10.22
15.58	10.15
15.67	10.08
15.75	10.03
15.83	10.00
15.92	9.98
16.00	9.98
16.08	10.00
16.17	10.03
16.25	10.08
16.33	10.12
16.42	10.18
16.50	10.25
16.58	10.34
16.67	10.44
16.75	10.55
16.83	10.67
16.92	10.79
17.00	10.91
17.08	11.02
17.17	11.14
17.25	11.26
17.33	11.38
17.42	11.50
17.50	11.60
17.58	11.70
17.67	11.80
17.75	11.89
17.83	11.98
17.92	12.06
18.00	12.13
18.08	12.19
18.17	12.23
18.25	12.22
18.33	12.18
18.42	12.11
18.50	12.03
18.58	11.88
18.67	11.69
18.75	11.48
18.83	11.24
18.92	10.97
19.00	10.70
19.08	10.42
19.17	10.12
19.25	9.81
19.33	9.51
19.42	9.21
19.50	8.91
19.58	8.67
19.67	8.42
19.75	8.18
19.83	7.95
19.92	7.72
20.00	7.47
20.08	7.23
20.17	7.00
20.25	6.80
20.33	6.60
20.42	6.42
20.50	6.25
20.58	6.07
20.67	5.89
20.75	5.71
20.83	5.57
20.92	5.43
21.00	5.31
21.08	5.21
21.17	5.12
21.25	5.04
21.33	4.95
21.42	4.86
21.50	4.75
21.58	4.65
21.67	4.57
21.75	4.47
21.83	4.36
21.92	4.26
22.00	4.18
22.08	4.10
22.17	4.04
22.25	3.97
22.33	3.91
22.42	3.88
22.50	3.87
22.58	3.86
22.67	3.84
22.75	3.82
22.83	3.81
22.92	3.80
23.00	3.77
23.08	3.74
23.17	3.71
23.25	3.69
23.33	3.67
23.42	3.66
23.50	3.66
23.58	3.66
23.67	3.66
23.75	3.66
23.83	3.65
23.92	3.65
0.00	3.80
0.08	3.78
0.17	3.75
0.25	3.72
0.33	3.66
0.42	3.59
0.50	3.51
0.58	3.43
0.67	3.35
0.75	3.28
0.83	3.21
0.92	3.15
1.00	3.08
1.08	3.02
1.17	2.96
1.25	2.89
1.33	2.84
1.42	2.78
1.50	2.73
1.58	2.69
1.67	2.66
1.75	2.62
1.83	2.60
1.92	2.58
2.00	2.57
2.08	2.56
2.17	2.58
2.25	2.61
2.33	2.64
2.42	2.67
2.50	2.69
2.58	2.73
2.67	2.77
2.75	2.81
2.83	2.84
2.92	2.88
3.00	2.91
3.08	2.95
3.17	2.97
3.25	2.99
3.33	3.00
3.42	3.03
3.50	3.06
3.58	3.09
3.67	3.12
3.75	3.14
3.83	3.15
3.92	3.16
4.00	3.15
4.08	3.12
4.17	3.09
4.25	3.06
4.33	3.03
4.42	2.99
4.50	2.94
4.58	2.89
4.67	2.83
4.75	2.78
4.83	2.73
4.92	2.69
5.00	2.66
5.08	2.63
5.17	2.61
5.25	2.59
5.33	2.57
5.42	2.54
5.50	2.52
5.58	2.50
5.67	2.50
5.75	2.49
5.83	2.49
5.92	2.48
6.00	2.48
6.08	2.47
6.17	2.47
6.25	2.47
6.33	2.47
6.42	2.47
6.50	2.47
6.58	2.47
6.67	2.47
6.75	2.46
6.83	2.45
6.92	2.44
7.00	2.44
7.08	2.44
7.17	2.44
7.25	2.43
7.33	2.43
7.42	2.43
7.50	2.44
7.58	2.45
7.67	2.45
7.75	2.45
7.83	2.45
7.92	2.46
8.00	2.46
8.08	2.47
8.17	2.49
8.25	2.51
8.33	2.53
8.42	2.53
8.50	2.54
8.58	2.55
8.67	2.57
8.75	2.59
8.83	2.61
8.92	2.62
9.00	2.63
9.08	2.61
9.17	2.58
9.25	2.56
9.33	2.53
9.42	2.52
9.50	2.51
9.58	2.53
9.67	2.55
9.75	2.59
9.83	2.64
9.92	2.70
10.00	2.81
10.08	2.95
10.17	3.12
10.25	3.31
10.33	3.51
10.42	3.72
10.50	3.93
10.58	4.13
10.67	4.34
10.75	4.54
10.83	4.75
10.92	4.96
11.00	5.15
11.08	5.33
11.17	5.48
11.25	5.63
11.33	5.77
11.42	5.92
11.50	6.08
11.58	6.23
11.67	6.39
11.75	6.53
11.83	6.66
11.92	6.78
12.00	6.90
12.08	7.02
12.17	7.13
12.25	7.24
12.33	7.34
12.42	7.42
12.50	7.50
12.58	7.60
12.67	7.71
12.75	7.83
12.83	7.96
12.92	8.09
13.00	8.22
13.08	8.34
13.17	8.46
13.25	8.58
13.33	8.69
13.42	8.80
13.50	8.90
13.58	8.98
13.67	9.03
13.75	9.07
13.83	9.12
13.92	9.18
14.00	9.24
14.08	9.30
14.17	9.36
14.25	9.42
14.33	9.48
14.42	9.52
14.50	9.55
14.58	9.57
14.67	9.58
14.75	9.58
14.83	9.56
14.92	9.55
15.00	9.53
15.08	9.51
15.17	9.49
15.25	9.49
15.33	9.49
15.42	9.51
15.50	9.55
15.58	9.58
15.67	9.61
15.75	9.66
15.83	9.70
15.92	9.73
16.00	9.78
16.08	9.82
16.17	9.86
16.25	9.87
16.33	9.88
16.42	9.89
16.50	9.90
16.58	9.92
16.67	9.94
16.75	9.98
16.83	10.00
16.92	10.02
17.00	10.04
17.08	10.06
17.17	10.07
17.25	10.08
17.33	10.10
17.42	10.09
17.50	10.08
17.58	10.06
17.67	10.03
17.75	10.00
17.83	9.98
17.92	9.95
18.00	9.91
18.08	9.88
18.17	9.81
18.25	9.73
18.33	9.66
18.42	9.60
18.50	9.51
18.58	9.41
18.67	9.29
18.75	9.16
18.83	9.01
18.92	8.87
19.00	8.74
19.08	8.60
19.17	8.47
19.25	8.32
19.33	8.16
19.42	8.01
19.50	7.88
19.58	7.77
19.67	7.64
19.75	7.52
19.83	7.41
19.92	7.26
20.00	7.11
20.08	6.96
20.17	6.81
20.25	6.68
20.33	6.55
20.42	6.42
20.50	6.28
20.58	6.12
20.67	5.97
20.75	5.84
20.83	5.72
20.92	5.60
21.00	5.49
21.08	5.38
21.17	5.27
21.25	5.15
21.33	5.03
21.42	4.88
21.50	4.74
21.58	4.60
21.67	4.46
21.75	4.29
21.83	4.13
21.92	3.99
22.00	3.87
22.08	3.75
22.17	3.65
22.25	3.55
22.33	3.48
22.42	3.42
22.50	3.37
22.58	3.33
22.67	3.28
22.75	3.23
22.83	3.18
22.92	3.11
23.00	3.05
23.08	2.99
23.17	2.93
23.25	2.88
23.33	2.83
23.42	2.80
23.50	2.77
23.58	2.75
23.67	2.75
23.75	2.74
23.83	2.74
23.92	2.73
0.00	2.92
0.08	2.91
0.17	2.89
0.25	2.88
0.33	2.86
0.42	2.84
0.50	2.81
0.58	2.79
0.67	2.76
0.75	2.74
0.83	2.71
0.92	2.68
1.00	2.65
1.08	2.63
1.17	2.60
1.25	2.57
1.33	2.54
1.42	2.51
1.50	2.47
1.58	2.44
1.67	2.41
1.75	2.38
1.83	2.34
1.92	2.31
2.00	2.28
2.08	2.29
2.17	2.29
2.25	2.31
2.33	2.33
2.42	2.34
2.50	2.38
2.58	2.42
2.67	2.47
2.75	2.53
2.83	2.59
2.92	2.65
3.00	2.71
3.08	2.74
3.17	2.77
3.25	2.80
3.33	2.83
3.42	2.88
3.50	2.91
3.58	2.93
3.67	2.96
3.75	2.97
3.83	2.98
3.92	2.98
4.00	2.97
4.08	2.96
4.17	2.96
4.25	2.95
4.33	2.93
4.42	2.89
4.50	2.85
4.58	2.81
4.67	2.77
4.75	2.74
4.83	2.71
4.92	2.69
5.00	2.68
5.08	2.66
5.17	2.63
5.25	2.62
5.33	2.60
5.42	2.59
5.50	2.58
5.58	2.59
5.67	2.60
5.75	2.61
5.83	2.62
5.92	2.63
6.00	2.63
6.08	2.64
6.17	2.65
6.25	2.66
6.33	2.67
6.42	2.68
6.50	2.69
6.58	2.68
6.67	2.67
6.75	2.66
6.83	2.64
6.92	2.63
7.00	2.62
7.08	2.61
7.17	2.60
7.25	2.58
7.33	2.56
7.42	2.55
7.50	2.53
7.58	2.51
7.67	2.48
7.75	2.46
7.83	2.44
7.92	2.42
8.00	2.41
8.08	2.41
8.17	2.42
8.25	2.44
8.33	2.45
8.42	2.47
8.50	2.49
8.58	2.53
8.67	2.56
8.75	2.59
8.83	2.62
8.92	2.64
9.00	2.62
9.08	2.59
9.17	2.57
9.25	2.54
9.33	2.51
9.42	2.49
9.50	2.48
9.58	2.48
9.67	2.48
9.75	2.50
9.83	2.53
9.92	2.60
10.00	2.68
10.08	2.80
10.17	2.92
10.25	3.05
10.33	3.17
10.42	3.30
10.50	3.41
10.58	3.52
10.67	3.63
10.75	3.74
10.83	3.85
10.92	3.96
11.00	4.06
11.08	4.14
11.17	4.23
11.25	4.32
11.33	4.42
11.42	4.54
11.50	4.66
11.58	4.79
11.67	4.92
11.75	5.04
11.83	5.15
11.92	5.25
12.00	5.35
12.08	5.45
12.17	5.55
12.25	5.65
12.33	5.73
12.42	5.81
12.50	5.88
12.58	5.96
12.67	6.06
12.75	6.15
12.83	6.26
12.92	6.36
13.00	6.46
13.08	6.56
13.17	6.66
13.25	6.76
13.33	6.86
13.42	6.96
13.50	7.06
13.58	7.15
13.67	7.23
13.75	7.32
13.83	7.42
13.92	7.52
14.00	7.64
14.08	7.76
14.17	7.89
14.25	8.03
14.33	8.17
14.42	8.30
14.50	8.42
14.58	8.54
14.67	8.66
14.75	8.77
14.83	8.88
14.92	8.98
15.00	9.07
15.08	9.15
15.17	9.23
15.25	9.31
15.33	9.39
15.42	9.47
15.50	9.54
15.58	9.60
15.67	9.67
15.75	9.72
15.83	9.77
15.92	9.82
16.00	9.86
16.08	9.91
16.17	9.93
16.25	9.95
16.33	9.96
16.42	9.96
16.50	9.97
16.58	10.00
16.67	10.01
16.75	10.02
16.83	10.01
16.92	9.99
17.00	9.96
17.08	9.93
17.17	9.90
17.25	9.87
17.33	9.83
17.42	9.80
17.50	9.77
17.58	9.72
17.67	9.68
17.75	9.64
17.83	9.62
17.92	9.59
18.00	9.56
18.08	9.50
18.17	9.43
18.25	9.36
18.33	9.30
18.42	9.22
18.50	9.11
18.58	9.02
18.67	8.92
18.75	8.82
18.83	8.72
18.92	8.63
19.00	8.53
19.08	8.44
19.17	8.34
19.25	8.24
19.33	8.13
19.42	8.04
19.50	7.94
19.58	7.83
19.67	7.71
19.75	7.60
19.83	7.46
19.92	7.30
20.00	7.16
20.08	7.01
20.17	6.87
20.25	6.72
20.33	6.58
20.42	6.42
20.50	6.25
20.58	6.08
20.67	5.92
20.75	5.77
20.83	5.62
20.92	5.49
21.00	5.35
21.08	5.22
21.17	5.09
21.25	4.96
21.33	4.82
21.42	4.67
21.50	4.54
21.58	4.41
21.67	4.26
21.75	4.12
21.83	4.00
21.92	3.89
22.00	3.80
22.08	3.71
22.17	3.62
22.25	3.55
22.33	3.50
22.42	3.46
22.50	3.41
22.58	3.36
22.67	3.31
22.75	3.26
22.83	3.20
22.92	3.14
23.00	3.08
23.08	3.02
23.17	2.96
23.25	2.92
23.33	2.88
23.42	2.85
23.50	2.82
23.58	2.80
23.67	2.80
23.75	2.80
23.83	2.78
23.92	2.78
0.00	3.10
0.08	3.10
0.17	3.09
0.25	3.06
0.33	3.03
0.42	3.00
0.50	2.95
0.58	2.91
0.67	2.86
0.75	2.82
0.83	2.77
0.92	2.74
1.00	2.70
1.08	2.66
1.17	2.62
1.25	2.58
1.33	2.54
1.42	2.51
1.50	2.48
1.58	2.46
1.67	2.44
1.75	2.42
1.83	2.40
1.92	2.38
2.00	2.39
2.08	2.40
2.17	2.42
2.25	2.45
2.33	2.47
2.42	2.50
2.50	2.53
2.58	2.56
2.67	2.59
2.75	2.62
2.83	2.65
2.92	2.69
3.00	2.71
3.08	2.73
3.17	2.74
3.25	2.76
3.33	2.79
3.42	2.82
3.50	2.85
3.58	2.88
3.67	2.90
3.75	2.91
3.83	2.92
3.92	2.90
4.00	2.88
4.08	2.86
4.17	2.84
4.25	2.81
4.33	2.76
4.42	2.71
4.50	2.66
4.58	2.62
4.67	2.59
4.75	2.56
4.83	2.53
4.92	2.52
5.00	2.50
5.08	2.49
5.17	2.49
5.25	2.48
5.33	2.48
5.42	2.47
5.50	2.47
5.58	2.46
5.67	2.46
5.75	2.46
5.83	2.47
5.92	2.48
6.00	2.48
6.08	2.49
6.17	2.49
6.25	2.50
6.33	2.50
6.42	2.50
6.50	2.50
6.58	2.50
6.67	2.49
6.75	2.48
6.83	2.48
6.92	2.47
7.00	2.47
7.08	2.46
7.17	2.46
7.25	2.46
7.33	2.46
7.42	2.47
7.50	2.47
7.58	2.47
7.67	2.46
7.75	2.45
7.83	2.45
7.92	2.44
8.00	2.45
8.08	2.46
8.17	2.47
8.25	2.47
8.33	2.47
8.42	2.47
8.50	2.48
8.58	2.50
8.67	2.51
8.75	2.52
8.83	2.53
8.92	2.52
9.00	2.49
9.08	2.46
9.17	2.43
9.25	2.41
9.33	2.39
9.42	2.39
9.50	2.39
9.58	2.40
9.67	2.42
9.75	2.46
9.83	2.52
9.92	2.62
10.00	2.76
10.08	2.91
10.17	3.07
10.25	3.22
10.33	3.37
10.42	3.51
10.50	3.63
10.58	3.75
10.67	3.87
10.75	3.97
10.83	4.06
10.92	4.14
11.00	4.18
11.08	4.21
11.17	4.24
11.25	4.28
11.33	4.33
11.42	4.40
11.50	4.47
11.58	4.54
11.67	4.61
11.75	4.68
11.83	4.75
11.92	4.82
12.00	4.88
12.08	4.96
12.17	5.03
12.25	5.10
12.33	5.16
12.42	5.23
12.50	5.30
12.58	5.38
12.67	5.46
12.75	5.55
12.83	5.64
12.92	5.73
13.00	5.82
13.08	5.91
13.17	6.00
13.25	6.09
13.33	6.18
13.42	6.27
13.50	6.35
13.58	6.42
13.67	6.49
13.75	6.56
13.83	6.64
13.92	6.72
14.00	6.81
14.08	6.90
14.17	6.99
14.25	7.09
14.33	7.19
14.42	7.29
14.50	7.38
14.58	7.48
14.67	7.58
14.75	7.68
14.83	7.77
14.92	7.87
15.00	7.97
15.08	8.07
15.17	8.17
15.25	8.26
15.33	8.36
15.42	8.45
15.50	8.55
15.58	8.64
15.67	8.73
15.75	8.82
15.83	8.90
15.92	8.98
16.00	9.06
16.08	9.13
16.17	9.21
16.25	9.28
16.33	9.36
16.42	9.45
16.50	9.54
16.58	9.64
16.67	9.75
16.75	9.85
16.83	9.96
16.92	10.07
17.00	10.17
17.08	10.27
17.17	10.36
17.25	10.43
17.33	10.45
17.42	10.45
17.50	10.44
17.58	10.42
17.67	10.38
17.75	10.32
17.83	10.24
17.92	10.15
18.00	10.01
18.08	9.86
18.17	9.70
18.25	9.56
18.33	9.43
18.42	9.25
18.50	9.07
18.58	8.88
18.67	8.70
18.75	8.54
18.83	8.42
18.92	8.31
19.00	8.23
19.08	8.15
19.17	8.07
19.25	7.97
19.33	7.92
19.42	7.91
19.50	7.89
19.58	7.86
19.67	7.82
19.75	7.76
19.83	7.65
19.92	7.54
20.00	7.43
20.08	7.32
20.17	7.21
20.25	7.11
20.33	7.00
20.42	6.87
20.50	6.74
20.58	6.63
20.67	6.54
20.75	6.45
20.83	6.38
20.92	6.31
21.00	6.23
21.08	6.15
21.17	6.07
21.25	5.97
21.33	5.85
21.42	5.74
21.50	5.63
21.58	5.49
21.67	5.33
21.75	5.18
21.83	5.05
21.92	4.92
22.00	4.79
22.08	4.67
22.17	4.55
22.25	4.47
22.33	4.40
22.42	4.34
22.50	4.26
22.58	4.19
22.67	4.13
22.75	4.05
22.83	3.97
22.92	3.89
23.00	3.81
23.08	3.74
23.17	3.66
23.25	3.60
23.33	3.54
23.42	3.48
23.50	3.44
23.58	3.41
23.67	3.39
23.75	3.38
23.83	3.37
23.92	3.36
0.00	3.55
0.08	3.55
0.17	3.53
0.25	3.49
0.33	3.44
0.42	3.38
0.50	3.31
0.58	3.24
0.67	3.16
0.75	3.09
0.83	3.02
0.92	2.96
1.00	2.89
1.08	2.82
1.17	2.76
1.25	2.70
1.33	2.65
1.42	2.60
1.50	2.56
1.58	2.51
1.67	2.48
1.75	2.44
1.83	2.41
1.92	2.40
2.00	2.40
2.08	2.40
2.17	2.41
2.25	2.42
2.33	2.44
2.42	2.46
2.50	2.49
2.58	2.52
2.67	2.55
2.75	2.58
2.83	2.61
2.92	2.63
3.00	2.65
3.08	2.66
3.17	2.67
3.25	2.70
3.33	2.73
3.42	2.75
3.50	2.77
3.58	2.78
3.67	2.79
3.75	2.79
3.83	2.77
3.92	2.75
4.00	2.73
4.08	2.71
4.17	2.69
4.25	2.64
4.33	2.59
4.42	2.53
4.50	2.48
4.58	2.45
4.67	2.41
4.75	2.38
4.83	2.36
4.92	2.33
5.00	2.31
5.08	2.29
5.17	2.28
5.25	2.26
5.33	2.25
5.42	2.25
5.50	2.24
5.58	2.23
5.67	2.23
5.75	2.23
5.83	2.24
5.92	2.24
6.00	2.24
6.08	2.23
6.17	2.23
6.25	2.22
6.33	2.21
6.42	2.20
6.50	2.19
6.58	2.18
6.67	2.17
6.75	2.17
6.83	2.17
6.92	2.17
7.00	2.17
7.08	2.18
7.17	2.19
7.25	2.21
7.33	2.23
7.42	2.24
7.50	2.23
7.58	2.23
7.67	2.23
7.75	2.23
7.83	2.23
7.92	2.25
8.00	2.26
8.08	2.28
8.17	2.29
8.25	2.30
8.33	2.32
8.42	2.35
8.50	2.38
8.58	2.41
8.67	2.43
8.75	2.46
8.83	2.46
8.92	2.43
9.00	2.40
9.08	2.37
9.17	2.34
9.25	2.31
9.33	2.30
9.42	2.28
9.50	2.27
9.58	2.27
9.67	2.27
9.75	2.30
9.83	2.36
9.92	2.46
10.00	2.59
10.08	2.72
10.17	2.86
10.25	3.00
10.33	3.14
10.42	3.27
10.50	3.40
10.58	3.54
10.67	3.67
10.75	3.79
10.83	3.91
10.92	3.99
11.00	4.06
11.08	4.13
11.17	4.21
11.25	4.29
11.33	4.39
11.42	4.50
11.50	4.61
11.58	4.71
11.67	4.82
11.75	4.93
11.83	5.03
11.92	5.14
12.00	5.25
12.08	5.36
12.17	5.47
12.25	5.57
12.33	5.68
12.42	5.79
12.50	5.92
12.58	6.09
12.67	6.26
12.75	6.45
12.83	6.65
12.92	6.86
13.00	7.08
13.08	7.30
13.17	7.52
13.25	7.74
13.33	7.95
13.42	8.14
13.50	8.30
13.58	8.45
13.67	8.58
13.75	8.70
13.83	8.82
13.92	8.92
14.00	9.02
14.08	9.12
14.17	9.22
14.25	9.31
14.33	9.38
14.42	9.44
14.50	9.49
14.58	9.55
14.67	9.62
14.75	9.70
14.83	9.79
14.92	9.89
15.00	9.99
15.08	10.09
15.17	10.19
15.25	10.32
15.33	10.46
15.42	10.60
15.50	10.74
15.58	10.87
15.67	10.98
15.75	11.07
15.83	11.16
15.92	11.23
16.00	11.30
16.08	11.35
16.17	11.39
16.25	11.43
16.33	11.48
16.42	11.52
16.50	11.56
16.58	11.60
16.67	11.63
16.75	11.65
16.83	11.68
16.92	11.70
17.00	11.72
17.08	11.75
17.17	11.77
17.25	11.76
17.33	11.74
17.42	11.73
17.50	11.71
17.58	11.70
17.67	11.68
17.75	11.66
17.83	11.62
17.92	11.53
18.00	11.40
18.08	11.26
18.17	11.13
18.25	11.01
18.33	10.84
18.42	10.66
18.50	10.48
18.58	10.28
18.67	10.06
18.75	9.89
18.83	9.71
18.92	9.56
19.00	9.40
19.08	9.23
19.17	9.05
19.25	8.89
19.33	8.77
19.42	8.64
19.50	8.51
19.58	8.39
19.67	8.26
19.75	8.09
19.83	7.94
19.92	7.81
20.00	7.69
20.08	7.57
20.17	7.47
20.25	7.36
20.33	7.23
20.42	7.09
20.50	6.96
20.58	6.85
20.67	6.74
20.75	6.64
20.83	6.52
20.92	6.39
21.00	6.25
21.08	6.10
21.17	5.92
21.25	5.74
21.33	5.58
21.42	5.41
21.50	5.23
21.58	5.04
21.67	4.86
21.75	4.72
21.83	4.60
21.92	4.49
22.00	4.39
22.08	4.30
22.17	4.25
22.25	4.20
22.33	4.16
22.42	4.11
22.50	4.07
22.58	4.02
22.67	3.98
22.75	3.91
22.83	3.84
22.92	3.78
23.00	3.73
23.08	3.68
23.17	3.65
23.25	3.61
23.33	3.58
23.42	3.56
23.50	3.53
23.58	3.51
23.67	3.49
23.75	3.50
23.83	3.51
23.92	3.51
0.00	3.44
0.08	3.43
0.17	3.41
0.25	3.38
0.33	3.33
0.42	3.27
0.50	3.20
0.58	3.13
0.67	3.06
0.75	3.00
0.83	2.95
0.92	2.89
1.00	2.84
1.08	2.80
1.17	2.76
1.25	2.73
1.33	2.71
1.42	2.69
1.50	2.68
1.58	2.67
1.67	2.67
1.75	2.68
1.83	2.69
1.92	2.74
2.00	2.78
2.08	2.82
2.17	2.86
2.25	2.90
2.33	2.95
2.42	2.99
2.50	3.03
2.58	3.07
2.67	3.10
2.75	3.13
2.83	3.14
2.92	3.14
3.00	3.14
3.08	3.14
3.17	3.14
3.25	3.15
3.33	3.16
3.42	3.17
3.50	3.16
3.58	3.15
3.67	3.14
3.75	3.11
3.83	3.07
3.92	3.04
4.00	3.00
4.08	2.96
4.17	2.91
4.25	2.86
4.33	2.81
4.42	2.76
4.50	2.74
4.58	2.72
4.67	2.70
4.75	2.69
4.83	2.69
4.92	2.68
5.00	2.69
5.08	2.68
5.17	2.68
5.25	2.68
5.33	2.68
5.42	2.67
5.50	2.66
5.58	2.65
5.67	2.65
5.75	2.64
5.83	2.63
5.92	2.61
6.00	2.60
6.08	2.58
6.17	2.56
6.25	2.54
6.33	2.53
6.42	2.51
6.50	2.50
6.58	2.49
6.67	2.47
6.75	2.46
6.83	2.46
6.92	2.46
7.00	2.46
7.08	2.46
7.17	2.47
7.25	2.47
7.33	2.48
7.42	2.47
7.50	2.46
7.58	2.46
7.67	2.46
7.75	2.46
7.83	2.47
7.92	2.48
8.00	2.49
8.08	2.50
8.17	2.51
8.25	2.53
8.33	2.54
8.42	2.56
8.50	2.57
8.58	2.58
8.67	2.59
8.75	2.58
8.83	2.54
8.92	2.49
9.00	2.45
9.08	2.40
9.17	2.36
9.25	2.33
9.33	2.30
9.42	2.28
9.50	2.27
9.58	2.26
9.67	2.28
9.75	2.34
9.83	2.42
9.92	2.54
10.00	2.67
10.08	2.81
10.17	2.95
10.25	3.10
10.33	3.23
10.42	3.36
10.50	3.49
10.58	3.62
10.67	3.74
10.75	3.85
10.83	3.93
10.92	3.99
11.00	4.06
11.08	4.11
11.17	4.18
11.25	4.25
11.33	4.33
11.42	4.42
11.50	4.50
11.58	4.59
11.67	4.68
11.75	4.77
11.83	4.87
11.92	4.96
12.00	5.06
12.08	5.16
12.17	5.24
12.25	5.34
12.33	5.43
12.42	5.54
12.50	5.66
12.58	5.79
12.67	5.92
12.75	6.06
12.83	6.19
12.92	6.33
13.00	6.48
13.08	6.64
13.17	6.79
13.25	6.92
13.33	7.06
13.42	7.18
13.50	7.31
13.58	7.43
13.67	7.55
13.75	7.68
13.83	7.82
13.92	7.96
14.00	8.11
14.08	8.26
14.17	8.43
14.25	8.59
14.33	8.73
14.42	8.86
14.50	8.99
14.58	9.10
14.67	9.21
14.75	9.30
14.83	9.37
14.92	9.44
15.00	9.52
15.08	9.57
15.17	9.63
15.25	9.70
15.33	9.73
15.42	9.75
15.50	9.79
15.58	9.84
15.67	9.90
15.75	9.96
15.83	10.03
15.92	10.10
16.00	10.17
16.08	10.25
16.17	10.34
16.25	10.48
16.33	10.68
16.42	10.90
16.50	11.12
16.58	11.36
16.67	11.61
16.75	11.86
16.83	12.12
16.92	12.37
17.00	12.63
17.08	12.86
17.17	13.02
17.25	13.13
17.33	13.21
17.42	13.25
17.50	13.28
17.58	13.28
17.67	13.27
17.75	13.23
17.83	13.15
17.92	13.01
18.00	12.87
18.08	12.76
18.17	12.70
18.25	12.58
18.33	12.46
18.42	12.34
18.50	12.21
18.58	12.08
18.67	11.98
18.75	11.88
18.83	11.80
18.92	11.69
19.00	11.55
19.08	11.36
19.17	11.16
19.25	10.99
19.33	10.80
19.42	10.57
19.50	10.32
19.58	10.04
19.67	9.69
19.75	9.33
19.83	8.98
19.92	8.63
20.00	8.31
20.08	8.02
20.17	7.73
20.25	7.41
20.33	7.09
20.42	6.80
20.50	6.55
20.58	6.31
20.67	6.09
20.75	5.89
20.83	5.71
20.92	5.54
21.00	5.38
21.08	5.21
21.17	5.04
21.25	4.89
21.33	4.77
21.42	4.63
21.50	4.49
21.58	4.35
21.67	4.24
21.75	4.15
21.83	4.06
21.92	3.98
22.00	3.91
22.08	3.87
22.17	3.84
22.25	3.82
22.33	3.80
22.42	3.79
22.50	3.79
22.58	3.79
22.67	3.77
22.75	3.75
22.83	3.73
22.92	3.71
23.00	3.70
23.08	3.71
23.17	3.73
23.25	3.74
23.33	3.74
23.42	3.75
23.50	3.74
23.58	3.74
23.67	3.75
23.75	3.76
23.83	3.78
23.92	3.81
0.00	4.11
0.08	4.09
0.17	4.05
0.25	3.99
0.33	3.92
0.42	3.84
0.50	3.74
0.58	3.65
0.67	3.56
0.75	3.48
0.83	3.40
0.92	3.32
1.00	3.25
1.08	3.19
1.17	3.13
1.25	3.08
1.33	3.03
1.42	2.99
1.50	2.95
1.58	2.90
1.67	2.86
1.75	2.83
1.83	2.83
1.92	2.83
2.00	2.83
2.08	2.83
2.17	2.84
2.25	2.86
2.33	2.87
2.42	2.90
2.50	2.92
2.58	2.95
2.67	2.99
2.75	3.02
2.83	3.04
2.92	3.05
3.00	3.07
3.08	3.09
3.17	3.14
3.25	3.17
3.33	3.20
3.42	3.22
3.50	3.23
3.58	3.24
3.67	3.22
3.75	3.19
3.83	3.17
3.92	3.14
4.00	3.11
4.08	3.07
4.17	3.01
4.25	2.96
4.33	2.91
4.42	2.87
4.50	2.84
4.58	2.82
4.67	2.79
4.75	2.77
4.83	2.74
4.92	2.72
5.00	2.70
5.08	2.68
5.17	2.65
5.25	2.63
5.33	2.61
5.42	2.59
5.50	2.57
5.58	2.55
5.67	2.54
5.75	2.53
5.83	2.52
5.92	2.51
6.00	2.50
6.08	2.49
6.17	2.48
6.25	2.47
6.33	2.47
6.42	2.46
6.50	2.45
6.58	2.45
6.67	2.46
6.75	2.49
6.83	2.51
6.92	2.53
7.00	2.56
7.08	2.58
7.17	2.61
7.25	2.63
7.33	2.64
7.42	2.65
7.50	2.65
7.58	2.64
7.67	2.63
7.75	2.61
7.83	2.60
7.92	2.60
8.00	2.59
8.08	2.58
8.17	2.57
8.25	2.56
8.33	2.56
8.42	2.57
8.50	2.58
8.58	2.60
8.67	2.59
8.75	2.56
8.83	2.52
8.92	2.48
9.00	2.44
9.08	2.41
9.17	2.37
9.25	2.34
9.33	2.32
9.42	2.29
9.50	2.27
9.58	2.27
9.67	2.31
9.75	2.39
9.83	2.51
9.92	2.66
10.00	2.83
10.08	3.01
10.17	3.20
10.25	3.41
10.33	3.62
10.42	3.84
10.50	4.06
10.58	4.28
10.67	4.50
10.75	4.69
10.83	4.85
10.92	5.00
11.00	5.13
11.08	5.26
11.17	5.38
11.25	5.49
11.33	5.60
11.42	5.70
11.50	5.78
11.58	5.86
11.67	5.92
11.75	5.98
11.83	6.04
11.92	6.09
12.00	6.13
12.08	6.16
12.17	6.19
12.25	6.22
12.33	6.26
12.42	6.31
12.50	6.34
12.58	6.38
12.67	6.42
12.75	6.47
12.83	6.53
12.92	6.61
13.00	6.69
13.08	6.78
13.17	6.87
13.25	6.97
13.33	7.06
13.42	7.16
13.50	7.28
13.58	7.40
13.67	7.54
13.75	7.67
13.83	7.82
13.92	7.96
14.00	8.11
14.08	8.29
14.17	8.45
14.25	8.60
14.33	8.74
14.42	8.89
14.50	9.03
14.58	9.17
14.67	9.31
14.75	9.45
14.83	9.59
14.92	9.73
15.00	9.86
15.08	9.98
15.17	10.11
15.25	10.21
15.33	10.29
15.42	10.37
15.50	10.44
15.58	10.51
15.67	10.56
15.75	10.61
15.83	10.64
15.92	10.67
16.00	10.69
16.08	10.71
16.17	10.76
16.25	10.84
16.33	10.90
16.42	10.97
16.50	11.02
16.58	11.08
16.67	11.14
16.75	11.19
16.83	11.25
16.92	11.31
17.00	11.37
17.08	11.39
17.17	11.37
17.25	11.36
17.33	11.35
17.42	11.33
17.50	11.30
17.58	11.26
17.67	11.19
17.75	11.09
17.83	10.95
17.92	10.79
18.00	10.62
18.08	10.48
18.17	10.29
18.25	10.09
18.33	9.88
18.42	9.67
18.50	9.45
18.58	9.28
18.67	9.16
18.75	9.06
18.83	8.98
18.92	8.90
19.00	8.82
19.08	8.75
19.17	8.72
19.25	8.70
19.33	8.68
19.42	8.65
19.50	8.59
19.58	8.47
19.67	8.29
19.75	8.11
19.83	7.92
19.92	7.73
20.00	7.53
20.08	7.34
20.17	7.14
20.25	6.92
20.33	6.72
20.42	6.54
20.50	6.38
20.58	6.24
20.67	6.12
20.75	6.01
20.83	5.91
20.92	5.80
21.00	5.69
21.08	5.57
21.17	5.45
21.25	5.34
21.33	5.23
21.42	5.10
21.50	4.97
21.58	4.86
21.67	4.76
21.75	4.67
21.83	4.57
21.92	4.48
22.00	4.40
22.08	4.33
22.17	4.26
22.25	4.19
22.33	4.10
22.42	4.01
22.50	3.92
22.58	3.82
22.67	3.71
22.75	3.61
22.83	3.52
22.92	3.44
23.00	3.37
23.08	3.31
23.17	3.26
23.25	3.22
23.33	3.19
23.42	3.16
23.50	3.14
23.58	3.13
23.67	3.11
23.75	3.11
23.83	3.11
23.92	3.11
0.00	4.28
0.08	4.28
0.17	4.26
0.25	4.24
0.33	4.21
0.42	4.17
0.50	4.12
0.58	4.08
0.67	4.03
0.75	3.98
0.83	3.92
0.92	3.88
1.00	3.83
1.08	3.78
1.17	3.74
1.25	3.69
1.33	3.64
1.42	3.60
1.50	3.56
1.58	3.51
1.67	3.48
1.75	3.46
1.83	3.44
1.92	3.43
2.00	3.43
2.08	3.42
2.17	3.43
2.25	3.44
2.33	3.45
2.42	3.47
2.50	3.49
2.58	3.51
2.67	3.53
2.75	3.54
2.83	3.54
2.92	3.55
3.00	3.56
3.08	3.58
3.17	3.59
3.25	3.60
3.33	3.60
3.42	3.59
3.50	3.59
3.58	3.55
3.67	3.51
3.75	3.47
3.83	3.43
3.92	3.39
4.00	3.34
4.08	3.29
4.17	3.24
4.25	3.20
4.33	3.15
4.42	3.11
4.50	3.07
4.58	3.05
4.67	3.03
4.75	3.02
4.83	3.01
4.92	3.00
5.00	2.99
5.08	2.97
5.17	2.95
5.25	2.94
5.33	2.93
5.42	2.92
5.50	2.91
5.58	2.90
5.67	2.88
5.75	2.85
5.83	2.82
5.92	2.80
6.00	2.78
6.08	2.76
6.17	2.74
6.25	2.72
6.33	2.71
6.42	2.69
6.50	2.68
6.58	2.67
6.67	2.67
6.75	2.67
6.83	2.68
6.92	2.69
7.00	2.68
7.08	2.67
7.17	2.66
7.25	2.65
7.33	2.63
7.42	2.61
7.50	2.60
7.58	2.81
7.67	3.02
7.75	3.01
7.83	3.00
7.92	3.00
8.00	3.00
8.08	3.01
8.17	3.01
8.25	3.03
8.33	3.04
8.42	3.05
8.50	3.04
8.58	2.69
8.67	2.59
8.75	2.56
8.83	2.52
8.92	2.48
9.00	2.44
9.08	2.40
9.17	2.38
9.25	2.35
9.33	2.33
9.42	2.32
9.50	2.32
9.58	2.35
9.67	2.42
9.75	2.54
9.83	2.68
9.92	2.85
10.00	3.02
10.08	3.21
10.17	3.39
10.25	3.58
10.33	3.76
10.42	3.95
10.50	4.13
10.58	4.31
10.67	4.47
10.75	4.61
10.83	4.73
10.92	4.86
11.00	4.98
11.08	5.10
11.17	5.24
11.25	5.38
11.33	5.53
11.42	5.67
11.50	5.80
11.58	5.94
11.67	6.07
11.75	6.20
11.83	6.33
11.92	6.45
12.00	6.57
12.08	6.69
12.17	6.81
12.25	6.93
12.33	7.07
12.42	7.19
12.50	7.30
12.58	7.41
12.67	7.52
12.75	7.63
12.83	7.74
12.92	7.84
13.00	7.95
13.08	8.07
13.17	8.18
13.25	8.28
13.33	8.38
13.42	8.51
13.50	8.66
13.58	8.82
13.67	9.00
13.75	9.18
13.83	9.38
13.92	9.58
14.00	9.80
14.08	10.01
14.17	10.21
14.25	10.41
14.33	10.61
14.42	10.80
14.50	10.99
14.58	11.17
14.67	11.34
14.75	11.51
14.83	11.70
14.92	11.91
15.00	12.10
15.08	12.32
15.17	12.50
15.25	12.68
15.33	12.86
15.42	13.04
15.50	13.23
15.58	13.40
15.67	13.56
15.75	13.71
15.83	13.83
15.92	13.93
16.00	14.02
16.08	14.12
16.17	14.27
16.25	14.45
16.33	14.62
16.42	14.77
16.50	14.92
16.58	15.08
16.67	15.25
16.75	15.42
16.83	15.59
16.92	15.77
17.00	15.93
17.08	16.06
17.17	16.15
17.25	16.21
17.33	16.26
17.42	16.28
17.50	16.28
17.58	16.23
17.67	16.13
17.75	15.94
17.83	15.70
17.92	15.41
18.00	15.08
18.08	14.67
18.17	14.20
18.25	13.70
18.33	13.16
18.42	12.60
18.50	12.07
18.58	11.62
18.67	11.17
18.75	10.72
18.83	10.28
18.92	9.87
19.00	9.49
19.08	9.22
19.17	8.98
19.25	8.77
19.33	8.59
19.42	8.43
19.50	8.22
19.58	7.99
19.67	7.82
19.75	7.69
19.83	7.58
19.92	7.48
20.00	7.41
20.08	7.32
20.17	7.22
20.25	7.13
20.33	7.07
20.42	7.01
20.50	6.94
20.58	6.89
20.67	6.82
20.75	6.75
20.83	6.66
20.92	6.55
21.00	6.42
21.08	6.28
21.17	6.14
21.25	5.98
21.33	5.80
21.42	5.62
21.50	5.46
21.58	5.31
21.67	5.17
21.75	5.02
21.83	4.88
21.92	4.76
22.00	4.66
22.08	4.56
22.17	4.48
22.25	4.38
22.33	4.29
22.42	4.19
22.50	4.08
22.58	3.98
22.67	3.88
22.75	3.79
22.83	3.71
22.92	3.64
23.00	3.58
23.08	3.52
23.17	3.48
23.25	3.44
23.33	3.42
23.42	3.40
23.50	3.39
23.58	3.38
23.67	3.38
23.75	3.37
23.83	3.37
23.92	3.36
0.00	2.92
0.08	2.91
0.17	2.90
0.25	2.86
0.33	2.82
0.42	2.78
0.50	2.73
0.58	2.68
0.67	2.63
0.75	2.57
0.83	2.53
0.92	2.49
1.00	2.44
1.08	2.40
1.17	2.36
1.25	2.32
1.33	2.29
1.42	2.25
1.50	2.21
1.58	2.18
1.67	2.17
1.75	2.17
1.83	2.17
1.92	2.19
2.00	2.21
2.08	2.24
2.17	2.28
2.25	2.31
2.33	2.35
2.42	2.39
2.50	2.44
2.58	2.49
2.67	2.51
2.75	2.54
2.83	2.57
2.92	2.60
3.00	2.65
3.08	2.69
3.17	2.72
3.25	2.75
3.33	2.77
3.42	2.78
3.50	2.77
3.58	2.75
3.67	2.74
3.75	2.72
3.83	2.70
3.92	2.67
4.00	2.62
4.08	2.57
4.17	2.52
4.25	2.48
4.33	2.46
4.42	2.44
4.50	2.44
4.58	2.44
4.67	2.43
4.75	2.43
4.83	2.43
4.92	2.43
5.00	2.43
5.08	2.44
5.17	2.45
5.25	2.46
5.33	2.48
5.42	2.49
5.50	2.51
5.58	2.52
5.67	2.54
5.75	2.56
5.83	2.58
5.92	2.60
6.00	2.62
6.08	2.64
6.17	2.65
6.25	2.66
6.33	2.66
6.42	2.65
6.50	2.64
6.58	2.63
6.67	2.61
6.75	2.59
6.83	2.56
6.92	2.53
7.00	2.50
7.08	2.47
7.17	2.44
7.25	2.40
7.33	2.37
7.42	2.34
7.50	2.31
7.58	2.29
7.67	2.30
7.75	2.31
7.83	2.32
7.92	2.33
8.00	2.34
8.08	2.36
8.17	2.38
8.25	2.41
8.33	2.44
8.42	2.47
8.50	2.50
8.58	2.48
8.67	2.45
8.75	2.42
8.83	2.38
8.92	2.34
9.00	2.31
9.08	2.28
9.17	2.25
9.25	2.21
9.33	2.17
9.42	2.14
9.50	2.13
9.58	2.15
9.67	2.21
9.75	2.28
9.83	2.37
9.92	2.46
10.00	2.56
10.08	2.65
10.17	2.75
10.25	2.86
10.33	2.98
10.42	3.11
10.50	3.24
10.58	3.36
10.67	3.47
10.75	3.57
10.83	3.67
10.92	3.77
11.00	3.88
11.08	4.01
11.17	4.14
11.25	4.28
11.33	4.40
11.42	4.52
11.50	4.64
11.58	4.76
11.67	4.88
11.75	4.99
11.83	5.11
11.92	5.21
12.00	5.31
12.08	5.40
12.17	5.48
12.25	5.58
12.33	5.67
12.42	5.75
12.50	5.82
12.58	5.89
12.67	5.96
12.75	6.03
12.83	6.09
12.92	6.16
13.00	6.24
13.08	6.32
13.17	6.39
13.25	6.47
13.33	6.57
13.42	6.68
13.50	6.80
13.58	6.93
13.67	7.07
13.75	7.21
13.83	7.36
13.92	7.51
14.00	7.66
14.08	7.79
14.17	7.92
14.25	8.04
14.33	8.15
14.42	8.26
14.50	8.37
14.58	8.46
14.67	8.56
14.75	8.67
14.83	8.79
14.92	8.90
15.00	9.03
15.08	9.13
15.17	9.24
15.25	9.37
15.33	9.53
15.42	9.68
15.50	9.86
15.58	10.04
15.67	10.23
15.75	10.41
15.83	10.60
15.92	10.79
16.00	11.01
16.08	11.27
16.17	11.55
16.25	11.84
16.33	12.12
16.42	12.42
16.50	12.71
16.58	13.00
16.67	13.29
16.75	13.60
16.83	13.91
16.92	14.21
17.00	14.46
17.08	14.70
17.17	14.90
17.25	15.08
17.33	15.23
17.42	15.35
17.50	15.43
17.58	15.46
17.67	15.40
17.75	15.27
17.83	15.05
17.92	14.78
18.00	14.44
18.08	14.00
18.17	13.52
18.25	12.98
18.33	12.40
18.42	11.79
18.50	11.21
18.58	10.63
18.67	10.06
18.75	9.53
18.83	9.03
18.92	8.59
19.00	8.23
19.08	7.94
19.17	7.69
19.25	7.48
19.33	7.31
19.42	7.16
19.50	6.99
19.58	6.87
19.67	6.78
19.75	6.69
19.83	6.62
19.92	6.54
20.00	6.45
20.08	6.35
20.17	6.23
20.25	6.12
20.33	6.02
20.42	5.91
20.50	5.81
20.58	5.70
20.67	5.59
20.75	5.48
20.83	5.35
20.92	5.22
21.00	5.09
21.08	4.97
21.17	4.85
21.25	4.72
21.33	4.59
21.42	4.47
21.50	4.37
21.58	4.27
21.67	4.17
21.75	4.07
21.83	3.98
21.92	3.91
22.00	3.84
22.08	3.77
22.17	3.69
22.25	3.60
22.33	3.51
22.42	3.41
22.50	3.30
22.58	3.20
22.67	3.11
22.75	3.02
22.83	2.95
22.92	2.90
23.00	2.85
23.08	2.81
23.17	2.79
23.25	2.77
23.33	2.77
23.42	2.78
23.50	2.78
23.58	2.79
23.67	2.81
23.75	2.83
23.83	2.82
23.92	2.81
0.00	3.58
0.08	3.57
0.17	3.56
0.25	3.53
0.33	3.50
0.42	3.46
0.50	3.42
0.58	3.38
0.67	3.33
0.75	3.28
0.83	3.24
0.92	3.20
1.00	3.16
1.08	3.12
1.17	3.08
1.25	3.04
1.33	3.00
1.42	2.96
1.50	2.91
1.58	2.89
1.67	2.88
1.75	2.88
1.83	2.87
1.92	2.87
2.00	2.87
2.08	2.89
2.17	2.90
2.25	2.92
2.33	2.95
2.42	2.98
2.50	3.01
2.58	3.03
2.67	3.05
2.75	3.07
2.83	3.08
2.92	3.10
3.00	3.13
3.08	3.16
3.17	3.18
3.25	3.19
3.33	3.20
3.42	3.20
3.50	3.17
3.58	3.15
3.67	3.13
3.75	3.11
3.83	3.09
3.92	3.05
4.00	3.01
4.08	2.98
4.17	2.94
4.25	2.92
4.33	2.89
4.42	2.88
4.50	2.86
4.58	2.85
4.67	2.83
4.75	2.81
4.83	2.79
4.92	2.78
5.00	2.77
5.08	2.75
5.17	2.75
5.25	2.74
5.33	2.75
5.42	2.76
5.50	2.77
5.58	2.78
5.67	2.80
5.75	2.81
5.83	2.81
5.92	2.81
6.00	2.81
6.08	2.80
6.17	2.78
6.25	2.77
6.33	2.75
6.42	2.73
6.50	2.71
6.58	2.68
6.67	2.66
6.75	2.63
6.83	2.61
6.92	2.60
7.00	2.59
7.08	2.58
7.17	2.55
7.25	2.53
7.33	2.51
7.42	2.48
7.50	2.47
7.58	2.47
7.67	2.48
7.75	2.49
7.83	2.51
7.92	2.51
8.00	2.52
8.08	2.54
8.17	2.56
8.25	2.58
8.33	2.61
8.42	2.63
8.50	2.61
8.58	2.58
8.67	2.54
8.75	2.50
8.83	2.46
8.92	2.43
9.00	2.41
9.08	2.38
9.17	2.36
9.25	2.34
9.33	2.32
9.42	2.32
9.50	2.35
9.58	2.41
9.67	2.49
9.75	2.58
9.83	2.69
9.92	2.79
10.00	2.89
10.08	2.99
10.17	3.10
10.25	3.21
10.33	3.34
10.42	3.46
10.50	3.58
10.58	3.67
10.67	3.75
10.75	3.82
10.83	3.89
10.92	3.99
11.00	4.09
11.08	4.19
11.17	4.29
11.25	4.38
11.33	4.47
11.42	4.55
11.50	4.65
11.58	4.75
11.67	4.85
11.75	4.97
11.83	5.07
11.92	5.16
12.00	5.26
12.08	5.37
12.17	5.51
12.25	5.67
12.33	5.84
12.42	6.02
12.50	6.21
12.58	6.41
12.67	6.62
12.75	6.84
12.83	7.07
12.92	7.31
13.00	7.56
13.08	7.82
13.17	8.05
13.25	8.27
13.33	8.50
13.42	8.73
13.50	8.96
13.58	9.19
13.67	9.41
13.75	9.63
13.83	9.84
13.92	10.02
14.00	10.16
14.08	10.28
14.17	10.39
14.25	10.50
14.33	10.62
14.42	10.74
14.50	10.85
14.58	10.97
14.67	11.10
14.75	11.23
14.83	11.38
14.92	11.55
15.00	11.71
15.08	11.85
15.17	11.98
15.25	12.09
15.33	12.17
15.42	12.21
15.50	12.25
15.58	12.27
15.67	12.25
15.75	12.22
15.83	12.17
15.92	12.12
16.00	12.10
16.08	12.10
16.17	12.12
16.25	12.13
16.33	12.16
16.42	12.18
16.50	12.19
16.58	12.21
16.67	12.20
16.75	12.20
16.83	12.20
16.92	12.19
17.00	12.19
17.08	12.17
17.17	12.15
17.25	12.14
17.33	12.13
17.42	12.13
17.50	12.11
17.58	12.06
17.67	12.00
17.75	11.92
17.83	11.83
17.92	11.72
18.00	11.54
18.08	11.34
18.17	11.15
18.25	10.93
18.33	10.69
18.42	10.47
18.50	10.25
18.58	10.01
18.67	9.75
18.75	9.49
18.83	9.22
18.92	8.98
19.00	8.79
19.08	8.57
19.17	8.34
19.25	8.12
19.33	7.89
19.42	7.64
19.50	7.42
19.58	7.23
19.67	7.06
19.75	6.91
19.83	6.78
19.92	6.65
20.00	6.51
20.08	6.38
20.17	6.28
20.25	6.20
20.33	6.13
20.42	6.08
20.50	6.04
20.58	5.99
20.67	5.95
20.75	5.90
20.83	5.83
20.92	5.75
21.00	5.69
21.08	5.61
21.17	5.52
21.25	5.41
21.33	5.30
21.42	5.21
21.50	5.11
21.58	5.01
21.67	4.91
21.75	4.82
21.83	4.75
21.92	4.68
22.00	4.61
22.08	4.52
22.17	4.43
22.25	4.33
22.33	4.23
22.42	4.12
22.50	4.01
22.58	3.91
22.67	3.82
22.75	3.72
22.83	3.65
22.92	3.57
23.00	3.51
23.08	3.48
23.17	3.45
23.25	3.43
23.33	3.41
23.42	3.40
23.50	3.38
23.58	3.37
23.67	3.37
23.75	3.36
23.83	3.35
23.92	3.34
0.00	4.15
0.08	4.14
0.17	4.12
0.25	4.09
0.33	4.05
0.42	4.01
0.50	3.97
0.58	3.91
0.67	3.85
0.75	3.79
0.83	3.73
0.92	3.67
1.00	3.61
1.08	3.55
1.17	3.50
1.25	3.44
1.33	3.38
1.42	3.32
1.50	3.29
1.58	3.27
1.67	3.25
1.75	3.25
1.83	3.24
1.92	3.24
2.00	3.26
2.08	3.27
2.17	3.30
2.25	3.33
2.33	3.37
2.42	3.41
2.50	3.43
2.58	3.45
2.67	3.47
2.75	3.48
2.83	3.52
2.92	3.57
3.00	3.61
3.08	3.64
3.17	3.66
3.25	3.68
3.33	3.68
3.42	3.67
3.50	3.65
3.58	3.63
3.67	3.61
3.75	3.58
3.83	3.53
3.92	3.46
4.00	3.41
4.08	3.36
4.17	3.32
4.25	3.30
4.33	3.28
4.42	3.26
4.50	3.24
4.58	3.22
4.67	3.20
4.75	3.19
4.83	3.19
4.92	3.19
5.00	3.20
5.08	3.21
5.17	3.22
5.25	3.22
5.33	3.23
5.42	3.24
5.50	3.25
5.58	3.27
5.67	3.29
5.75	3.30
5.83	3.30
5.92	3.30
6.00	3.28
6.08	3.26
6.17	3.24
6.25	3.22
6.33	3.20
6.42	3.18
6.50	3.16
6.58	3.14
6.67	3.12
6.75	3.09
6.83	3.07
6.92	3.06
7.00	3.04
7.08	3.02
7.17	2.99
7.25	2.97
7.33	3.08
7.42	3.58
7.50	3.92
7.58	3.91
7.67	3.91
7.75	3.91
7.83	3.91
7.92	3.91
8.00	3.91
8.08	3.92
8.17	3.93
8.25	3.93
8.33	3.62
8.42	3.07
8.50	2.88
8.58	2.83
8.67	2.78
8.75	2.73
8.83	2.69
8.92	2.65
9.00	2.62
9.08	2.58
9.17	2.55
9.25	2.53
9.33	2.51
9.42	2.53
9.50	2.57
9.58	2.64
9.67	2.73
9.75	2.84
9.83	2.95
9.92	3.06
10.00	3.17
10.08	3.29
10.17	3.42
10.25	3.57
10.33	3.72
10.42	3.86
10.50	3.99
10.58	4.10
10.67	4.20
10.75	4.30
10.83	4.41
10.92	4.53
11.00	4.65
11.08	4.77
11.17	4.87
11.25	4.97
11.33	5.07
11.42	5.16
11.50	5.26
11.58	5.36
11.67	5.46
11.75	5.55
11.83	5.64
11.92	5.73
12.00	5.82
12.08	5.94
12.17	6.07
12.25	6.22
12.33	6.36
12.42	6.51
12.50	6.66
12.58	6.80
12.67	6.94
12.75	7.08
12.83	7.21
12.92	7.34
13.00	7.46
13.08	7.55
13.17	7.63
13.25	7.71
13.33	7.80
13.42	7.90
13.50	8.00
13.58	8.10
13.67	8.22
13.75	8.34
13.83	8.48
13.92	8.60
14.00	8.71
14.08	8.83
14.17	8.96
14.25	9.09
14.33	9.24
14.42	9.39
14.50	9.55
14.58	9.72
14.67	9.90
14.75	10.08
14.83	10.28
14.92	10.48
15.00	10.68
15.08	10.88
15.17	11.08
15.25	11.26
15.33	11.44
15.42	11.60
15.50	11.75
15.58	11.89
15.67	12.03
15.75	12.17
15.83	12.30
15.92	12.46
16.00	12.63
16.08	12.79
16.17	12.95
16.25	13.12
16.33	13.30
16.42	13.48
16.50	13.65
16.58	13.79
16.67	13.91
16.75	14.02
16.83	14.03
16.92	13.98
17.00	13.91
17.08	13.81
17.17	13.67
17.25	13.49
17.33	13.28
17.42	13.04
17.50	12.71
17.58	12.34
17.67	11.97
17.75	11.60
17.83	11.28
17.92	10.94
18.00	10.61
18.08	10.28
18.17	9.96
18.25	9.66
18.33	9.40
18.42	9.18
18.50	9.04
18.58	8.91
18.67	8.79
18.75	8.69
18.83	8.63
18.92	8.60
19.00	8.58
19.08	8.57
19.17	8.55
19.25	8.52
19.33	8.45
19.42	8.36
19.50	8.27
19.58	8.17
19.67	8.06
19.75	7.95
19.83	7.83
19.92	7.69
20.00	7.54
20.08	7.39
20.17	7.27
20.25	7.15
20.33	7.05
20.42	6.97
20.50	6.89
20.58	6.81
20.67	6.74
20.75	6.65
20.83	6.55
20.92	6.46
21.00	6.37
21.08	6.26
21.17	6.14
21.25	6.02
21.33	5.93
21.42	5.84
21.50	5.75
21.58	5.66
21.67	5.58
21.75	5.53
21.83	5.49
21.92	5.45
22.00	5.39
22.08	5.32
22.17	5.25
22.25	5.16
22.33	5.06
22.42	4.97
22.50	4.88
22.58	4.79
22.67	4.70
22.75	4.63
22.83	4.56
22.92	4.51
23.00	4.49
23.08	4.48
23.17	4.48
23.25	4.50
23.33	4.51
23.42	4.53
23.50	4.55
23.58	4.57
23.67	4.59
23.75	4.59
23.83	4.59
23.92	4.60
0.00	4.33
0.08	4.32
0.17	4.29
0.25	4.26
0.33	4.22
0.42	4.18
0.50	4.13
0.58	4.08
0.67	4.02
0.75	3.94
0.83	3.86
0.92	3.78
1.00	3.69
1.08	3.60
1.17	3.50
1.25	3.40
1.33	3.29
1.42	3.20
1.50	3.13
1.58	3.07
1.67	3.01
1.75	2.96
1.83	2.93
1.92	2.93
2.00	2.94
2.08	2.95
2.17	2.98
2.25	3.01
2.33	3.05
2.42	3.08
2.50	3.10
2.58	3.12
2.67	3.15
2.75	3.18
2.83	3.23
2.92	3.26
3.00	3.29
3.08	3.32
3.17	3.33
3.25	3.34
3.33	3.33
3.42	3.31
3.50	3.30
3.58	3.28
3.67	3.27
3.75	3.23
3.83	3.19
3.92	3.15
4.00	3.12
4.08	3.10
4.17	3.08
4.25	3.07
4.33	3.07
4.42	3.06
4.50	3.05
4.58	3.05
4.67	3.05
4.75	3.05
4.83	3.05
4.92	3.05
5.00	3.05
5.08	3.06
5.17	3.06
5.25	3.07
5.33	3.08
5.42	3.08
5.50	3.09
5.58	3.09
5.67	3.09
5.75	3.08
5.83	3.07
5.92	3.05
6.00	3.02
6.08	2.99
6.17	2.96
6.25	2.92
6.33	2.89
6.42	2.87
6.50	2.84
6.58	2.82
6.67	2.79
6.75	2.77
6.83	2.76
6.92	2.75
7.00	2.74
7.08	2.73
7.17	2.72
7.25	2.71
7.33	2.70
7.42	2.71
7.50	2.72
7.58	2.72
7.67	2.72
7.75	2.72
7.83	2.71
7.92	2.70
8.00	2.69
8.08	2.68
8.17	2.67
8.25	2.65
8.33	2.62
8.42	2.56
8.50	2.49
8.58	2.43
8.67	2.36
8.75	2.30
8.83	2.25
8.92	2.21
9.00	2.16
9.08	2.12
9.17	2.07
9.25	2.03
9.33	2.02
9.42	2.02
9.50	2.06
9.58	2.11
9.67	2.18
9.75	2.25
9.83	2.33
9.92	2.40
10.00	2.50
10.08	2.61
10.17	2.74
10.25	2.88
10.33	3.03
10.42	3.17
10.50	3.30
10.58	3.43
10.67	3.56
10.75	3.71
10.83	3.86
10.92	4.02
11.00	4.18
11.08	4.33
11.17	4.49
11.25	4.64
11.33	4.79
11.42	4.95
11.50	5.10
11.58	5.25
11.67	5.39
11.75	5.53
11.83	5.67
11.92	5.82
12.00	5.98
12.08	6.16
12.17	6.34
12.25	6.52
12.33	6.70
12.42	6.87
12.50	7.04
12.58	7.19
12.67	7.32
12.75	7.44
12.83	7.54
12.92	7.61
13.00	7.64
13.08	7.64
13.17	7.64
13.25	7.64
13.33	7.63
13.42	7.61
13.50	7.61
13.58	7.61
13.67	7.61
13.75	7.63
13.83	7.65
13.92	7.70
14.00	7.78
14.08	7.87
14.17	7.97
14.25	8.09
14.33	8.24
14.42	8.42
14.50	8.61
14.58	8.83
14.67	9.07
14.75	9.33
14.83	9.61
14.92	9.89
15.00	10.18
15.08	10.47
15.17	10.76
15.25	11.04
15.33	11.31
15.42	11.57
15.50	11.81
15.58	12.05
15.67	12.28
15.75	12.49
15.83	12.68
15.92	12.84
16.00	12.99
16.08	13.12
16.17	13.23
16.25	13.33
16.33	13.41
16.42	13.47
16.50	13.50
16.58	13.49
16.67	13.45
16.75	13.36
16.83	13.22
16.92	13.08
17.00	12.91
17.08	12.72
17.17	12.52
17.25	12.29
17.33	12.05
17.42	11.75
17.50	11.41
17.58	11.08
17.67	10.75
17.75	10.47
17.83	10.19
17.92	9.90
18.00	9.64
18.08	9.39
18.17	9.16
18.25	8.97
18.33	8.83
18.42	8.75
18.50	8.70
18.58	8.67
18.67	8.65
18.75	8.65
18.83	8.68
18.92	8.71
19.00	8.75
19.08	8.78
19.17	8.81
19.25	8.81
19.33	8.78
19.42	8.75
19.50	8.72
19.58	8.68
19.67	8.64
19.75	8.61
19.83	8.55
19.92	8.48
20.00	8.40
20.08	8.33
20.17	8.26
20.25	8.19
20.33	8.13
20.42	8.06
20.50	7.99
20.58	7.90
20.67	7.80
20.75	7.68
20.83	7.56
20.92	7.45
21.00	7.32
21.08	7.16
21.17	7.00
21.25	6.86
21.33	6.72
21.42	6.57
21.50	6.42
21.58	6.27
21.67	6.13
21.75	6.00
21.83	5.87
21.92	5.72
22.00	5.56
22.08	5.40
22.17	5.25
22.25	5.08
22.33	4.92
22.42	4.77
22.50	4.62
22.58	4.49
22.67	4.37
22.75	4.27
22.83	4.18
22.92	4.11
23.00	4.06
23.08	4.01
23.17	3.96
23.25	3.92
23.33	3.88
23.42	3.84
23.50	3.81
23.58	3.78
23.67	3.73
23.75	3.70
23.83	3.68
23.92	3.67
0.00	4.57
0.08	4.56
0.17	4.55
0.25	4.53
0.33	4.50
0.42	4.45
0.50	4.38
0.58	4.33
0.67	4.27
0.75	4.22
0.83	4.17
0.92	4.13
1.00	4.08
1.08	4.03
1.17	3.98
1.25	3.94
1.33	3.91
1.42	3.90
1.50	3.89
1.58	3.88
1.67	3.88
1.75	3.88
1.83	3.89
1.92	3.90
2.00	3.91
2.08	3.92
2.17	3.93
2.25	3.94
2.33	3.94
2.42	3.95
2.50	3.95
2.58	3.96
2.67	3.97
2.75	4.00
2.83	4.03
2.92	4.05
3.00	4.08
3.08	4.10
3.17	4.11
3.25	4.10
3.33	4.08
3.42	4.05
3.50	4.03
3.58	4.01
3.67	3.97
3.75	3.92
3.83	3.88
3.92	3.83
4.00	3.79
4.08	3.76
4.17	3.74
4.25	3.73
4.33	3.72
4.42	3.72
4.50	3.71
4.58	3.70
4.67	3.69
4.75	3.67
4.83	3.66
4.92	3.66
5.00	3.65
5.08	3.64
5.17	3.64
5.25	3.64
5.33	3.63
5.42	3.62
5.50	3.61
5.58	3.61
5.67	3.59
5.75	3.58
5.83	3.57
5.92	3.55
6.00	3.53
6.08	3.50
6.17	3.47
6.25	3.44
6.33	3.42
6.42	3.39
6.50	3.36
6.58	3.33
6.67	3.30
6.75	3.26
6.83	3.23
6.92	3.19
7.00	3.15
7.08	3.11
7.17	3.07
7.25	3.04
7.33	3.01
7.42	3.00
7.50	2.98
7.58	2.97
7.67	2.96
7.75	2.94
7.83	2.93
7.92	2.93
8.00	2.93
8.08	2.93
8.17	2.93
8.25	2.92
8.33	2.88
8.42	2.83
8.50	2.79
8.58	2.74
8.67	2.69
8.75	2.65
8.83	2.63
8.92	2.60
9.00	2.57
9.08	2.54
9.17	2.52
9.25	2.52
9.33	2.54
9.42	2.60
9.50	2.69
9.58	2.79
9.67	2.92
9.75	3.06
9.83	3.22
9.92	3.40
10.00	3.59
10.08	3.81
10.17	4.04
10.25	4.28
10.33	4.52
10.42	4.73
10.50	4.94
10.58	5.14
10.67	5.34
10.75	5.55
10.83	5.75
10.92	5.94
11.00	6.12
11.08	6.29
11.17	6.45
11.25	6.61
11.33	6.76
11.42	6.91
11.50	7.06
11.58	7.20
11.67	7.33
11.75	7.45
11.83	7.58
11.92	7.71
12.00	7.86
12.08	8.03
12.17	8.20
12.25	8.37
12.33	8.56
12.42	8.74
12.50	8.93
12.58	9.12
12.67	9.30
12.75	9.47
12.83	9.63
12.92	9.79
13.00	9.94
13.08	10.07
13.17	10.19
13.25	10.31
13.33	10.43
13.42	10.54
13.50	10.66
13.58	10.78
13.67	10.91
13.75	11.03
13.83	11.13
13.92	11.20
14.00	11.27
14.08	11.33
14.17	11.37
14.25	11.40
14.33	11.41
14.42	11.42
14.50	11.42
14.58	11.42
14.67	11.41
14.75	11.42
14.83	11.42
14.92	11.43
15.00	11.45
15.08	11.48
15.17	11.52
15.25	11.58
15.33	11.65
15.42	11.72
15.50	11.79
15.58	11.86
15.67	11.93
15.75	12.02
15.83	12.12
15.92	12.23
16.00	12.33
16.08	12.43
16.17	12.53
16.25	12.62
16.33	12.70
16.42	12.78
16.50	12.86
16.58	12.94
16.67	12.99
16.75	12.98
16.83	12.98
16.92	12.96
17.00	12.92
17.08	12.87
17.17	12.82
17.25	12.74
17.33	12.62
17.42	12.45
17.50	12.27
17.58	12.06
17.67	11.89
17.75	11.70
17.83	11.48
17.92	11.26
18.00	11.05
18.08	10.83
18.17	10.62
18.25	10.45
18.33	10.32
18.42	10.20
18.50	10.08
18.58	9.95
18.67	9.83
18.75	9.74
18.83	9.67
18.92	9.60
19.00	9.52
19.08	9.44
19.17	9.34
19.25	9.20
19.33	9.06
19.42	8.92
19.50	8.81
19.58	8.70
19.67	8.60
19.75	8.50
19.83	8.39
19.92	8.28
20.00	8.21
20.08	8.15
20.17	8.12
20.25	8.13
20.33	8.14
20.42	8.16
20.50	8.18
20.58	8.20
20.67	8.20
20.75	8.20
20.83	8.22
20.92	8.22
21.00	8.19
21.08	8.15
21.17	8.10
21.25	8.05
21.33	7.98
21.42	7.89
21.50	7.78
21.58	7.67
21.67	7.57
21.75	7.46
21.83	7.32
21.92	7.15
22.00	6.97
22.08	6.79
22.17	6.59
22.25	6.38
22.33	6.19
22.42	6.00
22.50	5.82
22.58	5.66
22.67	5.53
22.75	5.40
22.83	5.31
22.92	5.24
23.00	5.18
23.08	5.13
23.17	5.08
23.25	5.05
23.33	5.01
23.42	4.99
23.50	4.97
23.58	4.93
23.67	4.90
23.75	4.87
23.83	4.85
23.92	4.83
0.00	4.58
0.08	4.56
0.17	4.52
0.25	4.47
0.33	4.39
0.42	4.30
0.50	4.20
0.58	4.09
0.67	3.99
0.75	3.90
0.83	3.82
0.92	3.75
1.00	3.69
1.08	3.63
1.17	3.57
1.25	3.53
1.33	3.51
1.42	3.50
1.50	3.50
1.58	3.50
1.67	3.50
1.75	3.51
1.83	3.52
1.92	3.54
2.00	3.56
2.08	3.59
2.17	3.63
2.25	3.66
2.33	3.68
2.42	3.71
2.50	3.73
2.58	3.76
2.67	3.81
2.75	3.86
2.83	3.91
2.92	3.95
3.00	3.97
3.08	3.98
3.17	3.96
3.25	3.93
3.33	3.89
3.42	3.86
3.50	3.81
3.58	3.76
3.67	3.68
3.75	3.61
3.83	3.53
3.92	3.46
4.00	3.42
4.08	3.39
4.17	3.37
4.25	3.34
4.33	3.33
4.42	3.32
4.50	3.31
4.58	3.31
4.67	3.31
4.75	3.31
4.83	3.31
4.92	3.31
5.00	3.30
5.08	3.30
5.17	3.31
5.25	3.32
5.33	3.31
5.42	3.31
5.50	3.30
5.58	3.28
5.67	3.26
5.75	3.23
5.83	3.19
5.92	3.14
6.00	3.08
6.08	3.01
6.17	2.95
6.25	2.89
6.33	2.83
6.42	2.77
6.50	2.72
6.58	2.67
6.67	2.63
6.75	2.60
6.83	2.57
6.92	2.55
7.00	2.53
7.08	2.52
7.17	2.51
7.25	2.50
7.33	2.50
7.42	2.50
7.50	2.51
7.58	2.51
7.67	2.51
7.75	2.51
7.83	2.53
7.92	2.54
8.00	2.55
8.08	2.57
8.17	2.58
8.25	2.55
8.33	2.52
8.42	2.49
8.50	2.45
8.58	2.41
8.67	2.37
8.75	2.34
8.83	2.31
8.92	2.28
9.00	2.25
9.08	2.21
9.17	2.20
9.25	2.20
9.33	2.25
9.42	2.33
9.50	2.44
9.58	2.57
9.67	2.74
9.75	2.93
9.83	3.15
9.92	3.39
10.00	3.66
10.08	3.96
10.17	4.28
10.25	4.62
10.33	4.94
10.42	5.25
10.50	5.57
10.58	5.86
10.67	6.14
10.75	6.41
10.83	6.67
10.92	6.93
11.00	7.16
11.08	7.37
11.17	7.57
11.25	7.76
11.33	7.93
11.42	8.08
11.50	8.22
11.58	8.35
11.67	8.47
11.75	8.58
11.83	8.69
11.92	8.82
12.00	8.96
12.08	9.11
12.17	9.25
12.25	9.41
12.33	9.56
12.42	9.71
12.50	9.88
12.58	10.06
12.67	10.25
12.75	10.43
12.83	10.58
12.92	10.71
13.00	10.83
13.08	10.95
13.17	11.05
13.25	11.15
13.33	11.25
13.42	11.35
13.50	11.44
13.58	11.51
13.67	11.56
13.75	11.61
13.83	11.66
13.92	11.71
14.00	11.76
14.08	11.82
14.17	11.89
14.25	11.98
14.33	12.06
14.42	12.17
14.50	12.31
14.58	12.48
14.67	12.68
14.75	12.87
14.83	13.09
14.92	13.31
15.00	13.53
15.08	13.74
15.17	13.95
15.25	14.15
15.33	14.36
15.42	14.53
15.50	14.67
15.58	14.79
15.67	14.90
15.75	15.02
15.83	15.17
15.92	15.32
16.00	15.45
16.08	15.57
16.17	15.66
16.25	15.74
16.33	15.81
16.42	15.87
16.50	15.93
16.58	15.95
16.67	15.88
16.75	15.79
16.83	15.63
16.92	15.44
17.00	15.25
17.08	15.04
17.17	14.81
17.25	14.54
17.33	14.23
17.42	13.91
17.50	13.60
17.58	13.33
17.67	13.09
17.75	12.81
17.83	12.52
17.92	12.23
18.00	11.95
18.08	11.69
18.17	11.47
18.25	11.27
18.33	11.07
18.42	10.88
18.50	10.68
18.58	10.48
18.67	10.32
18.75	10.22
18.83	10.13
18.92	10.05
19.00	9.97
19.08	9.87
19.17	9.76
19.25	9.66
19.33	9.56
19.42	9.47
19.50	9.37
19.58	9.28
19.67	9.17
19.75	9.01
19.83	8.84
19.92	8.69
20.00	8.54
20.08	8.39
20.17	8.25
20.25	8.10
20.33	7.93
20.42	7.77
20.50	7.60
20.58	7.40
20.67	7.21
20.75	7.04
20.83	6.87
20.92	6.68
21.00	6.49
21.08	6.31
21.17	6.16
21.25	6.02
21.33	5.89
21.42	5.76
21.50	5.64
21.58	5.55
21.67	5.46
21.75	5.38
21.83	5.30
21.92	5.22
22.00	5.14
22.08	5.05
22.17	4.95
22.25	4.86
22.33	4.77
22.42	4.69
22.50	4.62
22.58	4.56
22.67	4.51
22.75	4.47
22.83	4.43
22.92	4.40
23.00	4.37
23.08	4.34
23.17	4.32
23.25	4.29
23.33	4.29
23.42	4.29
23.50	4.28
23.58	4.27
23.67	4.26
23.75	4.25
23.83	4.23
23.92	4.22
0.00	4.28
0.08	4.27
0.17	4.27
0.25	4.27
0.33	4.26
0.42	4.25
0.50	4.23
0.58	4.21
0.67	4.20
0.75	4.18
0.83	4.17
0.92	4.15
1.00	4.12
1.08	4.09
1.17	4.07
1.25	4.07
1.33	4.06
1.42	4.06
1.50	4.07
1.58	4.07
1.67	4.08
1.75	4.10
1.83	4.12
1.92	4.15
2.00	4.18
2.08	4.20
2.17	4.23
2.25	4.24
2.33	4.25
2.42	4.25
2.50	4.25
2.58	4.27
2.67	4.28
2.75	4.29
2.83	4.30
2.92	4.29
3.00	4.28
3.08	4.25
3.17	4.20
3.25	4.15
3.33	4.10
3.42	4.05
3.50	3.99
3.58	3.91
3.67	3.83
3.75	3.75
3.83	3.67
3.92	3.62
4.00	3.56
4.08	3.51
4.17	3.46
4.25	3.41
4.33	3.37
4.42	3.33
4.50	3.29
4.58	3.25
4.67	3.21
4.75	3.18
4.83	3.15
4.92	3.13
5.00	3.12
5.08	3.11
5.17	3.10
5.25	3.09
5.33	3.08
5.42	3.08
5.50	3.08
5.58	3.08
5.67	3.08
5.75	3.08
5.83	3.07
5.92	3.06
6.00	3.04
6.08	3.03
6.17	3.02
6.25	3.01
6.33	3.00
6.42	2.98
6.50	2.96
6.58	2.94
6.67	2.93
6.75	2.91
6.83	2.89
6.92	2.87
7.00	2.86
7.08	2.85
7.17	2.84
7.25	2.84
7.33	2.85
7.42	2.86
7.50	2.87
7.58	2.86
7.67	2.86
7.75	2.86
7.83	2.86
7.92	2.86
8.00	2.85
8.08	2.84
8.17	2.80
8.25	2.73
8.33	2.67
8.42	2.61
8.50	2.55
8.58	2.49
8.67	2.45
8.75	2.40
8.83	2.36
8.92	2.31
9.00	2.26
9.08	2.23
9.17	2.22
9.25	2.24
9.33	2.28
9.42	2.35
9.50	2.43
9.58	2.53
9.67	2.65
9.75	2.79
9.83	2.95
9.92	3.13
10.00	3.33
10.08	3.56
10.17	3.80
10.25	4.02
10.33	4.25
10.42	4.48
10.50	4.71
10.58	4.94
10.67	5.17
10.75	5.39
10.83	5.62
10.92	5.84
11.00	6.05
11.08	6.25
11.17	6.44
11.25	6.64
11.33	6.83
11.42	7.02
11.50	7.20
11.58	7.38
11.67	7.55
11.75	7.72
11.83	7.90
11.92	8.10
12.00	8.29
12.08	8.49
12.17	8.69
12.25	8.88
12.33	9.07
12.42	9.25
12.50	9.41
12.58	9.57
12.67	9.72
12.75	9.85
12.83	9.96
12.92	10.05
13.00	10.15
13.08	10.23
13.17	10.32
13.25	10.42
13.33	10.51
13.42	10.62
13.50	10.73
13.58	10.84
13.67	10.95
13.75	11.07
13.83	11.19
13.92	11.32
14.00	11.45
14.08	11.61
14.17	11.76
14.25	11.92
14.33	12.08
14.42	12.25
14.50	12.42
14.58	12.62
14.67	12.82
14.75	13.01
14.83	13.21
14.92	13.41
15.00	13.60
15.08	13.78
15.17	13.96
15.25	14.14
15.33	14.32
15.42	14.50
15.50	14.69
15.58	14.87
15.67	15.06
15.75	15.24
15.83	15.41
15.92	15.57
16.00	15.73
16.08	15.90
16.17	16.04
16.25	16.16
16.33	16.26
16.42	16.33
16.50	16.37
16.58	16.34
16.67	16.30
16.75	16.23
16.83	16.12
16.92	15.99
17.00	15.82
17.08	15.62
17.17	15.39
17.25	15.08
17.33	14.75
17.42	14.40
17.50	14.07
17.58	13.75
17.67	13.40
17.75	13.07
17.83	12.74
17.92	12.40
18.00	12.08
18.08	11.83
18.17	11.62
18.25	11.40
18.33	11.19
18.42	10.99
18.50	10.77
18.58	10.59
18.67	10.43
18.75	10.25
18.83	10.08
18.92	9.91
19.00	9.70
19.08	9.45
19.17	9.22
19.25	9.01
19.33	8.81
19.42	8.62
19.50	8.45
19.58	8.27
19.67	8.08
19.75	7.89
19.83	7.73
19.92	7.58
20.00	7.43
20.08	7.30
20.17	7.17
20.25	7.04
20.33	6.90
20.42	6.77
20.50	6.61
20.58	6.46
20.67	6.32
20.75	6.17
20.83	6.01
20.92	5.84
21.00	5.69
21.08	5.56
21.17	5.44
21.25	5.32
21.33	5.21
21.42	5.10
21.50	5.02
21.58	4.95
21.67	4.88
21.75	4.80
21.83	4.71
21.92	4.63
22.00	4.54
22.08	4.44
22.17	4.34
22.25	4.26
22.33	4.18
22.42	4.11
22.50	4.05
22.58	4.00
22.67	3.96
22.75	3.94
22.83	3.92
22.92	3.90
23.00	3.88
23.08	3.85
23.17	3.82
23.25	3.80
23.33	3.78
23.42	3.74
23.50	3.69
23.58	3.64
23.67	3.61
23.75	3.59
23.83	3.57
23.92	3.55
0.00	3.93
0.08	3.91
0.17	3.89
0.25	3.85
0.33	3.80
0.42	3.74
0.50	3.66
0.58	3.60
0.67	3.53
0.75	3.48
0.83	3.43
0.92	3.38
1.00	3.33
1.08	3.29
1.17	3.28
1.25	3.28
1.33	3.28
1.42	3.29
1.50	3.30
1.58	3.32
1.67	3.34
1.75	3.37
1.83	3.40
1.92	3.43
2.00	3.47
2.08	3.50
2.17	3.52
2.25	3.55
2.33	3.57
2.42	3.59
2.50	3.60
2.58	3.63
2.67	3.66
2.75	3.69
2.83	3.70
2.92	3.71
3.00	3.70
3.08	3.67
3.17	3.64
3.25	3.60
3.33	3.56
3.42	3.53
3.50	3.48
3.58	3.42
3.67	3.36
3.75	3.31
3.83	3.27
3.92	3.24
4.00	3.21
4.08	3.18
4.17	3.16
4.25	3.13
4.33	3.12
4.42	3.11
4.50	3.10
4.58	3.09
4.67	3.08
4.75	3.07
4.83	3.07
4.92	3.07
5.00	3.09
5.08	3.10
5.17	3.11
5.25	3.11
5.33	3.12
5.42	3.12
5.50	3.11
5.58	3.11
5.67	3.10
5.75	3.09
5.83	3.07
5.92	3.05
6.00	3.02
6.08	3.00
6.17	2.99
6.25	2.96
6.33	2.94
6.42	2.92
6.50	2.91
6.58	2.90
6.67	2.88
6.75	2.86
6.83	2.84
6.92	2.82
7.00	2.81
7.08	2.80
7.17	2.81
7.25	2.82
7.33	2.84
7.42	2.85
7.50	2.86
7.58	2.87
7.67	2.89
7.75	2.91
7.83	2.93
7.92	2.94
8.00	2.95
8.08	2.93
8.17	2.89
8.25	2.85
8.33	2.80
8.42	2.74
8.50	2.69
8.58	2.65
8.67	2.60
8.75	2.55
8.83	2.49
8.92	2.44
9.00	2.39
9.08	2.37
9.17	2.37
9.25	2.40
9.33	2.44
9.42	2.51
9.50	2.59
9.58	2.69
9.67	2.81
9.75	2.96
9.83	3.11
9.92	3.29
10.00	3.49
10.08	3.70
10.17	3.91
10.25	4.11
10.33	4.31
10.42	4.50
10.50	4.70
10.58	4.89
10.67	5.09
10.75	5.28
10.83	5.48
10.92	5.67
11.00	5.85
11.08	6.05
11.17	6.24
11.25	6.44
11.33	6.64
11.42	6.86
11.50	7.06
11.58	7.27
11.67	7.48
11.75	7.72
11.83	7.97
11.92	8.22
12.00	8.48
12.08	8.74
12.17	9.00
12.25	9.26
12.33	9.52
12.42	9.80
12.50	10.08
12.58	10.37
12.67	10.64
12.75	10.90
12.83	11.15
12.92	11.43
13.00	11.72
13.08	12.01
13.17	12.29
13.25	12.56
13.33	12.82
13.42	13.07
13.50	13.29
13.58	13.45
13.67	13.57
13.75	13.65
13.83	13.70
13.92	13.72
14.00	13.72
14.08	13.68
14.17	13.62
14.25	13.53
14.33	13.43
14.42	13.31
14.50	13.19
14.58	13.07
14.67	12.91
14.75	12.75
14.83	12.60
14.92	12.43
15.00	12.28
15.08	12.13
15.17	12.01
15.25	11.90
15.33	11.81
15.42	11.74
15.50	11.71
15.58	11.76
15.67	11.87
15.75	12.01
15.83	12.17
15.92	12.35
16.00	12.55
16.08	12.78
16.17	13.01
16.25	13.25
16.33	13.49
16.42	13.74
16.50	13.96
16.58	14.14
16.67	14.31
16.75	14.46
16.83	14.61
16.92	14.75
17.00	14.88
17.08	14.98
17.17	15.04
17.25	15.08
17.33	15.11
17.42	15.14
17.50	15.17
17.58	15.12
17.67	15.06
17.75	14.94
17.83	14.78
17.92	14.57
18.00	14.38
18.08	14.16
18.17	13.90
18.25	13.59
18.33	13.22
18.42	12.84
18.50	12.48
18.58	12.19
18.67	11.88
18.75	11.61
18.83	11.35
18.92	11.11
19.00	10.82
19.08	10.56
19.17	10.34
19.25	10.15
19.33	9.97
19.42	9.79
19.50	9.58
19.58	9.34
19.67	9.08
19.75	8.83
19.83	8.60
19.92	8.37
20.00	8.16
20.08	7.97
20.17	7.78
20.25	7.60
20.33	7.43
20.42	7.27
20.50	7.11
20.58	6.99
20.67	6.88
20.75	6.76
20.83	6.63
20.92	6.51
21.00	6.41
21.08	6.31
21.17	6.22
21.25	6.12
21.33	6.02
21.42	5.95
21.50	5.88
21.58	5.81
21.67	5.74
21.75	5.66
21.83	5.58
21.92	5.49
22.00	5.39
22.08	5.29
22.17	5.20
22.25	5.11
22.33	5.03
22.42	4.98
22.50	4.94
22.58	4.89
22.67	4.87
22.75	4.84
22.83	4.81
22.92	4.78
23.00	4.74
23.08	4.70
23.17	4.65
23.25	4.61
23.33	4.55
23.42	4.47
23.50	4.38
23.58	4.31
23.67	4.24
23.75	4.19
23.83	4.16
23.92	4.14
0.00	4.20
0.08	4.19
0.17	4.17
0.25	4.15
0.33	4.12
0.42	4.07
0.50	4.02
0.58	3.97
0.67	3.92
0.75	3.89
0.83	3.85
0.92	3.82
1.00	3.79
1.08	3.78
1.17	3.78
1.25	3.78
1.33	3.78
1.42	3.78
1.50	3.80
1.58	3.82
1.67	3.84
1.75	3.86
1.83	3.88
1.92	3.90
2.00	3.92
2.08	3.92
2.17	3.93
2.25	3.95
2.33	3.96
2.42	3.97
2.50	3.99
2.58	4.02
2.67	4.03
2.75	4.04
2.83	4.03
2.92	4.03
3.00	4.00
3.08	3.96
3.17	3.92
3.25	3.88
3.33	3.83
3.42	3.78
3.50	3.70
3.58	3.63
3.67	3.57
3.75	3.53
3.83	3.50
3.92	3.47
4.00	3.44
4.08	3.42
4.17	3.40
4.25	3.39
4.33	3.38
4.42	3.37
4.50	3.36
4.58	3.35
4.67	3.34
4.75	3.34
4.83	3.34
4.92	3.35
5.00	3.35
5.08	3.35
5.17	3.35
5.25	3.35
5.33	3.35
5.42	3.35
5.50	3.34
5.58	3.32
5.67	3.30
5.75	3.27
5.83	3.24
5.92	3.21
6.00	3.18
6.08	3.15
6.17	3.12
6.25	3.09
6.33	3.05
6.42	3.03
6.50	3.01
6.58	3.00
6.67	2.98
6.75	2.96
6.83	2.94
6.92	2.93
7.00	2.92
7.08	2.92
7.17	2.92
7.25	2.93
7.33	2.93
7.42	2.92
7.50	2.90
7.58	2.89
7.67	2.89
7.75	2.89
7.83	2.88
7.92	2.86
8.00	2.83
8.08	2.78
8.17	2.72
8.25	2.65
8.33	2.59
8.42	2.52
8.50	2.46
8.58	2.40
8.67	2.34
8.75	2.28
8.83	2.23
8.92	2.17
9.00	2.15
9.08	2.14
9.17	2.17
9.25	2.22
9.33	2.29
9.42	2.38
9.50	2.50
9.58	2.65
9.67	2.83
9.75	3.03
9.83	3.25
9.92	3.52
10.00	3.81
10.08	4.12
10.17	4.44
10.25	4.77
10.33	5.11
10.42	5.45
10.50	5.80
10.58	6.15
10.67	6.51
10.75	6.88
10.83	7.25
10.92	7.60
11.00	7.93
11.08	8.26
11.17	8.57
11.25	8.87
11.33	9.17
11.42	9.47
11.50	9.77
11.58	10.06
11.67	10.36
11.75	10.67
11.83	10.99
11.92	11.34
12.00	11.70
12.08	12.08
12.17	12.48
12.25	12.91
12.33	13.35
12.42	13.80
12.50	14.25
12.58	14.71
12.67	15.15
12.75	15.61
12.83	16.05
12.92	16.48
13.00	16.91
13.08	17.31
13.17	17.71
13.25	18.10
13.33	18.50
13.42	18.87
13.50	19.20
13.58	19.48
13.67	19.74
13.75	19.97
13.83	20.23
13.92	20.49
14.00	20.74
14.08	20.98
14.17	21.21
14.25	21.40
14.33	21.59
14.42	21.80
14.50	22.02
14.58	22.21
14.67	22.38
14.75	22.52
14.83	22.61
14.92	22.66
15.00	22.67
15.08	22.66
15.17	22.61
15.25	22.52
15.33	22.41
15.42	22.30
15.50	22.21
15.58	22.14
15.67	22.09
15.75	22.04
15.83	22.02
15.92	22.01
16.00	22.00
16.08	21.98
16.17	21.98
16.25	21.97
16.33	21.89
16.42	21.72
16.50	21.47
16.58	21.14
16.67	20.77
16.75	20.33
16.83	19.86
16.92	19.35
17.00	18.81
17.08	18.19
17.17	17.53
17.25	16.85
17.33	16.20
17.42	15.59
17.50	14.97
17.58	14.35
17.67	13.77
17.75	13.21
17.83	12.65
17.92	12.17
18.00	11.74
18.08	11.34
18.17	10.97
18.25	10.63
18.33	10.32
18.42	10.07
18.50	9.90
18.58	9.75
18.67	9.61
18.75	9.48
18.83	9.35
18.92	9.17
19.00	9.01
19.08	8.87
19.17	8.75
19.25	8.62
19.33	8.51
19.42	8.39
19.50	8.25
19.58	8.10
19.67	7.97
19.75	7.85
19.83	7.75
19.92	7.66
20.00	7.58
20.08	7.49
20.17	7.41
20.25	7.33
20.33	7.24
20.42	7.13
20.50	7.02
20.58	6.92
20.67	6.79
20.75	6.64
20.83	6.49
20.92	6.36
21.00	6.23
21.08	6.09
21.17	5.95
21.25	5.80
21.33	5.67
21.42	5.55
21.50	5.43
21.58	5.31
21.67	5.19
21.75	5.08
21.83	4.98
21.92	4.85
22.00	4.73
22.08	4.63
22.17	4.54
22.25	4.46
22.33	4.41
22.42	4.37
22.50	4.34
22.58	4.32
22.67	4.32
22.75	4.32
22.83	4.32
22.92	4.33
23.00	4.33
23.08	4.34
23.17	4.36
23.25	4.35
23.33	4.33
23.42	4.29
23.50	4.26
23.58	4.24
23.67	4.21
23.75	4.19
23.83	4.18
23.92	4.18
0.00	3.46
0.08	3.46
0.17	3.44
0.25	3.43
0.33	3.40
0.42	3.38
0.50	3.35
0.58	3.32
0.67	3.30
0.75	3.28
0.83	3.26
0.92	3.24
1.00	3.24
1.08	3.25
1.17	3.27
1.25	3.29
1.33	3.31
1.42	3.33
1.50	3.36
1.58	3.40
1.67	3.43
1.75	3.47
1.83	3.51
1.92	3.55
2.00	3.58
2.08	3.60
2.17	3.63
2.25	3.66
2.33	3.68
2.42	3.72
2.50	3.75
2.58	3.78
2.67	3.80
2.75	3.80
2.83	3.80
2.92	3.78
3.00	3.74
3.08	3.70
3.17	3.66
3.25	3.62
3.33	3.57
3.42	3.51
3.50	3.44
3.58	3.38
3.67	3.33
3.75	3.29
3.83	3.24
3.92	3.20
4.00	3.16
4.08	3.13
4.17	3.09
4.25	3.06
4.33	3.03
4.42	3.00
4.50	2.97
4.58	2.95
4.67	2.93
4.75	2.91
4.83	2.91
4.92	2.91
5.00	2.90
5.08	2.90
5.17	2.89
5.25	2.89
5.33	2.88
5.42	2.87
5.50	2.86
5.58	2.84
5.67	2.82
5.75	2.79
5.83	2.77
5.92	2.74
6.00	2.73
6.08	2.71
6.17	2.70
6.25	2.69
6.33	2.68
6.42	2.69
6.50	2.70
6.58	2.70
6.67	2.69
6.75	2.69
6.83	2.70
6.92	2.70
7.00	2.70
7.08	2.71
7.17	2.72
7.25	2.72
7.33	2.72
7.42	2.72
7.50	2.72
7.58	2.73
7.67	2.74
7.75	2.75
7.83	2.75
7.92	2.75
8.00	2.71
8.08	2.68
8.17	2.63
8.25	2.58
8.33	2.53
8.42	2.48
8.50	2.43
8.58	2.38
8.67	2.31
8.75	2.24
8.83	2.17
8.92	2.11
9.00	2.08
9.08	2.06
9.17	2.06
9.25	2.08
9.33	2.11
9.42	2.17
9.50	2.24
9.58	2.35
9.67	2.48
9.75	2.63
9.83	2.82
9.92	3.03
10.00	3.25
10.08	3.47
10.17	3.70
10.25	3.92
10.33	4.14
10.42	4.36
10.50	4.58
10.58	4.80
10.67	5.03
10.75	5.25
10.83	5.47
10.92	5.70
11.00	5.95
11.08	6.21
11.17	6.50
11.25	6.80
11.33	7.12
11.42	7.47
11.50	7.84
11.58	8.22
11.67	8.64
11.75	9.06
11.83	9.49
11.92	9.91
12.00	10.34
12.08	10.75
12.17	11.16
12.25	11.57
12.33	11.98
12.42	12.37
12.50	12.75
12.58	13.10
12.67	13.45
12.75	13.79
12.83	14.12
12.92	14.43
13.00	14.73
13.08	15.02
13.17	15.28
13.25	15.50
13.33	15.71
13.42	15.87
13.50	16.00
13.58	16.11
13.67	16.19
13.75	16.25
13.83	16.31
13.92	16.36
14.00	16.40
14.08	16.42
14.17	16.47
14.25	16.53
14.33	16.60
14.42	16.69
14.50	16.77
14.58	16.85
14.67	16.96
14.75	17.09
14.83	17.23
14.92	17.39
15.00	17.57
15.08	17.77
15.17	17.96
15.25	18.13
15.33	18.28
15.42	18.43
15.50	18.57
15.58	18.70
15.67	18.79
15.75	18.84
15.83	18.83
15.92	18.78
16.00	18.69
16.08	18.55
16.17	18.36
16.25	18.14
16.33	17.89
16.42	17.59
16.50	17.26
16.58	16.91
16.67	16.55
16.75	16.19
16.83	15.83
16.92	15.48
17.00	15.12
17.08	14.78
17.17	14.44
17.25	14.12
17.33	13.85
17.42	13.57
17.50	13.30
17.58	13.04
17.67	12.80
17.75	12.56
17.83	12.36
17.92	12.19
18.00	12.04
18.08	11.89
18.17	11.75
18.25	11.62
18.33	11.49
18.42	11.41
18.50	11.32
18.58	11.23
18.67	11.13
18.75	11.02
18.83	10.86
18.92	10.66
19.00	10.47
19.08	10.27
19.17	10.08
19.25	9.89
19.33	9.72
19.42	9.53
19.50	9.34
19.58	9.16
19.67	9.01
19.75	8.87
19.83	8.77
19.92	8.68
20.00	8.61
20.08	8.53
20.17	8.46
20.25	8.38
20.33	8.28
20.42	8.18
20.50	8.08
20.58	7.97
20.67	7.83
20.75	7.69
20.83	7.54
20.92	7.39
21.00	7.23
21.08	7.07
21.17	6.88
21.25	6.72
21.33	6.56
21.42	6.40
21.50	6.24
21.58	6.07
21.67	5.91
21.75	5.77
21.83	5.61
21.92	5.46
22.00	5.33
22.08	5.20
22.17	5.11
22.25	5.03
22.33	4.99
22.42	4.94
22.50	4.92
22.58	4.89
22.67	4.87
22.75	4.84
22.83	4.81
22.92	4.78
23.00	4.74
23.08	4.70
23.17	4.65
23.25	4.57
23.33	4.48
23.42	4.39
23.50	4.30
23.58	4.23
23.67	4.17
23.75	4.12
23.83	4.09
23.92	4.07
0.00	4.04
0.08	4.04
0.17	4.02
0.25	3.99
0.33	3.96
0.42	3.91
0.50	3.87
0.58	3.83
0.67	3.79
0.75	3.76
0.83	3.74
0.92	3.73
1.00	3.74
1.08	3.75
1.17	3.76
1.25	3.78
1.33	3.80
1.42	3.83
1.50	3.86
1.58	3.90
1.67	3.93
1.75	3.97
1.83	4.01
1.92	4.05
2.00	4.08
2.08	4.11
2.17	4.15
2.25	4.18
2.33	4.23
2.42	4.28
2.50	4.32
2.58	4.36
2.67	4.38
2.75	4.39
2.83	4.39
2.92	4.36
3.00	4.34
3.08	4.31
3.17	4.29
3.25	4.27
3.33	4.22
3.42	4.17
3.50	4.11
3.58	4.05
3.67	4.00
3.75	3.96
3.83	3.93
3.92	3.90
4.00	3.86
4.08	3.83
4.17	3.78
4.25	3.73
4.33	3.70
4.42	3.67
4.50	3.66
4.58	3.64
4.67	3.62
4.75	3.60
4.83	3.58
4.92	3.56
5.00	3.54
5.08	3.53
5.17	3.52
5.25	3.51
5.33	3.48
5.42	3.46
5.50	3.44
5.58	3.41
5.67	3.39
5.75	3.36
5.83	3.32
5.92	3.29
6.00	3.27
6.08	3.24
6.17	3.21
6.25	3.18
6.33	3.15
6.42	3.13
6.50	3.10
6.58	3.06
6.67	3.02
6.75	2.99
6.83	2.97
6.92	2.94
7.00	2.93
7.08	2.92
7.17	2.91
7.25	2.89
7.33	2.87
7.42	2.85
7.50	2.85
7.58	2.84
7.67	2.84
7.75	2.83
7.83	2.81
7.92	2.76
8.00	2.71
8.08	2.65
8.17	2.59
8.25	2.53
8.33	2.47
8.42	2.43
8.50	2.37
8.58	2.31
8.67	2.25
8.75	2.19
8.83	2.14
8.92	2.11
9.00	2.09
9.08	2.09
9.17	2.11
9.25	2.14
9.33	2.19
9.42	2.25
9.50	2.34
9.58	2.46
9.67	2.59
9.75	2.75
9.83	2.94
9.92	3.13
10.00	3.32
10.08	3.51
10.17	3.71
10.25	3.91
10.33	4.12
10.42	4.32
10.50	4.52
10.58	4.72
10.67	4.91
10.75	5.10
10.83	5.28
10.92	5.46
11.00	5.64
11.08	5.83
11.17	6.01
11.25	6.20
11.33	6.38
11.42	6.57
11.50	6.76
11.58	6.98
11.67	7.21
11.75	7.44
11.83	7.68
11.92	7.92
12.00	8.17
12.08	8.43
12.17	8.69
12.25	8.96
12.33	9.23
12.42	9.52
12.50	9.81
12.58	10.10
12.67	10.39
12.75	10.68
12.83	10.99
12.92	11.31
13.00	11.65
13.08	12.00
13.17	12.37
13.25	12.76
13.33	13.15
13.42	13.52
13.50	13.89
13.58	14.26
13.67	14.67
13.75	15.11
13.83	15.55
13.92	16.00
14.00	16.45
14.08	16.88
14.17	17.29
14.25	17.69
14.33	18.09
14.42	18.46
14.50	18.79
14.58	19.10
14.67	19.37
14.75	19.61
14.83	19.81
14.92	19.99
15.00	20.15
15.08	20.29
15.17	20.42
15.25	20.53
15.33	20.62
15.42	20.73
15.50	20.86
15.58	20.95
15.67	21.03
15.75	21.08
15.83	21.12
15.92	21.13
16.00	21.13
16.08	21.09
16.17	21.04
16.25	20.96
16.33	20.85
16.42	20.71
16.50	20.55
16.58	20.39
16.67	20.22
16.75	20.05
16.83	19.87
16.92	19.67
17.00	19.43
17.08	19.18
17.17	18.91
17.25	18.63
17.33	18.31
17.42	17.90
17.50	17.46
17.58	16.96
17.67	16.41
17.75	15.83
17.83	15.26
17.92	14.67
18.00	14.06
18.08	13.43
18.17	12.82
18.25	12.24
18.33	11.74
18.42	11.29
18.50	10.88
18.58	10.53
18.67	10.23
18.75	9.92
18.83	9.60
18.92	9.36
19.00	9.14
19.08	8.96
19.17	8.79
19.25	8.64
19.33	8.48
19.42	8.32
19.50	8.16
19.58	8.03
19.67	7.90
19.75	7.80
19.83	7.71
19.92	7.63
20.00	7.54
20.08	7.45
20.17	7.36
20.25	7.25
20.33	7.14
20.42	7.04
20.50	6.93
20.58	6.80
20.67	6.66
20.75	6.52
20.83	6.40
20.92	6.27
21.00	6.14
21.08	6.00
21.17	5.88
21.25	5.76
21.33	5.65
21.42	5.53
21.50	5.41
21.58	5.28
21.67	5.16
21.75	5.03
21.83	4.90
21.92	4.77
22.00	4.65
22.08	4.54
22.17	4.43
22.25	4.35
22.33	4.27
22.42	4.21
22.50	4.15
22.58	4.10
22.67	4.06
22.75	4.02
22.83	3.98
22.92	3.95
23.00	3.93
23.08	3.92
23.17	3.88
23.25	3.84
23.33	3.79
23.42	3.75
23.50	3.70
23.58	3.66
23.67	3.64
23.75	3.62
23.83	3.61
23.92	3.61
0.00	3.59
0.08	3.58
0.17	3.55
0.25	3.51
0.33	3.46
0.42	3.41
0.50	3.35
0.58	3.29
0.67	3.23
0.75	3.18
0.83	3.14
0.92	3.12
1.00	3.10
1.08	3.09
1.17	3.09
1.25	3.10
1.33	3.10
1.42	3.12
1.50	3.13
1.58	3.15
1.67	3.17
1.75	3.19
1.83	3.21
1.92	3.22
2.00	3.23
2.08	3.24
2.17	3.25
2.25	3.27
2.33	3.30
2.42	3.33
2.50	3.36
2.58	3.38
2.67	3.39
2.75	3.38
2.83	3.36
2.92	3.34
3.00	3.32
3.08	3.30
3.17	3.27
3.25	3.22
3.33	3.16
3.42	3.09
3.50	3.03
3.58	2.98
3.67	2.94
3.75	2.91
3.83	2.87
3.92	2.84
4.00	2.81
4.08	2.78
4.17	2.75
4.25	2.72
4.33	2.71
4.42	2.69
4.50	2.68
4.58	2.66
4.67	2.64
4.75	2.63
4.83	2.61
4.92	2.59
5.00	2.57
5.08	2.55
5.17	2.53
5.25	2.52
5.33	2.51
5.42	2.50
5.50	2.49
5.58	2.48
5.67	2.48
5.75	2.48
5.83	2.50
5.92	2.51
6.00	2.52
6.08	2.54
6.17	2.56
6.25	2.58
6.33	2.60
6.42	2.61
6.50	2.61
6.58	2.61
6.67	2.60
6.75	2.59
6.83	2.57
6.92	2.57
7.00	2.57
7.08	2.56
7.17	2.55
7.25	2.54
7.33	2.52
7.42	2.53
7.50	2.53
7.58	2.54
7.67	2.55
7.75	2.56
7.83	2.54
7.92	2.51
8.00	2.47
8.08	2.43
8.17	2.40
8.25	2.36
8.33	2.32
8.42	2.29
8.50	2.24
8.58	2.20
8.67	2.15
8.75	2.11
8.83	2.09
8.92	2.08
9.00	2.09
9.08	2.10
9.17	2.13
9.25	2.16
9.33	2.21
9.42	2.29
9.50	2.38
9.58	2.49
9.67	2.63
9.75	2.80
9.83	2.98
9.92	3.16
10.00	3.34
10.08	3.53
10.17	3.71
10.25	3.90
10.33	4.10
10.42	4.28
10.50	4.47
10.58	4.64
10.67	4.81
10.75	4.97
10.83	5.12
10.92	5.27
11.00	5.43
11.08	5.59
11.17	5.75
11.25	5.90
11.33	6.05
11.42	6.21
11.50	6.39
11.58	6.57
11.67	6.76
11.75	6.95
11.83	7.15
11.92	7.35
12.00	7.56
12.08	7.77
12.17	7.98
12.25	8.20
12.33	8.41
12.42	8.59
12.50	8.75
12.58	8.92
12.67	9.09
12.75	9.26
12.83	9.43
12.92	9.60
13.00	9.77
13.08	9.94
13.17	10.13
13.25	10.31
13.33	10.48
13.42	10.64
13.50	10.80
13.58	10.97
13.67	11.16
13.75	11.36
13.83	11.56
13.92	11.76
14.00	11.96
14.08	12.16
14.17	12.36
14.25	12.59
14.33	12.80
14.42	13.00
14.50	13.19
14.58	13.36
14.67	13.52
14.75	13.66
14.83	13.80
14.92	13.94
15.00	14.08
15.08	14.21
15.17	14.34
15.25	14.46
15.33	14.65
15.42	14.86
15.50	15.08
15.58	15.28
15.67	15.48
15.75	15.67
15.83	15.85
15.92	16.02
16.00	16.19
16.08	16.34
16.17	16.50
16.25	16.62
16.33	16.72
16.42	16.81
16.50	16.91
16.58	17.01
16.67	17.12
16.75	17.22
16.83	17.29
16.92	17.31
17.00	17.30
17.08	17.27
17.17	17.22
17.25	17.13
17.33	16.96
17.42	16.75
17.50	16.50
17.58	16.19
17.67	15.83
17.75	15.48
17.83	15.08
17.92	14.64
18.00	14.17
18.08	13.67
18.17	13.15
18.25	12.68
18.33	12.26
18.42	11.83
18.50	11.42
18.58	11.02
18.67	10.63
18.75	10.22
18.83	9.89
18.92	9.59
19.00	9.33
19.08	9.10
19.17	8.89
19.25	8.67
19.33	8.45
19.42	8.24
19.50	8.06
19.58	7.90
19.67	7.76
19.75	7.64
19.83	7.53
19.92	7.43
20.00	7.34
20.08	7.25
20.17	7.14
20.25	7.03
20.33	6.94
20.42	6.84
20.50	6.73
20.58	6.61
20.67	6.49
20.75	6.39
20.83	6.29
20.92	6.19
21.00	6.07
21.08	5.97
21.17	5.88
21.25	5.80
21.33	5.71
21.42	5.60
21.50	5.48
21.58	5.37
21.67	5.25
21.75	5.13
21.83	5.01
21.92	4.90
22.00	4.80
22.08	4.71
22.17	4.65
22.25	4.58
22.33	4.52
22.42	4.48
22.50	4.45
22.58	4.41
22.67	4.37
22.75	4.33
22.83	4.29
22.92	4.26
23.00	4.24
23.08	4.20
23.17	4.14
23.25	4.09
23.33	4.04
23.42	4.00
23.50	3.95
23.58	3.91
23.67	3.89
23.75	3.87
23.83	3.86
23.92	3.85
0.00	3.10
0.08	3.09
0.17	3.07
0.25	3.04
0.33	3.01
0.42	2.97
0.50	2.93
0.58	2.89
0.67	2.85
0.75	2.82
0.83	2.82
0.92	2.82
1.00	2.83
1.08	2.84
1.17	2.86
1.25	2.89
1.33	2.92
1.42	2.95
1.50	2.98
1.58	3.01
1.67	3.05
1.75	3.08
1.83	3.10
1.92	3.12
2.00	3.13
2.08	3.14
2.17	3.15
2.25	3.18
2.33	3.19
2.42	3.21
2.50	3.22
2.58	3.21
2.67	3.19
2.75	3.15
2.83	3.12
2.92	3.08
3.00	3.05
3.08	3.02
3.17	2.98
3.25	2.94
3.33	2.90
3.42	2.86
3.50	2.84
3.58	2.83
3.67	2.83
3.75	2.82
3.83	2.81
3.92	2.81
4.00	2.80
4.08	2.80
4.17	2.80
4.25	2.80
4.33	2.80
4.42	2.81
4.50	2.81
4.58	2.82
4.67	2.84
4.75	2.85
4.83	2.85
4.92	2.86
5.00	2.86
5.08	2.87
5.17	2.87
5.25	2.87
5.33	2.86
5.42	2.84
5.50	2.82
5.58	2.80
5.67	2.78
5.75	2.77
5.83	2.75
5.92	2.74
6.00	2.72
6.08	2.70
6.17	2.69
6.25	2.68
6.33	2.67
6.42	2.65
6.50	2.64
6.58	2.63
6.67	2.62
6.75	2.61
6.83	2.62
6.92	2.62
7.00	2.63
7.08	2.64
7.17	2.63
7.25	2.63
7.33	2.63
7.42	2.64
7.50	2.64
7.58	2.64
7.67	2.64
7.75	2.61
7.83	2.57
7.92	2.52
8.00	2.47
8.08	2.42
8.17	2.39
8.25	2.35
8.33	2.32
8.42	2.28
8.50	2.25
8.58	2.21
8.67	2.17
8.75	2.14
8.83	2.13
8.92	2.12
9.00	2.12
9.08	2.13
9.17	2.13
9.25	2.14
9.33	2.17
9.42	2.21
9.50	2.28
9.58	2.38
9.67	2.50
9.75	2.63
9.83	2.76
9.92	2.90
10.00	3.04
10.08	3.19
10.17	3.34
10.25	3.50
10.33	3.65
10.42	3.79
10.50	3.91
10.58	4.02
10.67	4.12
10.75	4.21
10.83	4.31
10.92	4.40
11.00	4.49
11.08	4.57
11.17	4.64
11.25	4.71
11.33	4.79
11.42	4.89
11.50	5.00
11.58	5.12
11.67	5.24
11.75	5.36
11.83	5.49
11.92	5.61
12.00	5.75
12.08	5.89
12.17	6.05
12.25	6.21
12.33	6.37
12.42	6.53
12.50	6.68
12.58	6.85
12.67	7.02
12.75	7.21
12.83	7.41
12.92	7.61
13.00	7.82
13.08	8.06
13.17	8.29
13.25	8.51
13.33	8.70
13.42	8.91
13.50	9.12
13.58	9.35
13.67	9.59
13.75	9.83
13.83	10.09
13.92	10.35
14.00	10.62
14.08	10.88
14.17	11.17
14.25	11.48
14.33	11.77
14.42	12.07
14.50	12.38
14.58	12.68
14.67	13.00
14.75	13.33
14.83	13.66
14.92	14.01
15.00	14.36
15.08	14.70
15.17	15.03
15.25	15.40
15.33	15.81
15.42	16.22
15.50	16.62
15.58	16.99
15.67	17.35
15.75	17.69
15.83	18.03
15.92	18.37
16.00	18.71
16.08	19.05
16.17	19.36
16.25	19.62
16.33	19.85
16.42	20.09
16.50	20.34
16.58	20.60
16.67	20.86
16.75	21.10
16.83	21.28
16.92	21.44
17.00	21.57
17.08	21.68
17.17	21.81
17.25	21.91
17.33	22.01
17.42	22.11
17.50	22.20
17.58	22.26
17.67	22.34
17.75	22.36
17.83	22.32
17.92	22.17
18.00	21.90
18.08	21.53
18.17	21.06
18.25	20.58
18.33	19.97
18.42	19.23
18.50	18.39
18.58	17.46
18.67	16.43
18.75	15.44
18.83	14.48
18.92	13.59
19.00	12.78
19.08	12.07
19.17	11.40
19.25	10.74
19.33	10.17
19.42	9.69
19.50	9.31
19.58	8.99
19.67	8.73
19.75	8.50
19.83	8.31
19.92	8.12
20.00	7.95
20.08	7.77
20.17	7.59
20.25	7.43
20.33	7.28
20.42	7.09
20.50	6.90
20.58	6.72
20.67	6.55
20.75	6.39
20.83	6.23
20.92	6.08
21.00	5.92
21.08	5.80
21.17	5.68
21.25	5.55
21.33	5.41
21.42	5.25
21.50	5.11
21.58	4.95
21.67	4.79
21.75	4.63
21.83	4.49
21.92	4.37
22.00	4.25
22.08	4.17
22.17	4.10
22.25	4.04
22.33	4.01
22.42	3.99
22.50	3.97
22.58	3.96
22.67	3.94
22.75	3.93
22.83	3.92
22.92	3.93
23.00	3.91
23.08	3.87
23.17	3.82
23.25	3.78
23.33	3.73
23.42	3.68
23.50	3.62
23.58	3.58
23.67	3.55
23.75	3.52
23.83	3.50
23.92	3.48
0.00	3.53
0.08	3.52
0.17	3.49
0.25	3.45
0.33	3.40
0.42	3.34
0.50	3.28
0.58	3.22
0.67	3.16
0.75	3.14
0.83	3.13
0.92	3.12
1.00	3.13
1.08	3.13
1.17	3.15
1.25	3.18
1.33	3.21
1.42	3.23
1.50	3.26
1.58	3.29
1.67	3.32
1.75	3.33
1.83	3.34
1.92	3.34
2.00	3.35
2.08	3.36
2.17	3.39
2.25	3.41
2.33	3.44
2.42	3.47
2.50	3.48
2.58	3.48
2.67	3.46
2.75	3.44
2.83	3.42
2.92	3.39
3.00	3.38
3.08	3.35
3.17	3.30
3.25	3.25
3.33	3.20
3.42	3.16
3.50	3.13
3.58	3.10
3.67	3.07
3.75	3.05
3.83	3.03
3.92	3.00
4.00	2.98
4.08	2.96
4.17	2.95
4.25	2.93
4.33	2.93
4.42	2.93
4.50	2.93
4.58	2.94
4.67	2.95
4.75	2.95
4.83	2.95
4.92	2.96
5.00	2.95
5.08	2.94
5.17	2.92
5.25	2.90
5.33	2.88
5.42	2.85
5.50	2.82
5.58	2.79
5.67	2.76
5.75	2.74
5.83	2.72
5.92	2.70
6.00	2.68
6.08	2.67
6.17	2.66
6.25	2.65
6.33	2.63
6.42	2.62
6.50	2.62
6.58	2.62
6.67	2.62
6.75	2.63
6.83	2.66
6.92	2.68
7.00	2.71
7.08	2.73
7.17	2.75
7.25	2.77
7.33	2.80
7.42	2.82
7.50	2.84
7.58	2.85
7.67	2.84
7.75	2.80
7.83	2.75
7.92	2.70
8.00	2.64
8.08	2.59
8.17	2.54
8.25	2.49
8.33	2.44
8.42	2.38
8.50	2.33
8.58	2.28
8.67	2.24
8.75	2.22
8.83	2.21
8.92	2.20
9.00	2.21
9.08	2.21
9.17	2.23
9.25	2.25
9.33	2.30
9.42	2.36
9.50	2.46
9.58	2.57
9.67	2.70
9.75	2.83
9.83	2.96
9.92	3.10
10.00	3.23
10.08	3.38
10.17	3.53
10.25	3.68
10.33	3.82
10.42	3.95
10.50	4.06
10.58	4.17
10.67	4.28
10.75	4.38
10.83	4.49
10.92	4.60
11.00	4.70
11.08	4.79
11.17	4.88
11.25	4.97
11.33	5.09
11.42	5.21
11.50	5.35
11.58	5.49
11.67	5.64
11.75	5.79
11.83	5.94
11.92	6.10
12.00	6.26
12.08	6.42
12.17	6.59
12.25	6.75
12.33	6.89
12.42	7.03
12.50	7.16
12.58	7.30
12.67	7.45
12.75	7.60
12.83	7.76
12.92	7.93
13.00	8.11
13.08	8.30
13.17	8.48
13.25	8.65
13.33	8.81
13.42	8.98
13.50	9.14
13.58	9.30
13.67	9.46
13.75	9.62
13.83	9.78
13.92	9.93
14.00	10.08
14.08	10.23
14.17	10.38
14.25	10.52
14.33	10.66
14.42	10.82
14.50	10.98
14.58	11.15
14.67	11.32
14.75	11.50
14.83	11.70
14.92	11.89
15.00	12.10
15.08	12.30
15.17	12.54
15.25	12.79
15.33	13.03
15.42	13.25
15.50	13.46
15.58	13.64
15.67	13.81
15.75	13.95
15.83	14.07
15.92	14.17
16.00	14.24
16.08	14.27
16.17	14.25
16.25	14.21
16.33	14.17
16.42	14.14
16.50	14.09
16.58	14.05
16.67	14.01
16.75	13.90
16.83	13.80
16.92	13.71
17.00	13.63
17.08	13.58
17.17	13.53
17.25	13.47
17.33	13.42
17.42	13.38
17.50	13.36
17.58	13.39
17.67	13.50
17.75	13.65
17.83	13.79
17.92	13.91
18.00	14.01
18.08	14.10
18.17	14.23
18.25	14.34
18.33	14.40
18.42	14.40
18.50	14.35
18.58	14.19
18.67	13.97
18.75	13.72
18.83	13.45
18.92	13.17
19.00	12.88
19.08	12.60
19.17	12.29
19.25	11.99
19.33	11.73
19.42	11.53
19.50	11.35
19.58	11.21
19.67	11.09
19.75	10.99
19.83	10.90
19.92	10.82
20.00	10.72
20.08	10.61
20.17	10.49
20.25	10.39
20.33	10.24
20.42	10.07
20.50	9.89
20.58	9.73
20.67	9.56
20.75	9.38
20.83	9.21
20.92	9.03
21.00	8.87
21.08	8.74
21.17	8.60
21.25	8.42
21.33	8.23
21.42	8.04
21.50	7.85
21.58	7.64
21.67	7.43
21.75	7.23
21.83	7.03
21.92	6.84
22.00	6.67
22.08	6.51
22.17	6.37
22.25	6.26
22.33	6.17
22.42	6.09
22.50	6.01
22.58	5.93
22.67	5.84
22.75	5.77
22.83	5.72
22.92	5.66
23.00	5.56
23.08	5.47
23.17	5.37
23.25	5.27
23.33	5.17
23.42	5.05
23.50	4.95
23.58	4.86
23.67	4.80
23.75	4.74
23.83	4.69
23.92	4.66
0.00	3.78
0.08	3.77
0.17	3.76
0.25	3.74
0.33	3.71
0.42	3.68
0.50	3.63
0.58	3.60
0.67	3.59
0.75	3.59
0.83	3.60
0.92	3.61
1.00	3.63
1.08	3.64
1.17	3.68
1.25	3.73
1.33	3.78
1.42	3.83
1.50	3.89
1.58	3.94
1.67	3.98
1.75	4.02
1.83	4.06
1.92	4.09
2.00	4.13
2.08	4.19
2.17	4.24
2.25	4.28
2.33	4.32
2.42	4.34
2.50	4.36
2.58	4.35
2.67	4.34
2.75	4.32
2.83	4.31
2.92	4.30
3.00	4.28
3.08	4.23
3.17	4.18
3.25	4.13
3.33	4.08
3.42	4.05
3.50	4.02
3.58	4.00
3.67	3.97
3.75	3.94
3.83	3.91
3.92	3.88
4.00	3.86
4.08	3.84
4.17	3.83
4.25	3.83
4.33	3.83
4.42	3.84
4.50	3.84
4.58	3.85
4.67	3.86
4.75	3.86
4.83	3.86
4.92	3.86
5.00	3.84
5.08	3.82
5.17	3.79
5.25	3.75
5.33	3.70
5.42	3.65
5.50	3.59
5.58	3.54
5.67	3.50
5.75	3.47
5.83	3.43
5.92	3.40
6.00	3.37
6.08	3.36
6.17	3.35
6.25	3.34
6.33	3.34
6.42	3.35
6.50	3.35
6.58	3.37
6.67	3.40
6.75	3.43
6.83	3.47
6.92	3.50
7.00	3.52
7.08	3.52
7.17	3.52
7.25	3.52
7.33	3.51
7.42	3.49
7.50	3.46
7.58	3.41
7.67	3.32
7.75	3.22
7.83	3.12
7.92	3.01
8.00	2.91
8.08	2.82
8.17	2.73
8.25	2.64
8.33	2.55
8.42	2.47
8.50	2.39
8.58	2.33
8.67	2.27
8.75	2.23
8.83	2.20
8.92	2.19
9.00	2.17
9.08	2.16
9.17	2.16
9.25	2.19
9.33	2.23
9.42	2.30
9.50	2.40
9.58	2.53
9.67	2.67
9.75	2.83
9.83	2.99
9.92	3.17
10.00	3.35
10.08	3.55
10.17	3.75
10.25	3.94
10.33	4.13
10.42	4.30
10.50	4.45
10.58	4.60
10.67	4.74
10.75	4.88
10.83	5.01
10.92	5.14
11.00	5.24
11.08	5.35
11.17	5.46
11.25	5.57
11.33	5.70
11.42	5.85
11.50	5.99
11.58	6.13
11.67	6.28
11.75	6.44
11.83	6.60
11.92	6.76
12.00	6.94
12.08	7.12
12.17	7.30
12.25	7.48
12.33	7.65
12.42	7.82
12.50	7.99
12.58	8.17
12.67	8.35
12.75	8.54
12.83	8.73
12.92	8.93
13.00	9.14
13.08	9.33
13.17	9.49
13.25	9.64
13.33	9.78
13.42	9.93
13.50	10.08
13.58	10.24
13.67	10.40
13.75	10.56
13.83	10.72
13.92	10.88
14.00	11.04
14.08	11.22
14.17	11.40
14.25	11.57
14.33	11.75
14.42	11.93
14.50	12.10
14.58	12.27
14.67	12.45
14.75	12.62
14.83	12.79
14.92	12.96
15.00	13.12
15.08	13.32
15.17	13.55
15.25	13.79
15.33	14.04
15.42	14.28
15.50	14.53
15.58	14.78
15.67	15.03
15.75	15.29
15.83	15.56
15.92	15.83
16.00	16.08
16.08	16.27
16.17	16.44
16.25	16.59
16.33	16.74
16.42	16.87
16.50	17.00
16.58	17.10
16.67	17.12
16.75	17.11
16.83	17.09
16.92	17.07
17.00	17.05
17.08	17.02
17.17	16.96
17.25	16.87
17.33	16.78
17.42	16.68
17.50	16.60
17.58	16.58
17.67	16.59
17.75	16.57
17.83	16.54
17.92	16.46
18.00	16.35
18.08	16.31
18.17	16.25
18.25	16.16
18.33	16.02
18.42	15.84
18.50	15.54
18.58	15.17
18.67	14.78
18.75	14.37
18.83	13.96
18.92	13.54
19.00	13.12
19.08	12.67
19.17	12.23
19.25	11.82
19.33	11.46
19.42	11.14
19.50	10.87
19.58	10.62
19.67	10.37
19.75	10.14
19.83	9.91
19.92	9.67
20.00	9.42
20.08	9.18
20.17	8.94
20.25	8.68
20.33	8.39
20.42	8.10
20.50	7.84
20.58	7.60
20.67	7.36
20.75	7.14
20.83	6.91
20.92	6.73
21.00	6.55
21.08	6.39
21.17	6.21
21.25	6.03
21.33	5.85
21.42	5.66
21.50	5.46
21.58	5.26
21.67	5.07
21.75	4.89
21.83	4.73
21.92	4.59
22.00	4.46
22.08	4.34
22.17	4.25
22.25	4.18
22.33	4.12
22.42	4.06
22.50	4.01
22.58	3.96
22.67	3.93
22.75	3.91
22.83	3.89
22.92	3.85
23.00	3.80
23.08	3.76
23.17	3.72
23.25	3.67
23.33	3.63
23.42	3.58
23.50	3.54
23.58	3.50
23.67	3.46
23.75	3.42
23.83	3.39
23.92	3.38
0.00	3.54
0.08	3.53
0.17	3.51
0.25	3.48
0.33	3.44
0.42	3.39
0.50	3.34
0.58	3.33
0.67	3.32
0.75	3.32
0.83	3.34
0.92	3.36
1.00	3.39
1.08	3.44
1.17	3.49
1.25	3.54
1.33	3.59
1.42	3.65
1.50	3.69
1.58	3.73
1.67	3.77
1.75	3.81
1.83	3.85
1.92	3.90
2.00	3.95
2.08	4.00
2.17	4.05
2.25	4.10
2.33	4.13
2.42	4.14
2.50	4.13
2.58	4.10
2.67	4.07
2.75	4.04
2.83	4.02
2.92	3.99
3.00	3.94
3.08	3.88
3.17	3.83
3.25	3.79
3.33	3.77
3.42	3.76
3.50	3.75
3.58	3.74
3.67	3.72
3.75	3.70
3.83	3.68
3.92	3.67
4.00	3.66
4.08	3.65
4.17	3.64
4.25	3.64
4.33	3.63
4.42	3.62
4.50	3.62
4.58	3.61
4.67	3.60
4.75	3.59
4.83	3.57
4.92	3.53
5.00	3.49
5.08	3.44
5.17	3.37
5.25	3.30
5.33	3.23
5.42	3.16
5.50	3.09
5.58	3.03
5.67	2.98
5.75	2.92
5.83	2.86
5.92	2.80
6.00	2.74
6.08	2.70
6.17	2.64
6.25	2.61
6.33	2.57
6.42	2.54
6.50	2.51
6.58	2.50
6.67	2.49
6.75	2.48
6.83	2.49
6.92	2.51
7.00	2.52
7.08	2.53
7.17	2.56
7.25	2.58
7.33	2.60
7.42	2.62
7.50	2.63
7.58	2.60
7.67	2.57
7.75	2.53
7.83	2.48
7.92	2.44
8.00	2.40
8.08	2.37
8.17	2.34
8.25	2.29
8.33	2.24
8.42	2.19
8.50	2.14
8.58	2.10
8.67	2.08
8.75	2.06
8.83	2.05
8.92	2.04
9.00	2.03
9.08	2.02
9.17	2.04
9.25	2.08
9.33	2.15
9.42	2.24
9.50	2.36
9.58	2.50
9.67	2.64
9.75	2.79
9.83	2.95
9.92	3.11
10.00	3.27
10.08	3.43
10.17	3.58
10.25	3.72
10.33	3.84
10.42	3.95
10.50	4.05
10.58	4.14
10.67	4.23
10.75	4.33
10.83	4.42
10.92	4.51
11.00	4.61
11.08	4.72
11.17	4.84
11.25	5.00
11.33	5.17
11.42	5.35
11.50	5.53
11.58	5.71
11.67	5.89
11.75	6.08
11.83	6.26
11.92	6.44
12.00	6.63
12.08	6.81
12.17	6.99
12.25	7.13
12.33	7.28
12.42	7.43
12.50	7.59
12.58	7.76
12.67	7.93
12.75	8.11
12.83	8.31
12.92	8.52
13.00	8.72
13.08	8.90
13.17	9.07
13.25	9.23
13.33	9.40
13.42	9.56
13.50	9.73
13.58	9.88
13.67	10.03
13.75	10.17
13.83	10.29
13.92	10.40
14.00	10.53
14.08	10.64
14.17	10.75
14.25	10.87
14.33	10.99
14.42	11.11
14.50	11.25
14.58	11.38
14.67	11.52
14.75	11.67
14.83	11.83
14.92	11.99
15.00	12.17
15.08	12.39
15.17	12.63
15.25	12.88
15.33	13.12
15.42	13.35
15.50	13.58
15.58	13.79
15.67	13.98
15.75	14.15
15.83	14.29
15.92	14.39
16.00	14.40
16.08	14.36
16.17	14.26
16.25	14.14
16.33	13.98
16.42	13.80
16.50	13.61
16.58	13.35
16.67	13.08
16.75	12.81
16.83	12.56
16.92	12.35
17.00	12.19
17.08	12.03
17.17	11.89
17.25	11.77
17.33	11.66
17.42	11.59
17.50	11.58
17.58	11.61
17.67	11.64
17.75	11.68
17.83	11.70
17.92	11.72
18.00	11.77
18.08	11.82
18.17	11.86
18.25	11.88
18.33	11.88
18.42	11.83
18.50	11.72
18.58	11.60
18.67	11.47
18.75	11.33
18.83	11.17
18.92	11.01
19.00	10.82
19.08	10.61
19.17	10.41
19.25	10.23
19.33	10.05
19.42	9.91
19.50	9.78
19.58	9.65
19.67	9.53
19.75	9.41
19.83	9.27
19.92	9.12
20.00	8.97
20.08	8.83
20.17	8.68
20.25	8.50
20.33	8.32
20.42	8.16
20.50	8.01
20.58	7.86
20.67	7.71
20.75	7.56
20.83	7.43
20.92	7.33
21.00	7.22
21.08	7.10
21.17	6.98
21.25	6.84
21.33	6.71
21.42	6.55
21.50	6.39
21.58	6.23
21.67	6.07
21.75	5.92
21.83	5.79
21.92	5.68
22.00	5.57
22.08	5.48
22.17	5.40
22.25	5.34
22.33	5.29
22.42	5.24
22.50	5.20
22.58	5.16
22.67	5.15
22.75	5.13
22.83	5.10
22.92	5.05
23.00	5.01
23.08	4.96
23.17	4.90
23.25	4.83
23.33	4.75
23.42	4.67
23.50	4.57
23.58	4.48
23.67	4.39
23.75	4.32
23.83	4.27
23.92	4.24
0.00	3.54
0.08	3.53
0.17	3.51
0.25	3.47
0.33	3.42
0.42	3.35
0.50	3.30
0.58	3.28
0.67	3.27
0.75	3.26
0.83	3.28
0.92	3.30
1.00	3.34
1.08	3.38
1.17	3.42
1.25	3.46
1.33	3.50
1.42	3.53
1.50	3.55
1.58	3.56
1.67	3.57
1.75	3.58
1.83	3.58
1.92	3.60
2.00	3.63
2.08	3.66
2.17	3.69
2.25	3.71
2.33	3.71
2.42	3.70
2.50	3.67
2.58	3.64
2.67	3.61
2.75	3.58
2.83	3.55
2.92	3.49
3.00	3.43
3.08	3.37
3.17	3.31
3.25	3.28
3.33	3.25
3.42	3.23
3.50	3.21
3.58	3.18
3.67	3.17
3.75	3.15
3.83	3.14
3.92	3.13
4.00	3.12
4.08	3.11
4.17	3.10
4.25	3.09
4.33	3.09
4.42	3.09
4.50	3.08
4.58	3.08
4.67	3.07
4.75	3.06
4.83	3.04
4.92	3.02
5.00	3.00
5.08	2.98
5.17	2.95
5.25	2.91
5.33	2.88
5.42	2.85
5.50	2.83
5.58	2.81
5.67	2.79
5.75	2.78
5.83	2.76
5.92	2.75
6.00	2.74
6.08	2.73
6.17	2.73
6.25	2.73
6.33	2.73
6.42	2.75
6.50	2.77
6.58	2.81
6.67	2.85
6.75	2.88
6.83	2.92
6.92	2.96
7.00	3.00
7.08	3.04
7.17	3.08
7.25	3.11
7.33	3.14
7.42	3.16
7.50	3.13
7.58	3.10
7.67	3.05
7.75	3.00
7.83	2.94
7.92	2.90
8.00	2.85
8.08	2.79
8.17	2.73
8.25	2.65
8.33	2.56
8.42	2.48
8.50	2.41
8.58	2.36
8.67	2.30
8.75	2.26
8.83	2.20
8.92	2.15
9.00	2.11
9.08	2.08
9.17	2.07
9.25	2.09
9.33	2.14
9.42	2.22
9.50	2.33
9.58	2.46
9.67	2.60
9.75	2.77
9.83	2.95
9.92	3.14
10.00	3.35
10.08	3.57
10.17	3.78
10.25	3.99
10.33	4.19
10.42	4.37
10.50	4.54
10.58	4.70
10.67	4.85
10.75	5.00
10.83	5.14
10.92	5.27
11.00	5.40
11.08	5.53
11.17	5.67
11.25	5.82
11.33	5.97
11.42	6.13
11.50	6.30
11.58	6.47
11.67	6.64
11.75	6.82
11.83	7.00
11.92	7.18
12.00	7.35
12.08	7.53
12.17	7.68
12.25	7.83
12.33	7.97
12.42	8.11
12.50	8.24
12.58	8.37
12.67	8.50
12.75	8.63
12.83	8.76
12.92	8.88
13.00	8.98
13.08	9.05
13.17	9.12
13.25	9.18
13.33	9.24
13.42	9.30
13.50	9.35
13.58	9.39
13.67	9.42
13.75	9.45
13.83	9.47
13.92	9.51
14.00	9.54
14.08	9.58
14.17	9.63
14.25	9.70
14.33	9.77
14.42	9.85
14.50	9.95
14.58	10.06
14.67	10.18
14.75	10.31
14.83	10.44
14.92	10.59
15.00	10.79
15.08	10.97
15.17	11.14
15.25	11.31
15.33	11.48
15.42	11.64
15.50	11.79
15.58	11.94
15.67	12.08
15.75	12.23
15.83	12.37
15.92	12.45
16.00	12.50
16.08	12.56
16.17	12.61
16.25	12.66
16.33	12.69
16.42	12.72
16.50	12.69
16.58	12.61
16.67	12.51
16.75	12.41
16.83	12.32
16.92	12.25
17.00	12.15
17.08	12.04
17.17	11.91
17.25	11.77
17.33	11.65
17.42	11.59
17.50	11.58
17.58	11.56
17.67	11.52
17.75	11.45
17.83	11.36
17.92	11.30
18.00	11.29
18.08	11.26
18.17	11.20
18.25	11.13
18.33	11.00
18.42	10.81
18.50	10.63
18.58	10.45
18.67	10.29
18.75	10.15
18.83	10.02
18.92	9.86
19.00	9.68
19.08	9.51
19.17	9.38
19.25	9.26
19.33	9.15
19.42	9.06
19.50	8.96
19.58	8.87
19.67	8.77
19.75	8.67
19.83	8.57
19.92	8.47
20.00	8.38
20.08	8.29
20.17	8.17
20.25	8.05
20.33	7.94
20.42	7.86
20.50	7.76
20.58	7.65
20.67	7.52
20.75	7.38
20.83	7.24
20.92	7.08
21.00	6.91
21.08	6.70
21.17	6.48
21.25	6.24
21.33	5.98
21.42	5.71
21.50	5.44
21.58	5.18
21.67	4.94
21.75	4.72
21.83	4.52
21.92	4.34
22.00	4.19
22.08	4.07
22.17	3.96
22.25	3.87
22.33	3.79
22.42	3.72
22.50	3.66
22.58	3.62
22.67	3.59
22.75	3.53
22.83	3.47
22.92	3.41
23.00	3.36
23.08	3.31
23.17	3.25
23.25	3.20
23.33	3.15
23.42	3.10
23.50	3.05
23.58	2.98
23.67	2.93
23.75	2.90
23.83	2.88
23.92	2.86
0.00	2.47
0.08	2.47
0.17	2.46
0.25	2.44
0.33	2.39
0.42	2.35
0.50	2.32
0.58	2.31
0.67	2.30
0.75	2.31
0.83	2.32
0.92	2.35
1.00	2.38
1.08	2.41
1.17	2.45
1.25	2.48
1.33	2.51
1.42	2.54
1.50	2.55
1.58	2.57
1.67	2.58
1.75	2.59
1.83	2.60
1.92	2.63
2.00	2.65
2.08	2.67
2.17	2.68
2.25	2.68
2.33	2.67
2.42	2.65
2.50	2.62
2.58	2.59
2.67	2.56
2.75	2.54
2.83	2.50
2.92	2.45
3.00	2.41
3.08	2.37
3.17	2.34
3.25	2.32
3.33	2.31
3.42	2.30
3.50	2.29
3.58	2.28
3.67	2.27
3.75	2.25
3.83	2.25
3.92	2.25
4.00	2.25
4.08	2.26
4.17	2.26
4.25	2.28
4.33	2.30
4.42	2.31
4.50	2.33
4.58	2.34
4.67	2.35
4.75	2.37
4.83	2.37
4.92	2.37
5.00	2.37
5.08	2.36
5.17	2.34
5.25	2.32
5.33	2.31
5.42	2.30
5.50	2.30
5.58	2.29
5.67	2.28
5.75	2.27
5.83	2.27
5.92	2.26
6.00	2.25
6.08	2.24
6.17	2.23
6.25	2.22
6.33	2.22
6.42	2.22
6.50	2.23
6.58	2.25
6.67	2.27
6.75	2.29
6.83	2.30
6.92	2.32
7.00	2.35
7.08	2.38
7.17	2.41
7.25	2.44
7.33	2.46
7.42	2.44
7.50	2.41
7.58	2.38
7.67	2.35
7.75	2.32
7.83	2.30
7.92	2.28
8.00	2.26
8.08	2.23
8.17	2.20
8.25	2.17
8.33	2.14
8.42	2.13
8.50	2.12
8.58	2.11
8.67	2.10
8.75	2.09
8.83	2.08
8.92	2.06
9.00	2.05
9.08	2.07
9.17	2.10
9.25	2.16
9.33	2.24
9.42	2.34
9.50	2.47
9.58	2.60
9.67	2.75
9.75	2.91
9.83	3.09
9.92	3.28
10.00	3.47
10.08	3.66
10.17	3.85
10.25	4.02
10.33	4.20
10.42	4.38
10.50	4.55
10.58	4.73
10.67	4.91
10.75	5.10
10.83	5.29
10.92	5.49
11.00	5.71
11.08	5.96
11.17	6.23
11.25	6.51
11.33	6.79
11.42	7.06
11.50	7.33
11.58	7.60
11.67	7.86
11.75	8.11
11.83	8.35
11.92	8.57
12.00	8.76
12.08	8.92
12.17	9.06
12.25	9.18
12.33	9.29
12.42	9.39
12.50	9.49
12.58	9.57
12.67	9.66
12.75	9.74
12.83	9.83
12.92	9.92
13.00	10.01
13.08	10.10
13.17	10.19
13.25	10.28
13.33	10.40
13.42	10.52
13.50	10.66
13.58	10.81
13.67	10.97
13.75	11.14
13.83	11.31
13.92	11.48
14.00	11.65
14.08	11.82
14.17	11.99
14.25	12.15
14.33	12.30
14.42	12.44
14.50	12.56
14.58	12.67
14.67	12.76
14.75	12.84
14.83	12.92
14.92	13.02
15.00	13.13
15.08	13.22
15.17	13.34
15.25	13.46
15.33	13.60
15.42	13.76
15.50	13.92
15.58	14.11
15.67	14.31
15.75	14.51
15.83	14.69
15.92	14.83
16.00	14.98
16.08	15.13
16.17	15.27
16.25	15.42
16.33	15.57
16.42	15.68
16.50	15.74
16.58	15.80
16.67	15.86
16.75	15.93
16.83	16.03
16.92	16.08
17.00	16.14
17.08	16.20
17.17	16.26
17.25	16.30
17.33	16.41
17.42	16.54
17.50	16.65
17.58	16.74
17.67	16.78
17.75	16.80
17.83	16.84
17.92	16.91
18.00	16.95
18.08	16.94
18.17	16.92
18.25	16.83
18.33	16.64
18.42	16.46
18.50	16.27
18.58	16.08
18.67	15.90
18.75	15.71
18.83	15.50
18.92	15.26
19.00	15.03
19.08	14.86
19.17	14.72
19.25	14.60
19.33	14.53
19.42	14.46
19.50	14.40
19.58	14.32
19.67	14.25
19.75	14.15
19.83	14.03
19.92	13.91
20.00	13.78
20.08	13.57
20.17	13.35
20.25	13.13
20.33	12.92
20.42	12.70
20.50	12.46
20.58	12.22
20.67	11.97
20.75	11.76
20.83	11.54
20.92	11.31
21.00	11.04
21.08	10.75
21.17	10.45
21.25	10.13
21.33	9.80
21.42	9.46
21.50	9.13
21.58	8.81
21.67	8.51
21.75	8.23
21.83	7.95
21.92	7.68
22.00	7.45
22.08	7.23
22.17	7.00
22.25	6.77
22.33	6.54
22.42	6.31
22.50	6.11
22.58	5.93
22.67	5.74
22.75	5.53
22.83	5.35
22.92	5.17
23.00	5.00
23.08	4.83
23.17	4.68
23.25	4.54
23.33	4.41
23.42	4.29
23.50	4.13
23.58	3.99
23.67	3.88
23.75	3.79
23.83	3.73
23.92	3.69
