0.00	3.56
0.08	3.54
0.17	3.52
0.25	3.47
0.33	3.40
0.42	3.31
0.50	3.22
0.58	3.13
0.67	3.04
0.75	2.96
0.83	2.88
0.92	2.81
1.00	2.73
1.08	2.66
1.17	2.60
1.25	2.57
1.33	2.55
1.42	2.53
1.50	2.51
1.58	2.50
1.67	2.48
1.75	2.45
1.83	2.42
1.92	2.40
2.00	2.37
2.08	2.35
2.17	2.32
2.25	2.29
2.33	2.26
2.42	2.23
2.50	2.21
2.58	2.18
2.67	2.16
2.75	2.14
2.83	2.13
2.92	2.11
3.00	2.09
3.08	2.07
3.17	2.05
3.25	2.03
3.33	2.01
3.42	1.99
3.50	1.97
3.58	1.95
3.67	1.94
3.75	1.92
3.83	1.90
3.92	1.89
4.00	1.87
4.08	1.86
4.17	1.86
4.25	1.86
4.33	1.86
4.42	1.86
4.50	1.87
4.58	1.87
4.67	1.87
4.75	1.87
4.83	1.88
4.92	1.88
5.00	1.88
5.08	1.89
5.17	1.90
5.25	1.89
5.33	1.89
5.42	1.89
5.50	1.89
5.58	1.89
5.67	1.91
5.75	1.93
5.83	1.95
5.92	1.96
6.00	1.99
6.08	2.02
6.17	2.04
6.25	2.06
6.33	2.09
6.42	2.12
6.50	2.14
6.58	2.16
6.67	2.17
6.75	2.18
6.83	2.18
6.92	2.17
7.00	2.16
7.08	2.15
7.17	2.13
7.25	2.12
7.33	2.11
7.42	2.09
7.50	2.07
7.58	2.05
7.67	2.03
7.75	2.01
7.83	1.99
7.92	1.97
8.00	1.96
8.08	1.95
8.17	1.94
8.25	1.93
8.33	1.94
8.42	1.97
8.50	2.02
8.58	2.09
8.67	2.20
8.75	2.37
8.83	2.57
8.92	2.80
9.00	3.06
9.08	3.35
9.17	3.65
9.25	3.97
9.33	4.30
9.42	4.64
9.50	4.98
9.58	5.31
9.67	5.62
9.75	5.91
9.83	6.18
9.92	6.43
10.00	6.67
10.08	6.90
10.17	7.12
10.25	7.32
10.33	7.51
10.42	7.70
10.50	7.88
10.58	8.05
10.67	8.22
10.75	8.38
10.83	8.56
10.92	8.75
11.00	8.94
11.08	9.14
11.17	9.36
11.25	9.58
11.33	9.80
11.42	10.02
11.50	10.21
11.58	10.41
11.67	10.61
11.75	10.80
11.83	10.97
11.92	11.13
12.00	11.28
12.08	11.42
12.17	11.57
12.25	11.69
12.33	11.79
12.42	11.89
12.50	11.99
12.58	12.09
12.67	12.19
12.75	12.27
12.83	12.35
12.92	12.41
13.00	12.47
13.08	12.51
13.17	12.52
13.25	12.55
13.33	12.58
13.42	12.63
13.50	12.68
13.58	12.73
13.67	12.79
13.75	12.85
13.83	12.92
13.92	13.00
14.00	13.08
14.08	13.16
14.17	13.26
14.25	13.35
14.33	13.43
14.42	13.47
14.50	13.50
14.58	13.52
14.67	13.50
14.75	13.47
14.83	13.42
14.92	13.36
15.00	13.30
15.08	13.23
15.17	13.17
15.25	13.12
15.33	13.07
15.42	13.03
15.50	13.00
15.58	12.96
15.67	12.95
15.75	12.95
15.83	12.97
15.92	13.00
16.00	13.02
16.08	13.04
16.17	13.05
16.25	13.04
16.33	13.01
16.42	12.98
16.50	12.96
16.58	12.93
16.67	12.90
16.75	12.85
16.83	12.80
16.92	12.77
17.00	12.74
17.08	12.73
17.17	12.75
17.25	12.78
17.33	12.83
17.42	12.89
17.50	12.96
17.58	13.05
17.67	13.15
17.75	13.26
17.83	13.35
17.92	13.42
18.00	13.50
18.08	13.54
18.17	13.56
18.25	13.58
18.33	13.56
18.42	13.50
18.50	13.42
18.58	13.33
18.67	13.22
18.75	13.10
18.83	12.97
18.92	12.84
19.00	12.71
19.08	12.59
19.17	12.47
19.25	12.35
19.33	12.27
19.42	12.19
19.50	12.11
19.58	12.03
19.67	11.95
19.75	11.87
19.83	11.81
19.92	11.73
20.00	11.63
20.08	11.53
20.17	11.42
20.25	11.32
20.33	11.21
20.42	11.10
20.50	11.00
20.58	10.90
20.67	10.79
20.75	10.68
20.83	10.53
20.92	10.41
21.00	10.28
21.08	10.14
21.17	9.98
21.25	9.82
21.33	9.64
21.42	9.44
21.50	9.21
21.58	8.98
21.67	8.75
21.75	8.52
21.83	8.29
21.92	8.07
22.00	7.87
22.08	7.67
22.17	7.48
22.25	7.31
22.33	7.15
22.42	7.00
22.50	6.87
22.58	6.73
22.67	6.61
22.75	6.52
22.83	6.42
22.92	6.33
23.00	6.22
23.08	6.12
23.17	5.99
23.25	5.86
23.33	5.73
23.42	5.61
23.50	5.49
23.58	5.39
23.67	5.29
23.75	5.20
23.83	5.14
23.92	5.10
0.00	4.37
0.08	4.34
0.17	4.29
0.25	4.22
0.33	4.11
0.42	4.00
0.50	3.88
0.58	3.76
0.67	3.65
0.75	3.54
0.83	3.42
0.92	3.30
1.00	3.20
1.08	3.12
1.17	3.04
1.25	3.00
1.33	2.96
1.42	2.93
1.50	2.89
1.58	2.86
1.67	2.83
1.75	2.81
1.83	2.78
1.92	2.75
2.00	2.72
2.08	2.70
2.17	2.67
2.25	2.64
2.33	2.62
2.42	2.60
2.50	2.58
2.58	2.56
2.67	2.54
2.75	2.52
2.83	2.50
2.92	2.48
3.00	2.46
3.08	2.44
3.17	2.42
3.25	2.40
3.33	2.38
3.42	2.36
3.50	2.34
3.58	2.31
3.67	2.30
3.75	2.28
3.83	2.27
3.92	2.26
4.00	2.25
4.08	2.25
4.17	2.25
4.25	2.25
4.33	2.24
4.42	2.24
4.50	2.23
4.58	2.22
4.67	2.21
4.75	2.20
4.83	2.18
4.92	2.16
5.00	2.15
5.08	2.13
5.17	2.11
5.25	2.09
5.33	2.08
5.42	2.06
5.50	2.06
5.58	2.07
5.67	2.08
5.75	2.09
5.83	2.11
5.92	2.14
6.00	2.17
6.08	2.20
6.17	2.23
6.25	2.26
6.33	2.28
6.42	2.31
6.50	2.32
6.58	2.34
6.67	2.35
6.75	2.35
6.83	2.34
6.92	2.32
7.00	2.31
7.08	2.30
7.17	2.28
7.25	2.27
7.33	2.24
7.42	2.20
7.50	2.16
7.58	2.13
7.67	2.09
7.75	2.06
7.83	2.03
7.92	2.00
8.00	1.98
8.08	1.96
8.17	1.95
8.25	1.94
8.33	1.97
8.42	2.02
8.50	2.10
8.58	2.21
8.67	2.36
8.75	2.55
8.83	2.76
8.92	3.01
9.00	3.27
9.08	3.55
9.17	3.83
9.25	4.13
9.33	4.42
9.42	4.71
9.50	4.99
9.58	5.25
9.67	5.49
9.75	5.72
9.83	5.94
9.92	6.14
10.00	6.34
10.08	6.54
10.17	6.74
10.25	6.93
10.33	7.12
10.42	7.30
10.50	7.47
10.58	7.65
10.67	7.82
10.75	7.98
10.83	8.15
10.92	8.33
11.00	8.52
11.08	8.71
11.17	8.91
11.25	9.13
11.33	9.35
11.42	9.56
11.50	9.76
11.58	9.96
11.67	10.17
11.75	10.38
11.83	10.57
11.92	10.75
12.00	10.92
12.08	11.06
12.17	11.16
12.25	11.23
12.33	11.30
12.42	11.40
12.50	11.50
12.58	11.59
12.67	11.69
12.75	11.80
12.83	11.95
12.92	12.12
13.00	12.30
13.08	12.52
13.17	12.76
13.25	13.02
13.33	13.28
13.42	13.54
13.50	13.81
13.58	14.09
13.67	14.37
13.75	14.62
13.83	14.86
13.92	15.10
14.00	15.33
14.08	15.57
14.17	15.81
14.25	16.03
14.33	16.23
14.42	16.41
14.50	16.58
14.58	16.73
14.67	16.85
14.75	16.93
14.83	16.99
14.92	17.02
15.00	17.03
15.08	17.02
15.17	17.00
15.25	16.98
15.33	16.96
15.42	16.93
15.50	16.89
15.58	16.86
15.67	16.84
15.75	16.84
15.83	16.84
15.92	16.85
16.00	16.85
16.08	16.84
16.17	16.84
16.25	16.84
16.33	16.84
16.42	16.85
16.50	16.85
16.58	16.87
16.67	16.87
16.75	16.89
16.83	16.94
16.92	17.00
17.00	17.07
17.08	17.19
17.17	17.30
17.25	17.40
17.33	17.51
17.42	17.63
17.50	17.76
17.58	17.90
17.67	18.05
17.75	18.16
17.83	18.27
17.92	18.41
18.00	18.52
18.08	18.58
18.17	18.64
18.25	18.66
18.33	18.61
18.42	18.52
18.50	18.38
18.58	18.25
18.67	18.06
18.75	17.84
18.83	17.56
18.92	17.23
19.00	16.90
19.08	16.57
19.17	16.23
19.25	15.92
19.33	15.62
19.42	15.34
19.50	15.05
19.58	14.75
19.67	14.47
19.75	14.21
19.83	13.97
19.92	13.70
20.00	13.44
20.08	13.19
20.17	12.94
20.25	12.68
20.33	12.41
20.42	12.15
20.50	11.91
20.58	11.67
20.67	11.42
20.75	11.14
20.83	10.89
20.92	10.64
21.00	10.36
21.08	10.07
21.17	9.80
21.25	9.53
21.33	9.26
21.42	8.96
21.50	8.66
21.58	8.38
21.67	8.11
21.75	7.85
21.83	7.61
21.92	7.39
22.00	7.18
22.08	6.98
22.17	6.79
22.25	6.60
22.33	6.42
22.42	6.24
22.50	6.06
22.58	5.88
22.67	5.72
22.75	5.55
22.83	5.38
22.92	5.21
23.00	5.05
23.08	4.88
23.17	4.71
23.25	4.54
23.33	4.39
23.42	4.24
23.50	4.11
23.58	3.98
23.67	3.87
23.75	3.78
23.83	3.71
23.92	3.66
0.00	3.21
0.08	3.19
0.17	3.17
0.25	3.12
0.33	3.07
0.42	3.02
0.50	2.96
0.58	2.91
0.67	2.86
0.75	2.81
0.83	2.76
0.92	2.73
1.00	2.70
1.08	2.67
1.17	2.65
1.25	2.63
1.33	2.61
1.42	2.59
1.50	2.56
1.58	2.54
1.67	2.51
1.75	2.48
1.83	2.46
1.92	2.43
2.00	2.40
2.08	2.38
2.17	2.35
2.25	2.32
2.33	2.30
2.42	2.28
2.50	2.26
2.58	2.23
2.67	2.21
2.75	2.19
2.83	2.16
2.92	2.14
3.00	2.10
3.08	2.07
3.17	2.04
3.25	2.02
3.33	1.99
3.42	1.97
3.50	1.94
3.58	1.92
3.67	1.89
3.75	1.87
3.83	1.85
3.92	1.84
4.00	1.83
4.08	1.83
4.17	1.83
4.25	1.84
4.33	1.85
4.42	1.86
4.50	1.87
4.58	1.87
4.67	1.88
4.75	1.89
4.83	1.90
4.92	1.91
5.00	1.92
5.08	1.92
5.17	1.92
5.25	1.91
5.33	1.91
5.42	1.91
5.50	1.93
5.58	1.95
5.67	1.97
5.75	2.00
5.83	2.03
5.92	2.06
6.00	2.09
6.08	2.12
6.17	2.16
6.25	2.19
6.33	2.22
6.42	2.24
6.50	2.25
6.58	2.26
6.67	2.27
6.75	2.26
6.83	2.25
6.92	2.24
7.00	2.23
7.08	2.22
7.17	2.21
7.25	2.20
7.33	2.18
7.42	2.16
7.50	2.14
7.58	2.13
7.67	2.11
7.75	2.10
7.83	2.08
7.92	2.07
8.00	2.05
8.08	2.03
8.17	2.02
8.25	2.01
8.33	2.02
8.42	2.05
8.50	2.09
8.58	2.20
8.67	2.33
8.75	2.50
8.83	2.70
8.92	2.93
9.00	3.18
9.08	3.45
9.17	3.74
9.25	4.05
9.33	4.36
9.42	4.67
9.50	4.98
9.58	5.25
9.67	5.51
9.75	5.75
9.83	5.98
9.92	6.19
10.00	6.39
10.08	6.58
10.17	6.77
10.25	6.96
10.33	7.15
10.42	7.34
10.50	7.53
10.58	7.73
10.67	7.92
10.75	8.13
10.83	8.34
10.92	8.55
11.00	8.76
11.08	8.97
11.17	9.19
11.25	9.40
11.33	9.59
11.42	9.76
11.50	9.94
11.58	10.10
11.67	10.26
11.75	10.41
11.83	10.57
11.92	10.72
12.00	10.88
12.08	11.03
12.17	11.15
12.25	11.27
12.33	11.43
12.42	11.59
12.50	11.71
12.58	NaN
12.67	NaN
12.75	NaN
12.83	NaN
12.92	NaN
13.00	NaN
13.08	NaN
13.17	NaN
13.25	NaN
13.33	NaN
13.42	NaN
13.50	NaN
13.58	NaN
13.67	14.55
13.75	14.65
13.83	14.81
13.92	14.98
14.00	15.16
14.08	15.35
14.17	15.55
14.25	15.77
14.33	16.00
14.42	16.26
14.50	16.53
14.58	16.82
14.67	17.12
14.75	17.42
14.83	17.72
14.92	18.01
15.00	18.28
15.08	18.54
15.17	18.78
15.25	19.01
15.33	19.20
15.42	19.34
15.50	19.45
15.58	19.53
15.67	19.57
15.75	19.57
15.83	19.53
15.92	19.47
16.00	19.39
16.08	19.30
16.17	19.20
16.25	19.10
16.33	19.00
16.42	18.92
16.50	18.85
16.58	18.79
16.67	18.76
16.75	18.77
16.83	18.82
16.92	18.89
17.00	18.97
17.08	19.05
17.17	19.12
17.25	19.20
17.33	19.31
17.42	19.43
17.50	19.57
17.58	19.70
17.67	19.81
17.75	19.90
17.83	19.96
17.92	20.02
18.00	20.06
18.08	20.12
18.17	20.16
18.25	20.14
18.33	20.09
18.42	20.00
18.50	19.91
18.58	19.80
18.67	19.68
18.75	19.54
18.83	19.38
18.92	19.20
19.00	18.98
19.08	18.75
19.17	18.51
19.25	18.29
19.33	18.07
19.42	17.85
19.50	17.60
19.58	17.35
19.67	17.12
19.75	16.90
19.83	16.65
19.92	16.42
20.00	16.20
20.08	16.00
20.17	15.81
20.25	15.60
20.33	15.37
20.42	15.15
20.50	14.91
20.58	14.65
20.67	14.35
20.75	14.06
20.83	13.77
20.92	13.47
21.00	13.15
21.08	12.80
21.17	12.43
21.25	12.05
21.33	11.66
21.42	11.25
21.50	10.87
21.58	10.50
21.67	10.15
21.75	9.83
21.83	9.56
21.92	9.34
22.00	9.14
22.08	9.00
22.17	8.90
22.25	8.83
22.33	8.78
22.42	8.74
22.50	8.71
22.58	8.73
22.67	8.75
22.75	8.75
22.83	8.70
22.92	8.64
23.00	8.55
23.08	8.41
23.17	8.27
23.25	8.11
23.33	7.94
23.42	7.76
23.50	7.55
23.58	7.33
23.67	7.15
23.75	7.01
23.83	6.92
23.92	6.86
0.00	5.17
0.08	5.13
0.17	5.06
0.25	4.98
0.33	4.88
0.42	4.77
0.50	4.63
0.58	4.51
0.67	4.38
0.75	4.26
0.83	4.14
0.92	4.02
1.00	3.93
1.08	3.86
1.17	3.79
1.25	3.72
1.33	3.66
1.42	3.60
1.50	3.52
1.58	3.45
1.67	3.37
1.75	3.31
1.83	3.27
1.92	3.22
2.00	3.17
2.08	3.11
2.17	3.05
2.25	3.00
2.33	2.96
2.42	2.92
2.50	2.89
2.58	2.86
2.67	2.83
2.75	2.78
2.83	2.72
2.92	2.66
3.00	2.61
3.08	2.56
3.17	2.52
3.25	2.47
3.33	2.43
3.42	2.39
3.50	2.37
3.58	2.34
3.67	2.33
3.75	2.31
3.83	2.31
3.92	2.32
4.00	2.35
4.08	2.38
4.17	2.41
4.25	2.44
4.33	2.47
4.42	2.49
4.50	2.52
4.58	2.54
4.67	2.55
4.75	2.56
4.83	2.55
4.92	2.53
5.00	2.49
5.08	2.45
5.17	2.40
5.25	2.36
5.33	2.32
5.42	2.31
5.50	2.30
5.58	2.29
5.67	2.29
5.75	2.30
5.83	2.33
5.92	2.35
6.00	2.38
6.08	2.40
6.17	2.43
6.25	2.45
6.33	2.47
6.42	2.46
6.50	2.45
6.58	2.44
6.67	2.43
6.75	2.40
6.83	2.37
6.92	2.35
7.00	2.33
7.08	2.32
7.17	2.31
7.25	2.29
7.33	2.27
7.42	2.24
7.50	2.22
7.58	2.19
7.67	2.16
7.75	2.13
7.83	2.10
7.92	2.07
8.00	2.03
8.08	1.99
8.17	1.95
8.25	1.92
8.33	1.91
8.42	1.91
8.50	1.97
8.58	2.06
8.67	2.18
8.75	2.33
8.83	2.51
8.92	2.72
9.00	2.94
9.08	3.18
9.17	3.44
9.25	3.72
9.33	4.00
9.42	4.28
9.50	4.52
9.58	4.76
9.67	5.00
9.75	5.23
9.83	5.45
9.92	5.68
10.00	5.91
10.08	6.15
10.17	6.39
10.25	6.64
10.33	6.90
10.42	7.18
10.50	7.45
10.58	7.72
10.67	7.99
10.75	8.26
10.83	8.52
10.92	8.79
11.00	9.06
11.08	9.33
11.17	9.59
11.25	9.85
11.33	10.07
11.42	10.29
11.50	10.52
11.58	10.76
11.67	11.00
11.75	11.25
11.83	11.51
11.92	11.79
12.00	12.09
12.08	12.33
12.17	12.55
12.25	12.80
12.33	13.07
12.42	13.33
12.50	13.58
12.58	13.82
12.67	14.04
12.75	14.25
12.83	14.42
12.92	14.57
13.00	14.70
13.08	14.87
13.17	15.01
13.25	15.16
13.33	15.31
13.42	15.44
13.50	15.57
13.58	15.69
13.67	15.81
13.75	15.94
13.83	16.08
13.92	16.24
14.00	16.42
14.08	16.62
14.17	16.84
14.25	17.04
14.33	17.28
14.42	17.54
14.50	17.80
14.58	18.08
14.67	18.35
14.75	18.61
14.83	18.86
14.92	19.10
15.00	19.32
15.08	19.54
15.17	19.80
15.25	20.05
15.33	20.23
15.42	20.38
15.50	20.52
15.58	20.67
15.67	20.81
15.75	20.97
15.83	21.14
15.92	21.29
16.00	21.47
16.08	21.64
16.17	21.81
16.25	22.02
16.33	22.31
16.42	22.61
16.50	22.91
16.58	23.19
16.67	23.46
16.75	23.68
16.83	23.88
16.92	24.02
17.00	24.07
17.08	24.06
17.17	24.02
17.25	23.93
17.33	23.83
17.42	23.71
17.50	23.59
17.58	23.46
17.67	23.33
17.75	23.19
17.83	23.06
17.92	22.97
18.00	22.90
18.08	22.82
18.17	22.69
18.25	22.54
18.33	22.38
18.42	22.21
18.50	22.03
18.58	21.86
18.67	21.70
18.75	21.54
18.83	21.38
18.92	21.21
19.00	21.05
19.08	20.89
19.17	20.75
19.25	20.60
19.33	20.46
19.42	20.30
19.50	20.15
19.58	19.99
19.67	19.83
19.75	19.64
19.83	19.46
19.92	19.29
20.00	19.14
20.08	19.04
20.17	18.94
20.25	18.84
20.33	18.71
20.42	18.57
20.50	18.42
20.58	18.25
20.67	18.08
20.75	17.90
20.83	17.68
20.92	17.41
21.00	17.09
21.08	16.71
21.17	16.31
21.25	15.90
21.33	15.47
21.42	15.06
21.50	14.63
21.58	14.21
21.67	13.81
21.75	13.45
21.83	13.13
21.92	12.81
22.00	12.54
22.08	12.30
22.17	12.07
22.25	11.86
22.33	11.65
22.42	11.45
22.50	11.31
22.58	11.18
22.67	11.04
22.75	10.86
22.83	10.68
22.92	10.48
23.00	10.26
23.08	10.03
23.17	9.80
23.25	9.58
23.33	9.35
23.42	9.10
23.50	8.81
23.58	8.55
23.67	8.34
23.75	8.18
23.83	8.08
23.92	8.03
0.00	7.44
0.08	7.39
0.17	7.29
0.25	7.19
0.33	7.06
0.42	6.93
0.50	6.79
0.58	6.64
0.67	6.48
0.75	6.31
0.83	6.16
0.92	6.03
1.00	5.93
1.08	5.85
1.17	5.77
1.25	5.69
1.33	5.61
1.42	5.55
1.50	5.49
1.58	5.43
1.67	5.38
1.75	5.33
1.83	5.28
1.92	5.23
2.00	5.18
2.08	5.13
2.17	5.10
2.25	5.10
2.33	5.09
2.42	5.07
2.50	5.06
2.58	5.05
2.67	5.05
2.75	5.05
2.83	5.08
2.92	5.14
3.00	5.22
3.08	5.29
3.17	5.34
3.25	5.39
3.33	5.45
3.42	5.50
3.50	5.55
3.58	5.58
3.67	5.59
3.75	5.57
3.83	5.52
3.92	5.45
4.00	5.36
4.08	5.25
4.17	5.13
4.25	4.99
4.33	4.85
4.42	4.72
4.50	4.59
4.58	4.49
4.67	4.39
4.75	4.27
4.83	4.15
4.92	4.03
5.00	3.91
5.08	3.80
5.17	3.71
5.25	3.61
5.33	3.55
5.42	3.49
5.50	3.43
5.58	3.37
5.67	3.33
5.75	3.33
5.83	3.33
5.92	3.33
6.00	3.33
6.08	3.33
6.17	3.33
6.25	3.33
6.33	3.30
6.42	3.28
6.50	3.24
6.58	3.20
6.67	3.16
6.75	3.11
6.83	3.06
6.92	3.03
7.00	2.99
7.08	2.95
7.17	2.90
7.25	2.84
7.33	2.78
7.42	2.73
7.50	2.68
7.58	2.63
7.67	2.58
7.75	2.53
7.83	2.49
7.92	2.43
8.00	2.37
8.08	2.49
8.17	3.25
8.25	3.98
8.33	4.05
8.42	4.05
8.50	4.10
8.58	4.19
8.67	4.31
8.75	4.47
8.83	4.66
8.92	4.90
9.00	5.16
9.08	5.01
9.17	4.48
9.25	4.32
9.33	4.71
9.42	5.07
9.50	5.42
9.58	5.78
9.67	6.12
9.75	6.46
9.83	6.80
9.92	7.13
10.00	7.46
10.08	7.79
10.17	8.12
10.25	8.45
10.33	8.77
10.42	9.10
10.50	9.42
10.58	9.77
10.67	10.11
10.75	10.46
10.83	10.81
10.92	11.17
11.00	11.53
11.08	11.88
11.17	12.25
11.25	12.61
11.33	12.98
11.42	13.37
11.50	13.74
11.58	14.11
11.67	14.49
11.75	14.86
11.83	15.23
11.92	15.60
12.00	15.94
12.08	16.29
12.17	16.64
12.25	16.96
12.33	17.27
12.42	17.55
12.50	17.81
12.58	18.05
12.67	18.27
12.75	18.47
12.83	18.67
12.92	18.88
13.00	19.10
13.08	19.31
13.17	19.51
13.25	19.71
13.33	19.92
13.42	20.15
13.50	20.40
13.58	20.65
13.67	20.90
13.75	21.15
13.83	21.40
13.92	21.62
14.00	21.83
14.08	22.04
14.17	22.27
14.25	22.49
14.33	22.71
14.42	22.93
14.50	23.15
14.58	23.36
14.67	23.56
14.75	23.76
14.83	23.95
14.92	24.14
15.00	24.33
15.08	24.54
15.17	24.74
15.25	24.94
15.33	25.10
15.42	25.25
15.50	25.40
15.58	25.54
15.67	25.67
15.75	25.79
15.83	25.90
15.92	25.99
16.00	26.06
16.08	26.10
16.17	26.14
16.25	26.18
16.33	26.20
16.42	26.19
16.50	26.16
16.58	26.09
16.67	26.02
16.75	25.92
16.83	25.82
16.92	25.72
17.00	25.58
17.08	25.42
17.17	25.24
17.25	25.04
17.33	24.87
17.42	24.72
17.50	24.60
17.58	24.50
17.67	24.42
17.75	24.34
17.83	24.25
17.92	24.16
18.00	24.09
18.08	24.00
18.17	23.88
18.25	23.77
18.33	23.63
18.42	23.47
18.50	23.29
18.58	23.09
18.67	22.88
18.75	22.65
18.83	22.41
18.92	22.18
19.00	21.95
19.08	21.74
19.17	21.53
19.25	21.31
19.33	21.09
19.42	20.87
19.50	20.65
19.58	20.44
19.67	20.19
19.75	19.96
19.83	19.73
19.92	19.49
20.00	19.23
20.08	18.96
20.17	18.70
20.25	18.50
20.33	18.31
20.42	18.12
20.50	17.92
20.58	17.73
20.67	17.56
20.75	17.38
20.83	17.19
20.92	17.00
21.00	16.80
21.08	16.58
21.17	16.31
21.25	15.97
21.33	15.63
21.42	15.26
21.50	14.88
21.58	14.50
21.67	14.12
21.75	13.76
21.83	13.39
21.92	13.04
22.00	12.73
22.08	12.42
22.17	12.14
22.25	11.86
22.33	11.59
22.42	11.36
22.50	11.18
22.58	11.00
22.67	10.81
22.75	10.63
22.83	10.45
22.92	10.24
23.00	10.03
23.08	9.82
23.17	9.62
23.25	9.42
23.33	9.21
23.42	8.97
23.50	8.72
23.58	8.49
23.67	8.30
23.75	8.15
23.83	8.06
23.92	8.02
0.00	7.06
0.08	7.04
0.17	6.98
0.25	6.90
0.33	6.79
0.42	6.65
0.50	6.48
0.58	6.30
0.67	6.13
0.75	5.96
0.83	5.80
0.92	5.65
1.00	5.51
1.08	5.37
1.17	5.25
1.25	5.13
1.33	5.03
1.42	4.95
1.50	4.88
1.58	4.82
1.67	4.76
1.75	4.70
1.83	4.64
1.92	4.59
2.00	4.54
2.08	4.49
2.17	4.46
2.25	4.43
2.33	4.38
2.42	4.32
2.50	4.26
2.58	4.20
2.67	4.14
2.75	4.08
2.83	4.01
2.92	3.93
3.00	3.86
3.08	3.78
3.17	3.69
3.25	3.60
3.33	3.52
3.42	3.45
3.50	3.38
3.58	3.31
3.67	3.24
3.75	3.17
3.83	3.12
3.92	3.07
4.00	3.01
4.08	2.96
4.17	2.92
4.25	2.87
4.33	2.83
4.42	2.79
4.50	2.75
4.58	2.71
4.67	2.67
4.75	2.64
4.83	2.60
4.92	2.56
5.00	2.52
5.08	2.48
5.17	2.43
5.25	2.40
5.33	2.38
5.42	2.37
5.50	2.36
5.58	2.36
5.67	2.36
5.75	2.37
5.83	2.38
5.92	2.40
6.00	2.41
6.08	2.43
6.17	2.45
6.25	2.45
6.33	2.45
6.42	2.44
6.50	2.43
6.58	2.42
6.67	2.41
6.75	2.39
6.83	2.37
6.92	2.36
7.00	2.35
7.08	2.33
7.17	2.30
7.25	2.28
7.33	2.26
7.42	2.24
7.50	2.22
7.58	2.20
7.67	2.18
7.75	2.16
7.83	2.14
7.92	2.10
8.00	2.07
8.08	2.03
8.17	2.00
8.25	1.98
8.33	1.98
8.42	2.03
8.50	2.11
8.58	2.22
8.67	2.37
8.75	2.55
8.83	2.77
8.92	3.01
9.00	3.30
9.08	3.62
9.17	3.97
9.25	4.32
9.33	4.66
9.42	4.98
9.50	5.30
9.58	5.60
9.67	5.90
9.75	6.18
9.83	6.45
9.92	6.71
10.00	6.97
10.08	7.22
10.17	7.47
10.25	7.72
10.33	7.97
10.42	8.22
10.50	8.47
10.58	8.74
10.67	9.01
10.75	9.28
10.83	9.56
10.92	9.85
11.00	10.13
11.08	10.41
11.17	10.67
11.25	10.92
11.33	11.19
11.42	11.47
11.50	11.75
11.58	12.04
11.67	12.35
11.75	12.66
11.83	12.97
11.92	13.25
12.00	13.52
12.08	13.81
12.17	14.13
12.25	14.47
12.33	14.82
12.42	15.17
12.50	15.54
12.58	15.94
12.67	16.34
12.75	16.75
12.83	17.15
12.92	17.57
13.00	17.98
13.08	18.36
13.17	18.69
13.25	19.01
13.33	19.30
13.42	19.57
13.50	19.79
13.58	19.97
13.67	20.11
13.75	20.23
13.83	20.33
13.92	20.42
14.00	20.49
14.08	20.58
14.17	20.66
14.25	20.72
14.33	20.78
14.42	20.83
14.50	20.87
14.58	20.92
14.67	20.98
14.75	21.04
14.83	21.12
14.92	21.20
15.00	21.27
15.08	21.34
15.17	21.41
15.25	21.45
15.33	21.48
15.42	21.51
15.50	21.53
15.58	21.54
15.67	21.54
15.75	21.53
15.83	21.54
15.92	21.56
16.00	21.59
16.08	21.65
16.17	21.72
16.25	21.82
16.33	21.92
16.42	22.03
16.50	22.16
16.58	22.30
16.67	22.43
16.75	22.54
16.83	22.63
16.92	22.69
17.00	22.70
17.08	22.68
17.17	22.64
17.25	22.59
17.33	22.53
17.42	22.47
17.50	22.40
17.58	22.31
17.67	22.24
17.75	22.19
17.83	22.14
17.92	22.12
18.00	22.12
18.08	22.12
18.17	22.13
18.25	22.15
18.33	22.15
18.42	22.15
18.50	22.14
18.58	22.11
18.67	22.06
18.75	21.97
18.83	21.86
18.92	21.71
19.00	21.54
19.08	21.33
19.17	21.10
19.25	20.83
19.33	20.53
19.42	20.22
19.50	19.92
19.58	19.58
19.67	19.22
19.75	18.87
19.83	18.52
19.92	18.19
20.00	17.89
20.08	17.60
20.17	17.34
20.25	17.09
20.33	16.85
20.42	16.61
20.50	16.34
20.58	16.12
20.67	15.89
20.75	15.66
20.83	15.41
20.92	15.13
21.00	14.82
21.08	14.47
21.17	14.08
21.25	13.68
21.33	13.27
21.42	12.84
21.50	12.42
21.58	11.99
21.67	11.56
21.75	11.14
21.83	10.72
21.92	10.32
22.00	9.93
22.08	9.55
22.17	9.20
22.25	8.83
22.33	8.50
22.42	8.20
22.50	7.89
22.58	7.60
22.67	7.32
22.75	7.06
22.83	6.79
22.92	6.53
23.00	6.29
23.08	6.07
23.17	5.87
23.25	5.68
23.33	5.48
23.42	5.29
23.50	5.11
23.58	4.96
23.67	4.84
23.75	4.75
23.83	4.70
23.92	4.67
0.00	3.91
0.08	3.89
0.17	3.84
0.25	3.78
0.33	3.70
0.42	3.61
0.50	3.51
0.58	3.42
0.67	3.34
0.75	3.27
0.83	3.21
0.92	3.18
1.00	3.15
1.08	3.13
1.17	3.11
1.25	3.09
1.33	3.07
1.42	3.05
1.50	3.03
1.58	3.00
1.67	2.98
1.75	2.96
1.83	2.93
1.92	2.91
2.00	2.89
2.08	2.87
2.17	2.85
2.25	2.83
2.33	2.81
2.42	2.79
2.50	2.77
2.58	2.76
2.67	2.73
2.75	2.70
2.83	2.67
2.92	2.65
3.00	2.62
3.08	2.59
3.17	2.56
3.25	2.53
3.33	2.50
3.42	2.47
3.50	2.44
3.58	2.41
3.67	2.39
3.75	2.39
3.83	2.38
3.92	2.38
4.00	2.39
4.08	2.39
4.17	2.40
4.25	2.40
4.33	2.41
4.42	2.41
4.50	2.42
4.58	2.42
4.67	2.41
4.75	2.40
4.83	2.39
4.92	2.38
5.00	2.37
5.08	2.36
5.17	2.35
5.25	2.36
5.33	2.37
5.42	2.38
5.50	2.40
5.58	2.43
5.67	2.45
5.75	2.48
5.83	2.51
5.92	2.53
6.00	2.56
6.08	2.58
6.17	2.60
6.25	2.60
6.33	2.61
6.42	2.60
6.50	2.59
6.58	2.57
6.67	2.55
6.75	2.53
6.83	2.51
6.92	2.49
7.00	2.46
7.08	2.42
7.17	2.38
7.25	2.34
7.33	2.31
7.42	2.28
7.50	2.25
7.58	2.22
7.67	2.20
7.75	2.17
7.83	2.14
7.92	2.12
8.00	2.09
8.08	2.06
8.17	2.04
8.25	2.05
8.33	2.08
8.42	2.14
8.50	2.23
8.58	2.35
8.67	2.50
8.75	2.67
8.83	2.89
8.92	3.13
9.00	3.42
9.08	3.73
9.17	4.06
9.25	4.40
9.33	4.73
9.42	5.06
9.50	5.39
9.58	5.72
9.67	6.04
9.75	6.36
9.83	6.68
9.92	6.98
10.00	7.29
10.08	7.59
10.17	7.88
10.25	8.18
10.33	8.47
10.42	8.77
10.50	9.07
10.58	9.37
10.67	9.68
10.75	10.00
10.83	10.32
10.92	10.65
11.00	10.98
11.08	11.30
11.17	11.63
11.25	11.96
11.33	12.29
11.42	12.61
11.50	12.94
11.58	13.26
11.67	13.58
11.75	13.88
11.83	14.14
11.92	14.40
12.00	14.64
12.08	14.90
12.17	15.14
12.25	15.37
12.33	15.60
12.42	15.83
12.50	16.07
12.58	16.30
12.67	16.53
12.75	16.79
12.83	17.06
12.92	17.32
13.00	17.57
13.08	17.80
13.17	18.03
13.25	18.26
13.33	18.48
13.42	18.67
13.50	18.86
13.58	19.03
13.67	19.19
13.75	19.35
13.83	19.50
13.92	19.65
14.00	19.82
14.08	19.98
14.17	20.13
14.25	20.29
14.33	20.45
14.42	20.62
14.50	20.79
14.58	20.96
14.67	21.14
14.75	21.33
14.83	21.51
14.92	21.69
15.00	21.85
15.08	22.02
15.17	22.18
15.25	22.33
15.33	22.47
15.42	22.61
15.50	22.72
15.58	22.80
15.67	22.86
15.75	22.89
15.83	22.92
15.92	22.95
16.00	22.96
16.08	22.97
16.17	22.98
16.25	22.96
16.33	22.94
16.42	22.90
16.50	22.88
16.58	22.88
16.67	22.86
16.75	22.85
16.83	22.83
16.92	22.79
17.00	22.75
17.08	22.70
17.17	22.65
17.25	22.59
17.33	22.53
17.42	22.46
17.50	22.36
17.58	22.25
17.67	22.15
17.75	22.03
17.83	21.92
17.92	21.79
18.00	21.64
18.08	21.49
18.17	21.34
18.25	21.17
18.33	20.99
18.42	20.82
18.50	20.66
18.58	20.50
18.67	20.33
18.75	20.17
18.83	20.01
18.92	19.87
19.00	19.73
19.08	19.59
19.17	19.46
19.25	19.33
19.33	19.19
19.42	19.05
19.50	18.90
19.58	18.71
19.67	18.52
19.75	18.33
19.83	18.11
19.92	17.88
20.00	17.65
20.08	17.41
20.17	17.19
20.25	16.96
20.33	16.73
20.42	16.48
20.50	16.24
20.58	16.00
20.67	15.75
20.75	15.48
20.83	15.22
20.92	14.94
21.00	14.66
21.08	14.34
21.17	14.02
21.25	13.72
21.33	13.41
21.42	13.12
21.50	12.84
21.58	12.59
21.67	12.34
21.75	12.10
21.83	11.90
21.92	11.70
22.00	11.51
22.08	11.32
22.17	11.11
22.25	10.90
22.33	10.69
22.42	10.47
22.50	10.25
22.58	10.02
22.67	9.80
22.75	9.56
22.83	9.31
22.92	9.06
23.00	8.82
23.08	8.59
23.17	8.36
23.25	8.13
23.33	7.90
23.42	7.68
23.50	7.46
23.58	7.27
23.67	7.11
23.75	6.99
23.83	6.91
23.92	6.87
0.00	5.98
0.08	5.97
0.17	5.92
0.25	5.84
0.33	5.71
0.42	5.57
0.50	5.41
0.58	5.25
0.67	5.10
0.75	4.99
0.83	4.89
0.92	4.82
1.00	4.74
1.08	4.67
1.17	4.61
1.25	4.55
1.33	4.50
1.42	4.45
1.50	4.42
1.58	4.40
1.67	4.38
1.75	4.36
1.83	4.34
1.92	4.32
2.00	4.30
2.08	4.29
2.17	4.27
2.25	4.25
2.33	4.23
2.42	4.20
2.50	4.16
2.58	4.12
2.67	4.09
2.75	4.05
2.83	4.02
2.92	3.99
3.00	3.95
3.08	3.92
3.17	3.88
3.25	3.85
3.33	3.81
3.42	3.78
3.50	3.74
3.58	3.70
3.67	3.66
3.75	3.63
3.83	3.60
3.92	3.56
4.00	3.53
4.08	3.48
4.17	3.44
4.25	3.39
4.33	3.34
4.42	3.29
4.50	3.24
4.58	3.18
4.67	3.10
4.75	3.03
4.83	2.95
4.92	2.88
5.00	2.82
5.08	2.76
5.17	2.74
5.25	2.72
5.33	2.70
5.42	2.69
5.50	2.69
5.58	2.71
5.67	2.72
5.75	2.73
5.83	2.75
5.92	2.76
6.00	2.78
6.08	2.77
6.17	2.74
6.25	2.72
6.33	2.69
6.42	2.65
6.50	2.61
6.58	2.57
6.67	2.53
6.75	2.50
6.83	2.48
6.92	2.45
7.00	2.41
7.08	2.38
7.17	2.34
7.25	2.31
7.33	2.29
7.42	2.26
7.50	2.24
7.58	2.22
7.67	2.20
7.75	2.17
7.83	2.14
7.92	2.11
8.00	2.07
8.08	2.04
8.17	2.02
8.25	2.03
8.33	2.06
8.42	2.12
8.50	2.20
8.58	2.31
8.67	2.45
8.75	2.62
8.83	2.82
8.92	3.06
9.00	3.32
9.08	3.60
9.17	3.87
9.25	4.14
9.33	4.40
9.42	4.65
9.50	4.90
9.58	5.13
9.67	5.34
9.75	5.55
9.83	5.74
9.92	5.92
10.00	6.10
10.08	6.28
10.17	6.47
10.25	6.65
10.33	6.83
10.42	7.02
10.50	7.21
10.58	7.40
10.67	7.60
10.75	7.80
10.83	8.00
10.92	8.21
11.00	8.42
11.08	8.63
11.17	8.84
11.25	9.06
11.33	9.27
11.42	9.49
11.50	9.71
11.58	9.92
11.67	10.14
11.75	10.34
11.83	10.53
11.92	10.71
12.00	10.92
12.08	11.13
12.17	11.35
12.25	11.57
12.33	11.81
12.42	12.08
12.50	12.36
12.58	12.65
12.67	12.94
12.75	13.24
12.83	13.55
12.92	13.86
13.00	14.15
13.08	14.43
13.17	14.71
13.25	14.97
13.33	15.19
13.42	15.38
13.50	15.57
13.58	15.74
13.67	15.90
13.75	16.06
13.83	16.20
13.92	16.33
14.00	16.45
14.08	16.57
14.17	16.69
14.25	16.81
14.33	16.93
14.42	17.07
14.50	17.22
14.58	17.39
14.67	17.57
14.75	17.77
14.83	17.98
14.92	18.19
15.00	18.40
15.08	18.58
15.17	18.75
15.25	18.92
15.33	19.09
15.42	19.24
15.50	19.35
15.58	19.45
15.67	19.53
15.75	19.62
15.83	19.70
15.92	19.78
16.00	19.87
16.08	19.98
16.17	20.08
16.25	20.17
16.33	20.26
16.42	20.35
16.50	20.45
16.58	20.55
16.67	20.63
16.75	20.70
16.83	20.74
16.92	20.77
17.00	20.81
17.08	20.85
17.17	20.89
17.25	20.93
17.33	20.96
17.42	20.94
17.50	20.89
17.58	20.82
17.67	20.73
17.75	20.61
17.83	20.45
17.92	20.24
18.00	19.99
18.08	19.70
18.17	19.41
18.25	19.08
18.33	18.74
18.42	18.41
18.50	18.06
18.58	17.72
18.67	17.38
18.75	17.06
18.83	16.77
18.92	16.49
19.00	16.21
19.08	15.93
19.17	15.63
19.25	15.34
19.33	15.08
19.42	14.81
19.50	14.52
19.58	14.23
19.67	13.95
19.75	13.67
19.83	13.39
19.92	13.12
20.00	12.87
20.08	12.66
20.17	12.44
20.25	12.22
20.33	11.98
20.42	11.79
20.50	11.59
20.58	11.38
20.67	11.16
20.75	10.93
20.83	10.70
20.92	10.45
21.00	10.17
21.08	9.87
21.17	9.59
21.25	9.30
21.33	9.01
21.42	8.75
21.50	8.50
21.58	8.25
21.67	8.02
21.75	7.82
21.83	7.62
21.92	7.42
22.00	7.24
22.08	7.05
22.17	6.86
22.25	6.70
22.33	6.53
22.42	6.37
22.50	6.20
22.58	6.05
22.67	5.89
22.75	5.72
22.83	5.56
22.92	5.41
23.00	5.27
23.08	5.13
23.17	5.00
23.25	4.88
23.33	4.75
23.42	4.63
23.50	4.52
23.58	4.42
23.67	4.35
23.75	4.30
23.83	4.27
23.92	4.25
0.00	3.83
0.08	3.82
0.17	3.81
0.25	3.77
0.33	3.71
0.42	3.65
0.50	3.57
0.58	3.51
0.67	3.46
0.75	3.43
0.83	3.42
0.92	3.42
1.00	3.42
1.08	3.42
1.17	3.42
1.25	3.41
1.33	3.41
1.42	3.40
1.50	3.38
1.58	3.37
1.67	3.35
1.75	3.33
1.83	3.31
1.92	3.28
2.00	3.25
2.08	3.22
2.17	3.19
2.25	3.16
2.33	3.13
2.42	3.09
2.50	3.06
2.58	3.01
2.67	2.96
2.75	2.92
2.83	2.87
2.92	2.82
3.00	2.77
3.08	2.72
3.17	2.68
3.25	2.63
3.33	2.58
3.42	2.54
3.50	2.51
3.58	2.48
3.67	2.48
3.75	2.47
3.83	2.47
3.92	2.48
4.00	2.49
4.08	2.50
4.17	2.51
4.25	2.53
4.33	2.54
4.42	2.55
4.50	2.56
4.58	2.58
4.67	2.58
4.75	2.57
4.83	2.57
4.92	2.56
5.00	2.56
5.08	2.57
5.17	2.58
5.25	2.60
5.33	2.61
5.42	2.64
5.50	2.66
5.58	2.68
5.67	2.70
5.75	2.73
5.83	2.75
5.92	2.77
6.00	2.79
6.08	2.80
6.17	2.81
6.25	2.82
6.33	2.82
6.42	2.81
6.50	2.81
6.58	2.80
6.67	2.79
6.75	2.78
6.83	2.76
6.92	2.73
7.00	2.70
7.08	2.66
7.17	2.63
7.25	2.60
7.33	2.57
7.42	2.54
7.50	2.51
7.58	2.48
7.67	2.45
7.75	2.42
7.83	2.39
7.92	2.34
8.00	2.30
8.08	2.26
8.17	2.25
8.25	2.27
8.33	2.30
8.42	2.37
8.50	2.46
8.58	2.58
8.67	2.74
8.75	2.93
8.83	3.16
8.92	3.44
9.00	3.74
9.08	4.05
9.17	4.35
9.25	4.65
9.33	4.95
9.42	5.24
9.50	5.51
9.58	5.77
9.67	6.00
9.75	6.22
9.83	6.42
9.92	6.60
10.00	6.76
10.08	6.91
10.17	7.05
10.25	7.18
10.33	7.31
10.42	7.44
10.50	7.57
10.58	7.70
10.67	7.83
10.75	7.97
10.83	8.10
10.92	8.24
11.00	8.38
11.08	8.51
11.17	8.65
11.25	8.79
11.33	8.93
11.42	9.07
11.50	9.21
11.58	9.35
11.67	9.48
11.75	9.59
11.83	9.71
11.92	9.83
12.00	9.94
12.08	10.06
12.17	10.18
12.25	10.30
12.33	10.47
12.42	10.65
12.50	10.84
12.58	11.05
12.67	11.26
12.75	11.49
12.83	11.73
12.92	11.99
13.00	12.26
13.08	12.53
13.17	12.80
13.25	13.05
13.33	13.28
13.42	13.52
13.50	13.75
13.58	13.99
13.67	14.24
13.75	14.48
13.83	14.73
13.92	14.97
14.00	15.21
14.08	15.43
14.17	15.66
14.25	15.89
14.33	16.12
14.42	16.35
14.50	16.58
14.58	16.82
14.67	17.07
14.75	17.31
14.83	17.53
14.92	17.74
15.00	17.94
15.08	18.14
15.17	18.31
15.25	18.47
15.33	18.62
15.42	18.74
15.50	18.85
15.58	18.91
15.67	18.96
15.75	19.00
15.83	19.04
15.92	19.09
16.00	19.15
16.08	19.21
16.17	19.27
16.25	19.33
16.33	19.40
16.42	19.48
16.50	19.55
16.58	19.63
16.67	19.73
16.75	19.82
16.83	19.90
16.92	19.99
17.00	20.05
17.08	NaN
17.17	NaN
17.25	NaN
17.33	NaN
17.42	NaN
17.50	NaN
17.58	NaN
17.67	NaN
17.75	NaN
17.83	NaN
17.92	NaN
18.00	NaN
18.08	NaN
18.17	20.61
18.25	20.62
18.33	20.66
18.42	20.72
18.50	20.77
18.58	20.82
18.67	20.86
18.75	20.90
18.83	20.93
18.92	20.95
19.00	20.94
19.08	20.93
19.17	20.90
19.25	20.88
19.33	20.84
19.42	20.75
19.50	20.66
19.58	20.56
19.67	20.46
19.75	20.36
19.83	20.27
19.92	20.18
20.00	20.09
20.08	19.99
20.17	19.88
20.25	19.75
20.33	19.65
20.42	19.56
20.50	19.47
20.58	19.38
20.67	19.27
20.75	19.15
20.83	19.02
20.92	18.90
21.00	18.77
21.08	18.62
21.17	18.46
21.25	18.29
21.33	18.11
21.42	17.92
21.50	17.70
21.58	17.46
21.67	17.24
21.75	16.99
21.83	16.70
21.92	16.37
22.00	16.02
22.08	15.64
22.17	15.26
22.25	14.84
22.33	14.40
22.42	13.93
22.50	13.45
22.58	12.93
22.67	12.38
22.75	11.84
22.83	11.31
22.92	10.81
23.00	10.32
23.08	9.85
23.17	9.39
23.25	8.95
23.33	8.55
23.42	8.17
23.50	7.83
23.58	7.54
23.67	7.31
23.75	7.14
23.83	7.02
23.92	6.95
0.00	5.50
0.08	5.48
0.17	5.42
0.25	5.34
0.33	5.21
0.42	5.03
0.50	4.83
0.58	4.65
0.67	4.49
0.75	4.37
0.83	4.27
0.92	4.17
1.00	4.08
1.08	4.00
1.17	3.92
1.25	3.85
1.33	3.79
1.42	3.73
1.50	3.67
1.58	3.62
1.67	3.57
1.75	3.52
1.83	3.49
1.92	3.47
2.00	3.45
2.08	3.43
2.17	3.41
2.25	3.40
2.33	3.39
2.42	3.38
2.50	3.37
2.58	3.35
2.67	3.34
2.75	3.33
2.83	3.30
2.92	3.26
3.00	3.23
3.08	3.19
3.17	3.14
3.25	3.09
3.33	3.03
3.42	2.97
3.50	2.92
3.58	2.88
3.67	2.83
3.75	2.78
3.83	2.73
3.92	2.70
4.00	2.66
4.08	2.62
4.17	2.59
4.25	2.56
4.33	2.53
4.42	2.51
4.50	2.48
4.58	2.46
4.67	2.43
4.75	2.41
4.83	2.39
4.92	2.37
5.00	2.37
5.08	2.39
5.17	2.41
5.25	2.43
5.33	2.47
5.42	2.51
5.50	2.54
5.58	2.58
5.67	2.61
5.75	2.65
5.83	2.68
5.92	2.71
6.00	2.71
6.08	2.72
6.17	2.72
6.25	2.72
6.33	2.72
6.42	2.72
6.50	2.71
6.58	2.71
6.67	2.71
6.75	2.69
6.83	2.67
6.92	2.65
7.00	2.62
7.08	2.60
7.17	2.58
7.25	2.55
7.33	2.53
7.42	2.51
7.50	2.48
7.58	2.46
7.67	2.42
7.75	2.40
7.83	2.36
7.92	2.32
8.00	2.29
8.08	2.28
8.17	2.30
8.25	2.33
8.33	2.39
8.42	2.48
8.50	2.60
8.58	2.75
8.67	2.93
8.75	3.15
8.83	3.42
8.92	3.71
9.00	4.01
9.08	4.30
9.17	4.59
9.25	4.88
9.33	5.16
9.42	5.42
9.50	5.66
9.58	5.89
9.67	6.11
9.75	6.30
9.83	6.49
9.92	6.67
10.00	6.84
10.08	7.01
10.17	7.17
10.25	7.34
10.33	7.51
10.42	7.69
10.50	7.87
10.58	8.07
10.67	8.26
10.75	8.46
10.83	8.66
10.92	8.85
11.00	9.05
11.08	9.26
11.17	9.47
11.25	9.67
11.33	9.88
11.42	10.09
11.50	10.29
11.58	10.46
11.67	10.61
11.75	10.77
11.83	10.95
11.92	11.12
12.00	11.29
12.08	11.47
12.17	11.69
12.25	11.96
12.33	12.24
12.42	12.53
12.50	12.84
12.58	13.20
12.67	13.56
12.75	13.94
12.83	14.31
12.92	14.68
13.00	15.06
13.08	15.42
13.17	15.75
13.25	16.04
13.33	16.33
13.42	16.62
13.50	16.89
13.58	17.16
13.67	17.39
13.75	17.61
13.83	17.83
13.92	18.03
14.00	18.21
14.08	18.39
14.17	18.55
14.25	18.70
14.33	18.83
14.42	18.96
14.50	19.07
14.58	19.19
14.67	19.30
14.75	19.40
14.83	19.51
14.92	19.62
15.00	19.74
15.08	19.85
15.17	19.96
15.25	20.06
15.33	20.13
15.42	20.19
15.50	20.25
15.58	20.31
15.67	20.38
15.75	20.44
15.83	20.50
15.92	20.54
16.00	20.59
16.08	20.63
16.17	20.67
16.25	20.73
16.33	20.82
16.42	20.92
16.50	21.02
16.58	21.12
16.67	21.21
16.75	21.32
16.83	21.44
16.92	21.56
17.00	21.69
17.08	21.83
17.17	21.97
17.25	22.09
17.33	22.18
17.42	22.25
17.50	22.31
17.58	22.34
17.67	22.35
17.75	22.32
17.83	22.25
17.92	22.14
18.00	22.00
18.08	21.82
18.17	21.59
18.25	21.34
18.33	21.08
18.42	20.80
18.50	20.50
18.58	20.19
18.67	19.86
18.75	19.51
18.83	19.16
18.92	18.80
19.00	18.43
19.08	18.07
19.17	17.73
19.25	17.44
19.33	17.13
19.42	16.82
19.50	16.51
19.58	16.22
19.67	15.93
19.75	15.66
19.83	15.39
19.92	15.13
20.00	14.88
20.08	14.63
20.17	14.35
20.25	14.04
20.33	13.75
20.42	13.45
20.50	13.13
20.58	12.80
20.67	12.46
20.75	12.11
20.83	11.76
20.92	11.39
21.00	11.03
21.08	10.67
21.17	10.32
21.25	9.98
21.33	9.67
21.42	9.37
21.50	9.09
21.58	8.84
21.67	8.61
21.75	8.40
21.83	8.21
21.92	8.02
22.00	7.85
22.08	7.70
22.17	7.56
22.25	7.42
22.33	7.28
22.42	7.15
22.50	7.02
22.58	6.85
22.67	6.70
22.75	6.55
22.83	6.40
22.92	6.26
23.00	6.13
23.08	5.98
23.17	5.84
23.25	5.70
23.33	5.56
23.42	5.43
23.50	5.32
23.58	5.24
23.67	5.17
23.75	5.11
23.83	5.08
23.92	5.06
0.00	3.71
0.08	3.71
0.17	3.70
0.25	3.68
0.33	3.66
0.42	3.62
0.50	3.57
0.58	3.53
0.67	3.50
0.75	3.48
0.83	3.45
0.92	3.43
1.00	3.42
1.08	3.40
1.17	3.40
1.25	3.39
1.33	3.38
1.42	3.37
1.50	3.37
1.58	3.37
1.67	3.36
1.75	3.36
1.83	3.37
1.92	3.37
2.00	3.37
2.08	3.36
2.17	3.36
2.25	3.36
2.33	3.36
2.42	3.36
2.50	3.35
2.58	3.35
2.67	3.34
2.75	3.33
2.83	3.31
2.92	3.29
3.00	3.28
3.08	3.26
3.17	3.24
3.25	3.22
3.33	3.20
3.42	3.19
3.50	3.17
3.58	3.16
3.67	3.14
3.75	3.13
3.83	3.11
3.92	3.10
4.00	3.08
4.08	3.06
4.17	3.03
4.25	3.01
4.33	2.98
4.42	2.96
4.50	2.93
4.58	2.91
4.67	2.88
4.75	2.86
4.83	2.84
4.92	2.82
5.00	2.82
5.08	2.81
5.17	2.80
5.25	2.81
5.33	2.81
5.42	2.81
5.50	2.80
5.58	2.80
5.67	2.80
5.75	2.79
5.83	2.79
5.92	2.78
6.00	2.77
6.08	2.75
6.17	2.73
6.25	2.70
6.33	2.68
6.42	2.66
6.50	2.64
6.58	2.62
6.67	2.60
6.75	2.56
6.83	2.53
6.92	2.50
7.00	2.47
7.08	2.44
7.17	2.41
7.25	2.38
7.33	2.35
7.42	2.32
7.50	2.28
7.58	2.24
7.67	2.21
7.75	2.17
7.83	2.12
7.92	2.07
8.00	2.03
8.08	2.02
8.17	2.02
8.25	2.04
8.33	2.08
8.42	2.15
8.50	2.24
8.58	2.36
8.67	2.52
8.75	2.72
8.83	2.95
8.92	3.20
9.00	3.46
9.08	3.72
9.17	3.98
9.25	4.24
9.33	4.50
9.42	4.75
9.50	4.98
9.58	5.20
9.67	5.40
9.75	5.60
9.83	5.78
9.92	5.95
10.00	6.12
10.08	6.29
10.17	6.44
10.25	6.60
10.33	6.75
10.42	6.92
10.50	7.09
10.58	7.26
10.67	7.43
10.75	7.60
10.83	7.75
10.92	7.90
11.00	8.05
11.08	8.20
11.17	8.36
11.25	8.52
11.33	8.68
11.42	8.84
11.50	9.01
11.58	9.15
11.67	9.30
11.75	9.47
11.83	9.67
11.92	9.89
12.00	10.11
12.08	10.35
12.17	10.63
12.25	10.94
12.33	11.27
12.42	11.62
12.50	11.99
12.58	12.40
12.67	12.82
12.75	13.24
12.83	13.66
12.92	14.09
13.00	14.51
13.08	14.93
13.17	15.31
13.25	15.67
13.33	16.02
13.42	16.33
13.50	16.63
13.58	16.92
13.67	17.18
13.75	17.43
13.83	17.66
13.92	17.88
14.00	18.09
14.08	18.30
14.17	18.51
14.25	18.72
14.33	18.93
14.42	19.14
14.50	19.35
14.58	19.56
14.67	19.74
14.75	19.92
14.83	20.11
14.92	20.31
15.00	20.50
15.08	20.68
15.17	20.84
15.25	20.97
15.33	21.07
15.42	21.18
15.50	21.27
15.58	21.39
15.67	21.52
15.75	21.65
15.83	21.75
15.92	21.84
16.00	21.93
16.08	22.02
16.17	22.11
16.25	22.21
16.33	22.32
16.42	22.44
16.50	22.56
16.58	22.67
16.67	22.79
16.75	22.91
16.83	23.03
16.92	23.16
17.00	23.30
17.08	23.45
17.17	23.60
17.25	23.73
17.33	23.84
17.42	23.95
17.50	24.05
17.58	24.13
17.67	24.20
17.75	24.23
17.83	24.25
17.92	24.25
18.00	24.21
18.08	24.15
18.17	24.08
18.25	24.03
18.33	23.94
18.42	23.83
18.50	23.69
18.58	23.55
18.67	23.41
18.75	23.26
18.83	23.09
18.92	22.92
19.00	22.75
19.08	22.56
19.17	22.41
19.25	22.28
19.33	22.17
19.42	22.06
19.50	21.96
19.58	21.87
19.67	21.79
19.75	21.71
19.83	21.61
19.92	21.51
20.00	21.41
20.08	21.27
20.17	21.07
20.25	20.83
20.33	20.56
20.42	20.26
20.50	19.91
20.58	19.52
20.67	19.09
20.75	18.62
20.83	18.15
20.92	17.65
21.00	17.12
21.08	16.57
21.17	16.02
21.25	15.48
21.33	14.95
21.42	14.41
21.50	13.88
21.58	13.35
21.67	12.82
21.75	12.29
21.83	11.76
21.92	11.23
22.00	10.74
22.08	10.29
22.17	9.84
22.25	9.39
22.33	8.95
22.42	8.54
22.50	8.13
22.58	7.74
22.67	7.39
22.75	7.07
22.83	6.79
22.92	6.54
23.00	6.28
23.08	6.05
23.17	5.84
23.25	5.66
23.33	5.49
23.42	5.36
23.50	5.25
23.58	5.16
23.67	5.10
23.75	5.04
23.83	5.00
23.92	4.98
0.00	5.01
0.08	5.00
0.17	4.96
0.25	4.90
0.33	4.82
0.42	4.74
0.50	4.64
0.58	4.55
0.67	4.46
0.75	4.37
0.83	4.28
0.92	4.20
1.00	4.12
1.08	4.05
1.17	3.98
1.25	3.92
1.33	3.87
1.42	3.81
1.50	3.76
1.58	3.70
1.67	3.65
1.75	3.61
1.83	3.58
1.92	3.54
2.00	3.52
2.08	3.49
2.17	3.47
2.25	3.46
2.33	3.45
2.42	3.44
2.50	3.43
2.58	3.43
2.67	3.42
2.75	3.41
2.83	3.40
2.92	3.39
3.00	3.39
3.08	3.38
3.17	3.38
3.25	3.38
3.33	3.38
3.42	3.39
3.50	3.40
3.58	3.41
3.67	3.41
3.75	3.41
3.83	3.40
3.92	3.39
4.00	3.37
4.08	3.33
4.17	3.29
4.25	3.23
4.33	3.17
4.42	3.10
4.50	3.03
4.58	2.96
4.67	2.88
4.75	2.81
4.83	2.76
4.92	2.73
5.00	2.70
5.08	2.68
5.17	2.67
5.25	2.68
5.33	2.69
5.42	2.70
5.50	2.72
5.58	2.73
5.67	2.74
5.75	2.76
5.83	2.75
5.92	2.74
6.00	2.72
6.08	2.70
6.17	2.68
6.25	2.65
6.33	2.63
6.42	2.61
6.50	2.58
6.58	2.56
6.67	2.53
6.75	2.50
6.83	2.47
6.92	2.44
7.00	2.41
7.08	2.39
7.17	2.36
7.25	2.33
7.33	2.29
7.42	2.26
7.50	2.22
7.58	2.19
7.67	2.15
7.75	2.11
7.83	2.07
7.92	2.04
8.00	2.02
8.08	2.01
8.17	2.01
8.25	2.02
8.33	2.06
8.42	2.12
8.50	2.20
8.58	2.31
8.67	2.47
8.75	2.66
8.83	2.88
8.92	3.12
9.00	3.38
9.08	3.65
9.17	3.94
9.25	4.23
9.33	4.52
9.42	4.81
9.50	5.10
9.58	5.38
9.67	5.66
9.75	5.92
9.83	6.17
9.92	6.41
10.00	6.65
10.08	6.89
10.17	7.12
10.25	7.36
10.33	7.59
10.42	7.83
10.50	8.07
10.58	8.31
10.67	8.56
10.75	8.80
10.83	9.05
10.92	9.30
11.00	9.55
11.08	9.82
11.17	10.08
11.25	10.34
11.33	10.60
11.42	10.85
11.50	11.08
11.58	11.32
11.67	11.56
11.75	11.81
11.83	12.04
11.92	12.25
12.00	12.45
12.08	12.65
12.17	12.87
12.25	13.09
12.33	13.30
12.42	13.53
12.50	13.76
12.58	13.99
12.67	14.22
12.75	14.43
12.83	14.66
12.92	14.90
13.00	15.15
13.08	15.37
13.17	15.58
13.25	15.79
13.33	16.01
13.42	16.22
13.50	16.42
13.58	16.62
13.67	16.82
13.75	17.02
13.83	17.20
13.92	17.38
14.00	17.56
14.08	17.75
14.17	17.95
14.25	18.16
14.33	18.37
14.42	18.59
14.50	18.81
14.58	19.03
14.67	19.26
14.75	19.50
14.83	19.73
14.92	19.97
15.00	20.22
15.08	20.48
15.17	20.75
15.25	21.01
15.33	21.25
15.42	21.48
15.50	21.71
15.58	21.96
15.67	22.21
15.75	22.45
15.83	22.69
15.92	22.90
16.00	23.08
16.08	23.21
16.17	23.34
16.25	23.44
16.33	23.54
16.42	23.61
16.50	23.64
16.58	23.64
16.67	23.62
16.75	23.57
16.83	23.50
16.92	23.41
17.00	23.31
17.08	23.18
17.17	23.05
17.25	22.91
17.33	22.76
17.42	22.59
17.50	22.42
17.58	22.23
17.67	21.99
17.75	21.76
17.83	21.52
17.92	21.29
18.00	21.05
18.08	20.82
18.17	20.59
18.25	20.37
18.33	20.14
18.42	19.91
18.50	19.69
18.58	19.50
18.67	19.35
18.75	19.20
18.83	19.05
18.92	18.90
19.00	18.74
19.08	18.62
19.17	18.49
19.25	18.32
19.33	18.14
19.42	17.95
19.50	17.76
19.58	17.56
19.67	17.35
19.75	17.15
19.83	16.96
19.92	16.77
20.00	16.57
20.08	16.31
20.17	16.10
20.25	15.90
20.33	15.70
20.42	15.49
20.50	15.26
20.58	15.00
20.67	14.70
20.75	14.36
20.83	14.00
20.92	13.62
21.00	13.20
21.08	12.77
21.17	12.34
21.25	11.91
21.33	11.46
21.42	11.01
21.50	10.57
21.58	10.15
21.67	9.75
21.75	9.38
21.83	9.00
21.92	8.65
22.00	8.34
22.08	8.04
22.17	7.73
22.25	7.44
22.33	7.18
22.42	6.91
22.50	6.65
22.58	6.41
22.67	6.19
22.75	5.98
22.83	5.79
22.92	5.59
23.00	5.40
23.08	5.23
23.17	5.07
23.25	4.91
23.33	4.78
23.42	4.67
23.50	4.55
23.58	4.46
23.67	4.38
23.75	4.33
23.83	4.29
23.92	4.27
0.00	3.83
0.08	3.83
0.17	3.81
0.25	3.78
0.33	3.74
0.42	3.69
0.50	3.64
0.58	3.58
0.67	3.53
0.75	3.48
0.83	3.44
0.92	3.40
1.00	3.37
1.08	3.33
1.17	3.30
1.25	3.28
1.33	3.25
1.42	3.22
1.50	3.20
1.58	3.18
1.67	3.16
1.75	3.15
1.83	3.13
1.92	3.11
2.00	3.09
2.08	3.07
2.17	3.06
2.25	3.05
2.33	3.03
2.42	3.02
2.50	3.02
2.58	3.02
2.67	3.02
2.75	3.02
2.83	3.03
2.92	3.04
3.00	3.06
3.08	3.07
3.17	3.09
3.25	3.10
3.33	3.12
3.42	3.14
3.50	3.15
3.58	3.14
3.67	3.13
3.75	3.11
3.83	3.09
3.92	3.05
4.00	3.01
4.08	2.96
4.17	2.90
4.25	2.82
4.33	2.75
4.42	2.66
4.50	2.59
4.58	2.53
4.67	2.47
4.75	2.43
4.83	2.41
4.92	2.41
5.00	2.41
5.08	2.41
5.17	2.45
5.25	2.48
5.33	2.51
5.42	2.54
5.50	2.56
5.58	2.59
5.67	2.60
5.75	2.61
5.83	2.59
5.92	2.58
6.00	2.56
6.08	2.54
6.17	2.51
6.25	2.50
6.33	2.49
6.42	2.48
6.50	2.47
6.58	2.45
6.67	2.43
6.75	2.40
6.83	2.38
6.92	2.36
7.00	2.34
7.08	2.32
7.17	2.31
7.25	2.28
7.33	2.26
7.42	2.23
7.50	2.20
7.58	2.19
7.67	2.18
7.75	2.17
7.83	2.16
7.92	2.16
8.00	2.16
8.08	2.17
8.17	2.20
8.25	2.25
8.33	2.32
8.42	2.41
8.50	2.53
8.58	2.68
8.67	2.86
8.75	3.08
8.83	3.32
8.92	3.58
9.00	3.86
9.08	4.16
9.17	4.46
9.25	4.76
9.33	5.06
9.42	5.35
9.50	5.64
9.58	5.92
9.67	6.19
9.75	6.45
9.83	6.69
9.92	6.93
10.00	7.15
10.08	7.37
10.17	7.59
10.25	7.81
10.33	8.05
10.42	8.29
10.50	8.52
10.58	8.75
10.67	8.96
10.75	9.16
10.83	9.37
10.92	9.59
11.00	9.83
11.08	10.08
11.17	10.34
11.25	10.59
11.33	10.86
11.42	11.12
11.50	11.35
11.58	11.61
11.67	11.92
11.75	12.24
11.83	12.57
11.92	12.89
12.00	13.23
12.08	13.57
12.17	13.92
12.25	14.26
12.33	14.60
12.42	14.97
12.50	15.35
12.58	15.70
12.67	16.01
12.75	16.31
12.83	16.60
12.92	16.88
13.00	17.13
13.08	17.37
13.17	17.60
13.25	17.82
13.33	18.04
13.42	18.24
13.50	18.44
13.58	18.65
13.67	18.86
13.75	19.05
13.83	19.25
13.92	19.45
14.00	19.64
14.08	19.84
14.17	20.05
14.25	20.26
14.33	20.49
14.42	20.72
14.50	20.94
14.58	21.17
14.67	21.41
14.75	21.66
14.83	21.92
14.92	22.18
15.00	22.45
15.08	22.72
15.17	22.94
15.25	23.15
15.33	23.33
15.42	23.51
15.50	23.72
15.58	23.93
15.67	24.12
15.75	24.30
15.83	24.45
15.92	24.57
16.00	24.65
16.08	24.72
16.17	24.77
16.25	24.80
16.33	24.82
16.42	24.82
16.50	24.79
16.58	24.73
16.67	24.63
16.75	24.51
16.83	24.39
16.92	24.27
17.00	24.17
17.08	24.06
17.17	23.94
17.25	23.84
17.33	23.76
17.42	23.66
17.50	23.57
17.58	23.51
17.67	23.48
17.75	23.45
17.83	23.40
17.92	23.35
18.00	23.31
18.08	23.28
18.17	23.24
18.25	23.18
18.33	23.10
18.42	23.02
18.50	22.93
18.58	22.83
18.67	22.71
18.75	22.59
18.83	22.47
18.92	22.35
19.00	22.28
19.08	22.28
19.17	22.29
19.25	22.32
19.33	22.36
19.42	22.39
19.50	22.39
19.58	22.38
19.67	22.35
19.75	22.30
19.83	22.23
19.92	22.14
20.00	21.94
20.08	21.69
20.17	21.40
20.25	21.06
20.33	20.69
20.42	20.30
20.50	19.89
20.58	19.49
20.67	19.08
20.75	18.66
20.83	18.21
20.92	17.74
21.00	17.28
21.08	16.82
21.17	16.39
21.25	15.95
21.33	15.50
21.42	15.08
21.50	14.65
21.58	14.20
21.67	13.75
21.75	13.30
21.83	12.87
21.92	12.47
22.00	12.08
22.08	11.67
22.17	11.27
22.25	10.90
22.33	10.53
22.42	10.16
22.50	9.82
22.58	9.52
22.67	9.25
22.75	9.02
22.83	8.79
22.92	8.57
23.00	8.37
23.08	8.21
23.17	8.05
23.25	7.92
23.33	7.86
23.42	7.84
23.50	7.84
23.58	7.86
23.67	7.87
23.75	7.85
23.83	7.83
23.92	7.82
0.00	5.87
0.08	5.83
0.17	5.77
0.25	5.68
0.33	5.56
0.42	5.41
0.50	5.24
0.58	5.06
0.67	4.89
0.75	4.71
0.83	4.53
0.92	4.37
1.00	4.21
1.08	4.08
1.17	3.96
1.25	3.85
1.33	3.75
1.42	3.65
1.50	3.56
1.58	3.48
1.67	3.40
1.75	3.34
1.83	3.28
1.92	3.23
2.00	3.17
2.08	3.10
2.17	3.03
2.25	2.98
2.33	2.92
2.42	2.87
2.50	2.83
2.58	2.78
2.67	2.75
2.75	2.72
2.83	2.69
2.92	2.67
3.00	2.65
3.08	2.63
3.17	2.61
3.25	2.60
3.33	2.60
3.42	2.59
3.50	2.59
3.58	2.59
3.67	2.59
3.75	2.59
3.83	2.59
3.92	2.59
4.00	2.59
4.08	2.59
4.17	2.58
4.25	2.57
4.33	2.56
4.42	2.55
4.50	2.54
4.58	2.53
4.67	2.53
4.75	2.54
4.83	2.56
4.92	2.58
5.00	2.60
5.08	2.63
5.17	2.67
5.25	2.70
5.33	2.73
5.42	2.76
5.50	2.78
5.58	2.80
5.67	2.82
5.75	2.82
5.83	2.81
5.92	2.81
6.00	2.79
6.08	2.77
6.17	2.75
6.25	2.72
6.33	2.71
6.42	2.69
6.50	2.68
6.58	2.66
6.67	2.64
6.75	2.63
6.83	2.61
6.92	2.59
7.00	2.57
7.08	2.55
7.17	2.53
7.25	2.51
7.33	2.48
7.42	2.45
7.50	2.41
7.58	2.35
7.67	2.30
7.75	2.24
7.83	2.20
7.92	2.16
8.00	2.13
8.08	2.11
8.17	2.10
8.25	2.11
8.33	2.14
8.42	2.20
8.50	2.30
8.58	2.44
8.67	2.60
8.75	2.79
8.83	3.00
8.92	3.23
9.00	3.47
9.08	3.72
9.17	3.97
9.25	4.22
9.33	4.47
9.42	4.70
9.50	4.92
9.58	5.13
9.67	5.32
9.75	5.49
9.83	5.65
9.92	5.81
10.00	5.97
10.08	6.12
10.17	6.28
10.25	6.44
10.33	6.60
10.42	6.76
10.50	6.92
10.58	7.09
10.67	7.26
10.75	7.43
10.83	7.61
10.92	7.77
11.00	7.93
11.08	8.08
11.17	8.23
11.25	8.38
11.33	8.53
11.42	8.64
11.50	8.74
11.58	8.85
11.67	8.96
11.75	9.06
11.83	9.16
11.92	9.28
12.00	9.42
12.08	9.56
12.17	9.72
12.25	9.88
12.33	10.06
12.42	10.26
12.50	10.48
12.58	10.70
12.67	10.93
12.75	11.16
12.83	11.40
12.92	11.62
13.00	11.83
13.08	12.04
13.17	12.26
13.25	12.49
13.33	12.73
13.42	12.99
13.50	13.25
13.58	13.54
13.67	13.85
13.75	14.18
13.83	14.51
13.92	14.88
14.00	15.26
14.08	15.65
14.17	16.06
14.25	16.46
14.33	16.83
14.42	17.18
14.50	17.52
14.58	17.84
14.67	18.12
14.75	18.40
14.83	18.64
14.92	18.84
15.00	19.01
15.08	19.12
15.17	19.21
15.25	19.29
15.33	19.35
15.42	19.40
15.50	19.44
15.58	19.48
15.67	19.51
15.75	19.54
15.83	19.57
15.92	19.62
16.00	19.68
16.08	19.75
16.17	19.85
16.25	19.96
16.33	20.11
16.42	20.27
16.50	20.40
16.58	NaN
16.67	NaN
16.75	NaN
16.83	NaN
16.92	NaN
17.00	NaN
17.08	NaN
17.17	NaN
17.25	NaN
17.33	NaN
17.42	NaN
17.50	NaN
17.58	NaN
17.67	NaN
17.75	NaN
17.83	NaN
17.92	NaN
18.00	NaN
18.08	NaN
18.17	NaN
18.25	NaN
18.33	NaN
18.42	NaN
18.50	NaN
18.58	NaN
18.67	21.76
18.75	21.70
18.83	21.59
18.92	21.47
19.00	21.37
19.08	21.21
19.17	21.04
19.25	20.87
19.33	20.69
19.42	20.50
19.50	20.30
19.58	20.08
19.67	19.87
19.75	19.65
19.83	19.42
19.92	19.17
20.00	18.92
20.08	18.68
20.17	18.42
20.25	18.15
20.33	17.84
20.42	17.51
20.50	17.14
20.58	16.73
20.67	16.30
20.75	15.86
20.83	15.39
20.92	14.91
21.00	14.44
21.08	14.00
21.17	13.57
21.25	13.13
21.33	12.73
21.42	12.36
21.50	12.01
21.58	11.67
21.67	11.34
21.75	11.04
21.83	10.78
21.92	10.54
22.00	10.28
22.08	10.03
22.17	9.79
22.25	9.54
22.33	9.27
22.42	9.01
22.50	8.77
22.58	8.54
22.67	8.32
22.75	8.09
22.83	7.85
22.92	7.63
23.00	7.44
23.08	7.27
23.17	7.10
23.25	6.96
23.33	6.80
23.42	6.63
23.50	6.46
23.58	6.31
23.67	6.19
23.75	6.13
23.83	6.11
23.92	6.10
0.00	5.28
0.08	5.25
0.17	5.20
0.25	5.14
0.33	5.06
0.42	4.96
0.50	4.85
0.58	4.73
0.67	4.62
0.75	4.50
0.83	4.38
0.92	4.27
1.00	4.17
1.08	4.08
1.17	4.00
1.25	3.92
1.33	3.86
1.42	3.80
1.50	3.76
1.58	3.73
1.67	3.69
1.75	3.66
1.83	3.63
1.92	3.61
2.00	3.59
2.08	3.57
2.17	3.55
2.25	3.55
2.33	3.54
2.42	3.53
2.50	3.52
2.58	3.50
2.67	3.49
2.75	3.48
2.83	3.47
2.92	3.46
3.00	3.45
3.08	3.45
3.17	3.44
3.25	3.43
3.33	3.43
3.42	3.43
3.50	3.42
3.58	3.42
3.67	3.41
3.75	3.41
3.83	3.40
3.92	3.38
4.00	3.36
4.08	3.33
4.17	3.29
4.25	3.25
4.33	3.20
4.42	3.15
4.50	3.11
4.58	3.06
4.67	3.04
4.75	3.03
4.83	3.02
4.92	3.01
5.00	3.02
5.08	3.04
5.17	3.06
5.25	3.07
5.33	3.09
5.42	3.10
5.50	3.12
5.58	3.12
5.67	3.10
5.75	3.08
5.83	3.05
5.92	3.02
6.00	2.97
6.08	2.93
6.17	2.89
6.25	2.86
6.33	2.83
6.42	2.81
6.50	2.79
6.58	2.77
6.67	2.75
6.75	2.73
6.83	2.72
6.92	2.71
7.00	2.70
7.08	2.69
7.17	2.67
7.25	2.87
7.33	3.16
7.42	3.12
7.50	3.05
7.58	2.97
7.67	2.90
7.75	2.83
7.83	2.78
7.92	2.72
8.00	2.67
8.08	2.64
8.17	2.60
8.25	2.21
8.33	2.12
8.42	2.19
8.50	2.31
8.58	2.46
8.67	2.64
8.75	2.84
8.83	3.06
8.92	3.31
9.00	3.57
9.08	3.84
9.17	4.11
9.25	4.38
9.33	4.64
9.42	4.91
9.50	5.17
9.58	5.42
9.67	5.65
9.75	5.87
9.83	6.08
9.92	6.30
10.00	6.52
10.08	6.72
10.17	6.92
10.25	7.12
10.33	7.31
10.42	7.50
10.50	7.68
10.58	7.85
10.67	8.01
10.75	8.17
10.83	8.33
10.92	8.48
11.00	8.63
11.08	8.79
11.17	8.95
11.25	9.11
11.33	9.26
11.42	9.40
11.50	9.57
11.58	9.75
11.67	9.96
11.75	10.18
11.83	10.44
11.92	10.77
12.00	11.13
12.08	11.52
12.17	11.93
12.25	12.35
12.33	12.81
12.42	13.28
12.50	13.74
12.58	14.20
12.67	14.66
12.75	15.12
12.83	15.54
12.92	15.91
13.00	16.26
13.08	16.58
13.17	16.89
13.25	17.19
13.33	17.47
13.42	17.72
13.50	17.96
13.58	18.16
13.67	18.32
13.75	18.48
13.83	18.62
13.92	18.75
14.00	18.88
14.08	19.01
14.17	19.13
14.25	19.25
14.33	19.37
14.42	19.50
14.50	19.65
14.58	19.83
14.67	20.02
14.75	20.20
14.83	20.38
14.92	20.55
15.00	20.68
15.08	20.79
15.17	20.90
15.25	21.01
15.33	21.11
15.42	21.19
15.50	21.26
15.58	21.29
15.67	21.28
15.75	21.26
15.83	21.22
15.92	21.17
16.00	21.14
16.08	21.10
16.17	21.05
16.25	21.00
16.33	20.95
16.42	20.90
16.50	20.87
16.58	20.85
16.67	20.85
16.75	20.87
16.83	20.91
16.92	20.98
17.00	21.03
17.08	21.09
17.17	21.16
17.25	21.24
17.33	21.31
17.42	21.37
17.50	21.41
17.58	21.45
17.67	21.45
17.75	21.43
17.83	21.37
17.92	21.31
18.00	21.24
18.08	21.14
18.17	21.02
18.25	20.88
18.33	20.73
18.42	20.59
18.50	20.46
18.58	20.33
18.67	20.23
18.75	20.13
18.83	20.04
18.92	20.00
19.00	19.92
19.08	19.84
19.17	19.75
19.25	19.68
19.33	19.63
19.42	19.59
19.50	19.54
19.58	19.49
19.67	19.41
19.75	19.33
19.83	19.21
19.92	19.08
20.00	18.98
20.08	18.88
20.17	18.78
20.25	18.65
20.33	18.48
20.42	18.29
20.50	18.08
20.58	17.85
20.67	17.60
20.75	17.31
20.83	16.99
20.92	16.66
21.00	16.31
21.08	15.93
21.17	15.52
21.25	15.12
21.33	14.70
21.42	14.27
21.50	13.83
21.58	13.38
21.67	12.93
21.75	12.54
21.83	12.17
21.92	11.80
22.00	11.42
22.08	11.07
22.17	10.72
22.25	10.34
22.33	9.99
22.42	9.67
22.50	9.38
22.58	9.11
22.67	8.85
22.75	8.58
22.83	8.33
22.92	8.13
23.00	7.95
23.08	7.78
23.17	7.64
23.25	7.52
23.33	7.39
23.42	7.26
23.50	7.15
23.58	7.05
23.67	6.97
23.75	6.91
23.83	6.88
23.92	6.84
0.00	6.68
0.08	6.66
0.17	6.64
0.25	6.62
0.33	6.59
0.42	6.55
0.50	6.50
0.58	6.44
0.67	6.37
0.75	6.29
0.83	6.21
0.92	6.13
1.00	6.06
1.08	6.00
1.17	5.95
1.25	5.89
1.33	5.83
1.42	5.78
1.50	5.74
1.58	5.71
1.67	5.68
1.75	5.67
1.83	5.67
1.92	5.65
2.00	5.64
2.08	5.63
2.17	5.63
2.25	5.64
2.33	5.65
2.42	5.67
2.50	5.69
2.58	5.72
2.67	5.75
2.75	5.78
2.83	5.80
2.92	5.83
3.00	5.85
3.08	5.86
3.17	5.87
3.25	5.89
3.33	5.89
3.42	5.90
3.50	5.89
3.58	5.87
3.67	5.84
3.75	5.81
3.83	5.77
3.92	5.71
4.00	5.64
4.08	5.55
4.17	5.44
4.25	5.32
4.33	5.21
4.42	5.09
4.50	4.96
4.58	4.86
4.67	4.76
4.75	4.67
4.83	4.57
4.92	4.50
5.00	4.46
5.08	4.43
5.17	4.39
5.25	4.35
5.33	4.32
5.42	4.28
5.50	4.25
5.58	4.19
5.67	4.13
5.75	4.07
5.83	4.01
5.92	3.94
6.00	3.86
6.08	3.79
6.17	3.73
6.25	3.67
6.33	3.62
6.42	3.56
6.50	3.51
6.58	3.46
6.67	3.41
6.75	3.36
6.83	3.32
6.92	3.27
7.00	3.23
7.08	3.18
7.17	3.12
7.25	3.06
7.33	3.00
7.42	2.91
7.50	2.82
7.58	2.72
7.67	2.63
7.75	2.56
7.83	2.48
7.92	2.42
8.00	2.36
8.08	2.32
8.17	2.31
8.25	2.32
8.33	2.36
8.42	2.45
8.50	2.57
8.58	2.72
8.67	2.89
8.75	3.07
8.83	3.28
8.92	3.51
9.00	3.75
9.08	3.99
9.17	4.23
9.25	4.47
9.33	4.70
9.42	4.93
9.50	5.16
9.58	5.37
9.67	5.57
9.75	5.77
9.83	5.98
9.92	6.17
10.00	6.36
10.08	6.56
10.17	6.75
10.25	6.94
10.33	7.14
10.42	7.33
10.50	7.51
10.58	7.69
10.67	7.87
10.75	8.03
10.83	8.19
10.92	8.35
11.00	8.51
11.08	8.67
11.17	8.83
11.25	8.96
11.33	9.07
11.42	9.20
11.50	9.35
11.58	9.51
11.67	9.70
11.75	9.90
11.83	10.15
11.92	10.42
12.00	10.71
12.08	11.01
12.17	11.33
12.25	11.69
12.33	12.05
12.42	12.42
12.50	12.79
12.58	13.15
12.67	13.50
12.75	13.84
12.83	14.14
12.92	14.44
13.00	14.73
13.08	15.01
13.17	15.30
13.25	15.58
13.33	15.85
13.42	16.10
13.50	16.34
13.58	16.57
13.67	16.78
13.75	16.99
13.83	17.19
13.92	17.38
14.00	17.56
14.08	17.74
14.17	17.92
14.25	18.09
14.33	18.25
14.42	18.40
14.50	18.57
14.58	18.77
14.67	18.98
14.75	19.19
14.83	19.41
14.92	19.61
15.00	19.79
15.08	19.98
15.17	20.18
15.25	20.40
15.33	20.67
15.42	20.93
15.50	21.19
15.58	21.44
15.67	21.69
15.75	21.92
15.83	22.17
15.92	22.46
16.00	22.74
16.08	22.99
16.17	23.22
16.25	23.43
16.33	23.64
16.42	23.81
16.50	23.95
16.58	24.06
16.67	24.17
16.75	24.25
16.83	24.30
16.92	24.30
17.00	24.28
17.08	24.27
17.17	24.22
17.25	24.12
17.33	24.01
17.42	23.90
17.50	23.79
17.58	23.68
17.67	23.55
17.75	23.44
17.83	23.33
17.92	23.24
18.00	23.15
18.08	23.06
18.17	22.99
18.25	22.93
18.33	22.86
18.42	22.79
18.50	22.70
18.58	22.61
18.67	22.50
18.75	22.35
18.83	22.22
18.92	22.06
19.00	21.90
19.08	21.74
19.17	21.57
19.25	21.39
19.33	21.19
19.42	20.99
19.50	20.76
19.58	20.52
19.67	20.27
19.75	20.02
19.83	19.75
19.92	19.46
20.00	19.16
20.08	18.85
20.17	18.54
20.25	18.21
20.33	17.87
20.42	17.53
20.50	17.20
20.58	16.89
20.67	16.58
20.75	16.27
20.83	15.98
20.92	15.73
21.00	15.46
21.08	15.18
21.17	14.91
21.25	14.66
21.33	14.40
21.42	14.13
21.50	13.84
21.58	13.53
21.67	13.27
21.75	13.02
21.83	12.75
21.92	12.45
22.00	12.19
22.08	11.93
22.17	11.63
22.25	11.35
22.33	11.09
22.42	10.85
22.50	10.63
22.58	10.42
22.67	10.16
22.75	9.90
22.83	9.65
22.92	9.41
23.00	9.17
23.08	8.98
23.17	8.79
23.25	8.61
23.33	8.44
23.42	8.26
23.50	8.09
23.58	7.95
23.67	7.84
23.75	7.77
23.83	7.71
23.92	7.68
0.00	6.04
0.08	6.02
0.17	5.97
0.25	5.90
0.33	5.80
0.42	5.69
0.50	5.56
0.58	5.42
0.67	5.28
0.75	5.15
0.83	5.05
0.92	4.99
1.00	4.93
1.08	4.88
1.17	4.83
1.25	4.80
1.33	4.77
1.42	4.75
1.50	4.74
1.58	4.75
1.67	4.77
1.75	4.79
1.83	4.79
1.92	4.78
2.00	4.77
2.08	4.76
2.17	4.75
2.25	4.74
2.33	4.72
2.42	4.70
2.50	4.67
2.58	4.65
2.67	4.61
2.75	4.57
2.83	4.52
2.92	4.48
3.00	4.43
3.08	4.38
3.17	4.35
3.25	4.32
3.33	4.32
3.42	4.32
3.50	4.32
3.58	4.32
3.67	4.34
3.75	4.37
3.83	4.41
3.92	4.44
4.00	4.48
4.08	4.51
4.17	4.53
4.25	4.53
4.33	4.51
4.42	4.47
4.50	4.43
4.58	4.40
4.67	4.36
4.75	4.31
4.83	4.26
4.92	4.21
5.00	4.15
5.08	4.09
5.17	4.03
5.25	3.97
5.33	3.91
5.42	3.86
5.50	3.79
5.58	3.71
5.67	3.63
5.75	3.56
5.83	3.47
5.92	3.39
6.00	3.31
6.08	3.24
6.17	3.18
6.25	3.13
6.33	3.09
6.42	3.05
6.50	3.01
6.58	2.98
6.67	2.95
6.75	2.92
6.83	2.89
6.92	2.87
7.00	2.84
7.08	2.81
7.17	2.76
7.25	2.71
7.33	2.63
7.42	2.55
7.50	2.47
7.58	2.39
7.67	2.33
7.75	2.27
7.83	2.21
7.92	2.16
8.00	2.11
8.08	2.09
8.17	2.08
8.25	2.10
8.33	2.15
8.42	2.24
8.50	2.35
8.58	2.48
8.67	2.65
8.75	2.83
8.83	3.05
8.92	3.29
9.00	3.55
9.08	3.80
9.17	4.08
9.25	4.36
9.33	4.64
9.42	4.93
9.50	5.20
9.58	5.45
9.67	5.69
9.75	5.92
9.83	6.14
9.92	6.34
10.00	6.54
10.08	6.73
10.17	6.90
10.25	7.07
10.33	7.23
10.42	7.36
10.50	7.49
10.58	7.62
10.67	7.76
10.75	7.90
10.83	8.05
10.92	8.21
11.00	8.37
11.08	8.54
11.17	8.69
11.25	8.83
11.33	8.99
11.42	9.17
11.50	9.37
11.58	9.58
11.67	9.78
11.75	10.02
11.83	10.27
11.92	10.53
12.00	10.80
12.08	11.08
12.17	11.38
12.25	11.68
12.33	11.96
12.42	12.24
12.50	12.49
12.58	12.72
12.67	12.92
12.75	13.08
12.83	13.22
12.92	13.34
13.00	13.44
13.08	13.55
13.17	13.68
13.25	13.83
13.33	13.97
13.42	14.11
13.50	14.29
13.58	14.46
13.67	14.64
13.75	14.83
13.83	15.02
13.92	15.20
14.00	15.37
14.08	15.53
14.17	15.67
14.25	15.78
14.33	15.89
14.42	15.97
14.50	16.04
14.58	16.11
14.67	16.18
14.75	16.25
14.83	16.34
14.92	16.43
15.00	16.51
15.08	16.56
15.17	16.61
15.25	16.67
15.33	16.71
15.42	16.77
15.50	16.83
15.58	16.86
15.67	16.87
15.75	16.85
15.83	16.83
15.92	16.80
16.00	16.78
16.08	16.78
16.17	16.77
16.25	16.75
16.33	16.72
16.42	16.70
16.50	16.68
16.58	16.67
16.67	16.70
16.75	16.73
16.83	16.80
16.92	16.89
17.00	16.98
17.08	17.05
17.17	17.13
17.25	17.20
17.33	17.23
17.42	17.24
17.50	17.25
17.58	17.25
17.67	17.24
17.75	17.19
17.83	17.09
17.92	16.98
18.00	16.88
18.08	16.80
18.17	16.73
18.25	16.68
18.33	16.65
18.42	16.64
18.50	16.63
18.58	16.62
18.67	16.62
18.75	16.62
18.83	16.63
18.92	16.64
19.00	16.66
19.08	16.69
19.17	16.70
19.25	16.73
19.33	16.74
19.42	16.75
19.50	16.75
19.58	16.72
19.67	16.69
19.75	16.62
19.83	16.55
19.92	16.44
20.00	16.30
20.08	16.14
20.17	15.97
20.25	15.78
20.33	15.58
20.42	15.35
20.50	15.12
20.58	14.89
20.67	14.65
20.75	14.42
20.83	14.20
20.92	13.98
21.00	13.75
21.08	13.50
21.17	13.25
21.25	12.97
21.33	12.69
21.42	12.40
21.50	12.08
21.58	11.78
21.67	11.51
21.75	11.21
21.83	10.91
21.92	10.61
22.00	10.32
22.08	10.01
22.17	9.74
22.25	9.49
22.33	9.27
22.42	9.07
22.50	8.90
22.58	8.72
22.67	8.55
22.75	8.41
22.83	8.28
22.92	8.17
23.00	8.09
23.08	8.02
23.17	7.95
23.25	7.89
23.33	7.83
23.42	7.76
23.50	7.69
23.58	7.62
23.67	7.58
23.75	7.54
23.83	7.53
23.92	7.51
0.00	6.62
0.08	6.60
0.17	6.57
0.25	6.49
0.33	6.40
0.42	6.28
0.50	6.15
0.58	6.01
0.67	5.89
0.75	5.78
0.83	5.70
0.92	5.62
1.00	5.56
1.08	5.49
1.17	5.44
1.25	5.38
1.33	5.31
1.42	5.26
1.50	5.22
1.58	5.19
1.67	5.15
1.75	5.12
1.83	5.08
1.92	5.03
2.00	4.97
2.08	4.90
2.17	4.82
2.25	4.75
2.33	4.67
2.42	4.59
2.50	4.50
2.58	4.42
2.67	4.33
2.75	4.24
2.83	4.16
2.92	4.10
3.00	4.05
3.08	4.03
3.17	4.02
3.25	4.00
3.33	3.98
3.42	3.96
3.50	3.93
3.58	3.90
3.67	3.86
3.75	3.82
3.83	3.75
3.92	3.69
4.00	3.60
4.08	3.50
4.17	3.42
4.25	3.34
4.33	3.26
4.42	3.20
4.50	3.18
4.58	3.18
4.67	3.19
4.75	3.22
4.83	3.28
4.92	3.33
5.00	3.38
5.08	3.42
5.17	3.47
5.25	3.51
5.33	3.56
5.42	3.58
5.50	3.56
5.58	3.55
5.67	3.52
5.75	3.49
5.83	3.45
5.92	3.41
6.00	3.38
6.08	3.35
6.17	3.33
6.25	3.30
6.33	3.26
6.42	3.22
6.50	3.18
6.58	3.13
6.67	3.09
6.75	3.03
6.83	2.97
6.92	2.92
7.00	2.86
7.08	2.79
7.17	2.72
7.25	2.64
7.33	2.54
7.42	2.45
7.50	2.35
7.58	2.27
7.67	2.20
7.75	2.13
7.83	2.07
7.92	2.01
8.00	1.97
8.08	1.96
8.17	1.97
8.25	2.02
8.33	2.10
8.42	2.21
8.50	2.34
8.58	2.50
8.67	2.70
8.75	2.93
8.83	3.20
8.92	3.49
9.00	3.79
9.08	4.11
9.17	4.45
9.25	4.81
9.33	5.16
9.42	5.52
9.50	5.88
9.58	6.24
9.67	6.59
9.75	6.93
9.83	7.26
9.92	7.60
10.00	7.93
10.08	8.27
10.17	8.60
10.25	8.92
10.33	9.23
10.42	9.52
10.50	9.81
10.58	10.11
10.67	10.41
10.75	10.71
10.83	11.01
10.92	11.31
11.00	11.59
11.08	11.85
11.17	12.09
11.25	12.31
11.33	12.54
11.42	12.78
11.50	13.02
11.58	13.26
11.67	13.53
11.75	13.82
11.83	14.13
11.92	14.44
12.00	14.77
12.08	15.12
12.17	15.49
12.25	15.87
12.33	16.22
12.42	16.57
12.50	16.89
12.58	17.19
12.67	17.44
12.75	17.66
12.83	17.86
12.92	18.04
13.00	18.21
13.08	18.38
13.17	18.53
13.25	18.70
13.33	18.87
13.42	19.05
13.50	19.25
13.58	19.43
13.67	19.60
13.75	19.75
13.83	19.89
13.92	20.01
14.00	20.11
14.08	20.19
14.17	20.24
14.25	20.25
14.33	20.25
14.42	20.20
14.50	20.13
14.58	20.06
14.67	19.99
14.75	19.92
14.83	19.87
14.92	19.81
15.00	19.74
15.08	19.68
15.17	19.65
15.25	19.64
15.33	19.64
15.42	19.67
15.50	19.70
15.58	19.74
15.67	19.80
15.75	19.86
15.83	19.93
15.92	20.02
16.00	20.13
16.08	20.22
16.17	20.30
16.25	20.38
16.33	20.44
16.42	20.49
16.50	20.54
16.58	20.60
16.67	20.66
16.75	20.72
16.83	20.78
16.92	20.83
17.00	20.88
17.08	20.94
17.17	21.00
17.25	21.04
17.33	21.07
17.42	21.12
17.50	21.18
17.58	21.23
17.67	21.25
17.75	21.24
17.83	21.21
17.92	21.19
18.00	21.18
18.08	21.17
18.17	21.17
18.25	21.16
18.33	21.15
18.42	21.13
18.50	21.09
18.58	21.05
18.67	21.05
18.75	21.00
18.83	20.89
18.92	20.76
19.00	20.59
19.08	20.41
19.17	20.21
19.25	20.02
19.33	19.86
19.42	19.73
19.50	19.60
19.58	19.47
19.67	19.31
19.75	19.24
19.83	19.21
19.92	19.19
20.00	19.19
20.08	19.22
20.17	19.25
20.25	19.26
20.33	19.21
20.42	19.14
20.50	19.07
20.58	18.97
20.67	18.87
20.75	18.77
20.83	18.67
20.92	18.54
21.00	18.39
21.08	18.25
21.17	18.08
21.25	17.89
21.33	17.68
21.42	17.42
21.50	17.16
21.58	16.97
21.67	16.74
21.75	16.48
21.83	16.22
21.92	15.96
22.00	15.65
22.08	15.33
22.17	15.02
22.25	14.73
22.33	14.46
22.42	14.19
22.50	13.89
22.58	13.57
22.67	13.26
22.75	12.99
22.83	12.72
22.92	12.46
23.00	12.19
23.08	11.91
23.17	11.64
23.25	11.36
23.33	11.10
23.42	10.85
23.50	10.62
23.58	10.42
23.67	10.21
23.75	10.04
23.83	9.90
23.92	9.80
0.00	9.27
0.08	9.25
0.17	9.21
0.25	9.14
0.33	9.03
0.42	8.90
0.50	8.77
0.58	8.63
0.67	8.49
0.75	8.38
0.83	8.27
0.92	8.17
1.00	8.07
1.08	7.98
1.17	7.89
1.25	7.82
1.33	7.74
1.42	7.66
1.50	7.58
1.58	7.50
1.67	7.42
1.75	7.35
1.83	7.28
1.92	7.20
2.00	7.12
2.08	7.04
2.17	6.97
2.25	6.92
2.33	6.88
2.42	6.85
2.50	6.82
2.58	6.78
2.67	6.76
2.75	6.76
2.83	6.77
2.92	6.79
3.00	6.83
3.08	6.86
3.17	6.85
3.25	6.82
3.33	6.76
3.42	6.70
3.50	6.64
3.58	6.57
3.67	6.47
3.75	6.32
3.83	6.13
3.92	5.90
4.00	5.67
4.08	5.44
4.17	5.24
4.25	5.05
4.33	4.88
4.42	4.73
4.50	4.58
4.58	4.45
4.67	4.33
4.75	4.27
4.83	4.24
4.92	4.22
5.00	4.21
5.08	4.19
5.17	4.18
5.25	4.17
5.33	4.15
5.42	4.11
5.50	4.08
5.58	4.05
5.67	4.01
5.75	3.97
5.83	3.93
5.92	3.90
6.00	3.86
6.08	3.84
6.17	3.80
6.25	3.77
6.33	3.73
6.42	3.68
6.50	3.63
6.58	3.58
6.67	3.53
6.75	3.47
6.83	3.41
6.92	3.35
7.00	3.28
7.08	3.20
7.17	3.11
7.25	3.00
7.33	2.89
7.42	2.78
7.50	2.70
7.58	2.63
7.67	2.57
7.75	2.51
7.83	2.46
7.92	2.42
8.00	2.40
8.08	2.40
8.17	2.44
8.25	2.51
8.33	2.60
8.42	2.72
8.50	2.86
8.58	3.03
8.67	3.24
8.75	3.49
8.83	3.77
8.92	4.06
9.00	4.37
9.08	4.70
9.17	5.04
9.25	5.39
9.33	5.73
9.42	6.06
9.50	6.38
9.58	6.68
9.67	6.95
9.75	7.20
9.83	7.43
9.92	7.67
10.00	7.90
10.08	8.13
10.17	8.36
10.25	8.58
10.33	8.79
10.42	8.99
10.50	9.20
10.58	9.42
10.67	9.65
10.75	9.89
10.83	10.14
10.92	10.38
11.00	10.60
11.08	10.78
11.17	10.94
11.25	11.13
11.33	11.32
11.42	11.52
11.50	11.71
11.58	11.91
11.67	12.11
11.75	12.33
11.83	12.54
11.92	12.77
12.00	13.02
12.08	13.31
12.17	13.59
12.25	13.88
12.33	14.16
12.42	14.45
12.50	14.72
12.58	14.99
12.67	15.23
12.75	15.48
12.83	15.72
12.92	15.97
13.00	16.21
13.08	16.45
13.17	16.68
13.25	16.88
13.33	17.11
13.42	17.33
13.50	17.56
13.58	17.78
13.67	18.00
13.75	18.20
13.83	18.40
13.92	18.59
14.00	18.80
14.08	19.02
14.17	19.28
14.25	19.54
14.33	19.74
14.42	19.94
14.50	20.14
14.58	20.33
14.67	20.51
14.75	20.70
14.83	20.87
14.92	21.01
15.00	21.14
15.08	21.24
15.17	21.32
15.25	21.38
15.33	21.46
15.42	21.53
15.50	21.59
15.58	21.64
15.67	21.69
15.75	21.73
15.83	21.78
15.92	21.80
16.00	21.78
16.08	21.75
16.17	21.72
16.25	21.69
16.33	21.64
16.42	21.57
16.50	21.48
16.58	21.38
16.67	21.27
16.75	21.17
16.83	21.05
16.92	20.96
17.00	20.86
17.08	20.74
17.17	20.62
17.25	20.49
17.33	20.36
17.42	20.26
17.50	20.18
17.58	20.08
17.67	19.96
17.75	19.83
17.83	19.71
17.92	19.60
18.00	19.50
18.08	19.41
18.17	19.33
18.25	19.26
18.33	19.18
18.42	19.09
18.50	19.00
18.58	18.94
18.67	18.90
18.75	18.84
18.83	18.79
18.92	18.74
19.00	18.70
19.08	18.67
19.17	18.64
19.25	18.61
19.33	18.59
19.42	18.55
19.50	18.51
19.58	18.41
19.67	18.31
19.75	18.20
19.83	18.04
19.92	17.87
20.00	17.66
20.08	17.42
20.17	17.16
20.25	16.87
20.33	16.58
20.42	16.31
20.50	16.01
20.58	15.73
20.67	15.47
20.75	15.25
20.83	15.04
20.92	14.82
21.00	14.63
21.08	14.45
21.17	14.26
21.25	14.07
21.33	13.85
21.42	13.63
21.50	13.44
21.58	13.22
21.67	12.97
21.75	12.69
21.83	12.41
21.92	12.12
22.00	11.80
22.08	11.49
22.17	11.19
22.25	10.90
22.33	10.62
22.42	10.34
22.50	10.04
22.58	9.76
22.67	9.51
22.75	9.27
22.83	9.05
22.92	8.83
23.00	8.58
23.08	8.32
23.17	8.07
23.25	7.83
23.33	7.60
23.42	7.39
23.50	7.19
23.58	7.01
23.67	6.84
23.75	6.69
23.83	6.56
23.92	6.50
0.00	7.10
0.08	7.10
0.17	7.11
0.25	7.11
0.33	7.12
0.42	7.12
0.50	7.12
0.58	7.12
0.67	7.12
0.75	7.11
0.83	7.10
0.92	7.08
1.00	7.05
1.08	7.02
1.17	6.97
1.25	6.92
1.33	6.84
1.42	6.75
1.50	6.65
1.58	6.55
1.67	6.44
1.75	6.33
1.83	6.22
1.92	6.11
2.00	5.99
2.08	5.87
2.17	5.74
2.25	5.61
2.33	5.48
2.42	5.35
2.50	5.23
2.58	5.11
2.67	4.99
2.75	4.88
2.83	4.76
2.92	4.66
3.00	4.57
3.08	4.49
3.17	4.42
3.25	4.35
3.33	4.29
3.42	4.24
3.50	4.20
3.58	4.15
3.67	4.12
3.75	4.07
3.83	4.01
3.92	3.96
4.00	3.91
4.08	3.86
4.17	3.82
4.25	3.78
4.33	3.78
4.42	3.79
4.50	3.81
4.58	3.82
4.67	3.86
4.75	3.91
4.83	3.95
4.92	3.99
5.00	4.03
5.08	4.06
5.17	4.08
5.25	4.10
5.33	4.08
5.42	4.04
5.50	4.01
5.58	3.97
5.67	3.90
5.75	3.84
5.83	3.79
5.92	3.73
6.00	3.69
6.08	3.65
6.17	3.61
6.25	3.57
6.33	3.53
6.42	3.48
6.50	3.44
6.58	3.40
6.67	3.36
6.75	3.32
6.83	3.27
6.92	3.21
7.00	3.14
7.08	3.06
7.17	2.94
7.25	2.82
7.33	2.71
7.42	2.61
7.50	2.52
7.58	2.43
7.67	2.35
7.75	2.27
7.83	2.21
7.92	2.17
8.00	2.15
8.08	2.17
8.17	2.22
8.25	2.30
8.33	2.40
8.42	2.51
8.50	2.67
8.58	2.86
8.67	3.08
8.75	3.34
8.83	3.62
8.92	3.92
9.00	4.24
9.08	4.58
9.17	4.94
9.25	5.31
9.33	5.67
9.42	6.03
9.50	6.39
9.58	6.73
9.67	7.07
9.75	7.39
9.83	7.71
9.92	8.02
10.00	8.32
10.08	8.62
10.17	8.90
10.25	9.16
10.33	9.42
10.42	9.68
10.50	9.94
10.58	10.20
10.67	10.46
10.75	10.73
10.83	11.01
10.92	11.28
11.00	11.52
11.08	11.76
11.17	12.02
11.25	12.29
11.33	12.56
11.42	12.83
11.50	13.11
11.58	13.41
11.67	13.70
11.75	13.97
11.83	14.24
11.92	14.51
12.00	14.80
12.08	15.08
12.17	15.35
12.25	15.63
12.33	15.89
12.42	16.14
12.50	16.35
12.58	16.56
12.67	16.77
12.75	16.97
12.83	17.18
12.92	17.40
13.00	17.61
13.08	17.83
13.17	18.04
13.25	18.27
13.33	18.50
13.42	18.74
13.50	18.98
13.58	19.21
13.67	19.43
13.75	19.65
13.83	19.87
13.92	20.08
14.00	20.30
14.08	20.54
14.17	20.78
14.25	21.01
14.33	21.22
14.42	21.44
14.50	21.67
14.58	21.89
14.67	22.14
14.75	22.39
14.83	22.61
14.92	22.85
15.00	23.06
15.08	23.25
15.17	23.44
15.25	23.65
15.33	23.86
15.42	24.07
15.50	24.27
15.58	24.48
15.67	24.68
15.75	24.88
15.83	25.08
15.92	25.26
16.00	25.42
16.08	25.58
16.17	25.73
16.25	25.88
16.33	26.01
16.42	26.14
16.50	26.25
16.58	26.33
16.67	26.38
16.75	26.44
16.83	26.48
16.92	26.50
17.00	26.49
17.08	26.44
17.17	26.36
17.25	26.26
17.33	26.14
17.42	26.02
17.50	25.90
17.58	25.77
17.67	25.64
17.75	25.51
17.83	25.41
17.92	25.33
18.00	25.27
18.08	25.23
18.17	25.22
18.25	25.20
18.33	25.17
18.42	25.13
18.50	25.08
18.58	25.02
18.67	24.89
18.75	24.74
18.83	24.59
18.92	24.44
19.00	24.29
19.08	24.13
19.17	23.95
19.25	23.79
19.33	23.64
19.42	23.49
19.50	23.33
19.58	23.22
19.67	23.13
19.75	23.03
19.83	22.91
19.92	22.76
20.00	22.58
20.08	22.39
20.17	22.16
20.25	21.91
20.33	21.66
20.42	21.37
20.50	21.06
20.58	20.78
20.67	20.51
20.75	20.20
20.83	19.86
20.92	19.54
21.00	19.21
21.08	18.87
21.17	18.50
21.25	18.09
21.33	17.66
21.42	17.29
21.50	16.90
21.58	16.46
21.67	16.00
21.75	15.54
21.83	15.06
21.92	14.54
22.00	14.02
22.08	13.52
22.17	13.04
22.25	12.58
22.33	12.11
22.42	11.61
22.50	11.14
22.58	10.72
22.67	10.33
22.75	9.99
22.83	9.69
22.92	9.42
23.00	9.15
23.08	8.88
23.17	8.64
23.25	8.41
23.33	8.20
23.42	8.00
23.50	7.80
23.58	7.60
23.67	7.43
23.75	7.29
23.83	7.19
23.92	7.13
0.00	5.76
0.08	5.74
0.17	5.70
0.25	5.65
0.33	5.58
0.42	5.49
0.50	5.38
0.58	5.28
0.67	5.19
0.75	5.11
0.83	5.04
0.92	4.98
1.00	4.93
1.08	4.92
1.17	4.91
1.25	4.90
1.33	4.90
1.42	4.90
1.50	4.92
1.58	4.93
1.67	4.95
1.75	4.97
1.83	4.99
1.92	5.02
2.00	5.05
2.08	5.04
2.17	5.03
2.25	5.02
2.33	5.00
2.42	4.99
2.50	4.96
2.58	4.93
2.67	4.90
2.75	4.86
2.83	4.81
2.92	4.76
3.00	4.71
3.08	4.68
3.17	4.65
3.25	4.62
3.33	4.59
3.42	4.58
3.50	4.57
3.58	4.57
3.67	4.57
3.75	4.57
3.83	4.57
3.92	4.55
4.00	4.52
4.08	4.48
4.17	4.44
4.25	4.41
4.33	4.38
4.42	4.35
4.50	4.32
4.58	4.29
4.67	4.27
4.75	4.23
4.83	4.20
4.92	4.17
5.00	4.14
5.08	4.11
5.17	4.09
5.25	4.04
5.33	3.99
5.42	3.94
5.50	3.87
5.58	3.78
5.67	3.70
5.75	3.64
5.83	3.58
5.92	3.53
6.00	3.47
6.08	3.42
6.17	3.36
6.25	3.31
6.33	3.25
6.42	3.20
6.50	3.15
6.58	3.09
6.67	3.04
6.75	2.99
6.83	2.93
6.92	2.86
7.00	2.79
7.08	2.70
7.17	2.60
7.25	2.51
7.33	2.43
7.42	2.36
7.50	2.29
7.58	2.23
7.67	2.17
7.75	2.12
7.83	2.08
7.92	2.06
8.00	2.05
8.08	2.08
8.17	2.12
8.25	2.18
8.33	2.25
8.42	2.35
8.50	2.48
8.58	2.64
8.67	2.84
8.75	3.06
8.83	3.30
8.92	3.57
9.00	3.86
9.08	4.17
9.17	4.50
9.25	4.84
9.33	5.18
9.42	5.52
9.50	5.87
9.58	6.20
9.67	6.53
9.75	6.86
9.83	7.19
9.92	7.52
10.00	7.85
10.08	8.17
10.17	8.48
10.25	8.79
10.33	9.10
10.42	9.40
10.50	9.71
10.58	10.02
10.67	10.32
10.75	10.63
10.83	10.94
10.92	11.24
11.00	11.54
11.08	11.86
11.17	12.18
11.25	12.51
11.33	12.85
11.42	13.20
11.50	13.55
11.58	13.92
11.67	14.30
11.75	14.68
11.83	15.07
11.92	15.48
12.00	15.91
12.08	16.32
12.17	16.74
12.25	17.15
12.33	17.56
12.42	17.97
12.50	18.38
12.58	18.78
12.67	19.17
12.75	19.55
12.83	19.90
12.92	20.24
13.00	20.56
13.08	20.88
13.17	21.17
13.25	21.47
13.33	21.74
13.42	21.99
13.50	22.20
13.58	22.39
13.67	22.55
13.75	22.68
13.83	22.79
13.92	22.88
14.00	22.93
14.08	22.98
14.17	23.02
14.25	23.05
14.33	23.08
14.42	23.11
14.50	23.15
14.58	23.17
14.67	23.21
14.75	23.27
14.83	23.36
14.92	23.48
15.00	23.61
15.08	23.77
15.17	23.92
15.25	24.08
15.33	24.24
15.42	24.41
15.50	24.59
15.58	24.79
15.67	24.98
15.75	25.15
15.83	25.36
15.92	25.55
16.00	25.75
16.08	25.94
16.17	26.12
16.25	26.29
16.33	26.45
16.42	26.60
16.50	26.74
16.58	26.84
16.67	26.93
16.75	26.99
16.83	27.02
16.92	27.03
17.00	27.03
17.08	27.02
17.17	27.01
17.25	26.99
17.33	26.94
17.42	26.89
17.50	26.85
17.58	26.83
17.67	26.80
17.75	26.75
17.83	26.68
17.92	26.60
18.00	26.48
18.08	26.34
18.17	26.17
18.25	26.01
18.33	25.82
18.42	25.63
18.50	25.41
18.58	25.13
18.67	24.85
18.75	24.59
18.83	24.33
18.92	24.09
19.00	23.85
19.08	23.59
19.17	23.33
19.25	23.06
19.33	22.76
19.42	22.44
19.50	22.14
19.58	21.83
19.67	21.50
19.75	21.14
19.83	20.75
19.92	20.35
20.00	19.96
20.08	19.58
20.17	19.21
20.25	18.84
20.33	18.49
20.42	18.16
20.50	17.88
20.58	17.64
20.67	17.43
20.75	17.25
20.83	17.10
20.92	16.96
21.00	16.82
21.08	16.68
21.17	16.56
21.25	16.44
21.33	16.34
21.42	16.24
21.50	16.09
21.58	15.91
21.67	15.70
21.75	15.47
21.83	15.21
21.92	14.93
22.00	14.64
22.08	14.31
22.17	13.97
22.25	13.59
22.33	13.17
22.42	12.72
22.50	12.29
22.58	11.85
22.67	11.44
22.75	11.00
22.83	10.53
22.92	10.04
23.00	9.55
23.08	9.06
23.17	8.60
23.25	8.16
23.33	7.75
23.42	7.36
23.50	6.98
23.58	6.65
23.67	6.34
23.75	6.11
23.83	5.95
23.92	5.87
0.00	5.47
0.08	5.47
0.17	5.46
0.25	5.46
0.33	5.46
0.42	5.44
0.50	5.41
0.58	5.40
0.67	5.40
0.75	5.40
0.83	5.40
0.92	5.39
1.00	5.38
1.08	5.38
1.17	5.36
1.25	5.33
1.33	5.30
1.42	5.27
1.50	5.23
1.58	5.18
1.67	5.13
1.75	5.09
1.83	5.05
1.92	4.99
2.00	4.94
2.08	4.87
2.17	4.79
2.25	4.71
2.33	4.63
2.42	4.54
2.50	4.45
2.58	4.35
2.67	4.25
2.75	4.15
2.83	4.06
2.92	3.97
3.00	3.89
3.08	3.81
3.17	3.74
3.25	3.68
3.33	3.61
3.42	3.54
3.50	3.48
3.58	3.40
3.67	3.33
3.75	3.25
3.83	3.18
3.92	3.10
4.00	3.03
4.08	2.96
4.17	2.90
4.25	2.85
4.33	2.81
4.42	2.77
4.50	2.75
4.58	2.74
4.67	2.74
4.75	2.74
4.83	2.74
4.92	2.74
5.00	2.75
5.08	2.76
5.17	2.76
5.25	2.76
5.33	2.76
5.42	2.76
5.50	2.75
5.58	2.74
5.67	2.74
5.75	2.73
5.83	2.73
5.92	2.71
6.00	2.70
6.08	2.68
6.17	2.66
6.25	2.63
6.33	2.61
6.42	2.59
6.50	2.56
6.58	2.53
6.67	2.50
6.75	2.46
6.83	2.42
6.92	2.38
7.00	2.32
7.08	2.26
7.17	2.19
7.25	2.13
7.33	2.08
7.42	2.03
7.50	1.99
7.58	1.96
7.67	1.93
7.75	1.91
7.83	1.90
7.92	1.91
8.00	1.95
8.08	2.00
8.17	2.07
8.25	2.14
8.33	2.24
8.42	2.36
8.50	2.52
8.58	2.70
8.67	2.93
8.75	3.16
8.83	3.43
8.92	3.73
9.00	4.06
9.08	4.42
9.17	4.80
9.25	5.20
9.33	5.60
9.42	5.99
9.50	6.38
9.58	6.76
9.67	7.14
9.75	7.54
9.83	7.93
9.92	8.33
10.00	8.72
10.08	9.11
10.17	9.50
10.25	9.88
10.33	10.28
10.42	10.68
10.50	11.09
10.58	11.51
10.67	11.91
10.75	12.29
10.83	12.64
10.92	12.99
11.00	13.33
11.08	13.68
11.17	14.01
11.25	14.34
11.33	14.66
11.42	15.02
11.50	15.40
11.58	15.77
11.67	16.15
11.75	16.57
11.83	17.00
11.92	17.42
12.00	17.84
12.08	18.26
12.17	18.68
12.25	19.12
12.33	19.54
12.42	19.92
12.50	20.31
12.58	20.71
12.67	21.11
12.75	21.50
12.83	21.90
12.92	22.30
13.00	22.70
13.08	23.10
13.17	23.48
13.25	23.86
13.33	24.23
13.42	24.59
13.50	24.92
13.58	25.22
13.67	25.49
13.75	25.73
13.83	25.92
13.92	26.09
14.00	26.24
14.08	26.37
14.17	26.51
14.25	26.63
14.33	26.72
14.42	26.80
14.50	26.85
14.58	26.89
14.67	26.93
14.75	27.00
14.83	27.08
14.92	27.16
15.00	27.27
15.08	27.38
15.17	27.48
15.25	27.58
15.33	27.68
15.42	27.80
15.50	27.97
15.58	28.13
15.67	28.28
15.75	28.45
15.83	28.62
15.92	28.80
16.00	28.95
16.08	29.08
16.17	29.20
16.25	29.32
16.33	29.42
16.42	29.51
16.50	29.58
16.58	29.66
16.67	29.72
16.75	29.76
16.83	29.76
16.92	29.75
17.00	29.72
17.08	29.68
17.17	29.63
17.25	29.54
17.33	29.42
17.42	29.29
17.50	29.13
17.58	28.92
17.67	28.67
17.75	28.39
17.83	28.08
17.92	27.75
18.00	27.40
18.08	27.01
18.17	26.60
18.25	26.20
18.33	25.77
18.42	25.35
18.50	24.87
18.58	24.38
18.67	23.91
18.75	23.44
18.83	22.99
18.92	22.54
19.00	22.12
19.08	21.72
19.17	21.33
19.25	20.94
19.33	20.54
19.42	20.15
19.50	19.80
19.58	19.44
19.67	19.06
19.75	18.66
19.83	18.23
19.92	17.79
20.00	17.33
20.08	16.83
20.17	16.34
20.25	15.86
20.33	15.38
20.42	14.92
20.50	14.50
20.58	14.11
20.67	13.73
20.75	13.36
20.83	13.02
20.92	12.69
21.00	12.36
21.08	12.04
21.17	11.71
21.25	11.40
21.33	11.11
21.42	10.80
21.50	10.46
21.58	10.13
21.67	9.80
21.75	9.45
21.83	9.11
21.92	8.79
22.00	8.50
22.08	8.23
22.17	7.97
22.25	7.71
22.33	7.46
22.42	7.23
22.50	7.02
22.58	6.83
22.67	6.67
22.75	6.53
22.83	6.40
22.92	6.28
23.00	6.16
23.08	6.06
23.17	5.96
23.25	5.88
23.33	5.80
23.42	5.72
23.50	5.64
23.58	5.57
23.67	5.53
23.75	5.50
23.83	5.48
23.92	5.47
0.00	4.88
0.08	4.88
0.17	4.89
0.25	4.88
0.33	4.87
0.42	4.85
0.50	4.82
0.58	4.79
0.67	4.75
0.75	4.71
0.83	4.67
0.92	4.61
1.00	4.55
1.08	4.48
1.17	4.40
1.25	4.32
1.33	4.24
1.42	4.16
1.50	4.09
1.58	4.00
1.67	3.92
1.75	3.85
1.83	3.77
1.92	3.71
2.00	3.65
2.08	3.59
2.17	3.53
2.25	3.47
2.33	3.41
2.42	3.36
2.50	3.31
2.58	3.27
2.67	3.24
2.75	3.21
2.83	3.19
2.92	3.17
3.00	3.15
3.08	3.13
3.17	3.12
3.25	3.10
3.33	3.09
3.42	3.07
3.50	3.05
3.58	3.04
3.67	3.01
3.75	2.98
3.83	2.95
3.92	2.93
4.00	2.90
4.08	2.88
4.17	2.87
4.25	2.86
4.33	2.85
4.42	2.86
4.50	2.87
4.58	2.88
4.67	2.89
4.75	2.90
4.83	2.92
4.92	2.93
5.00	2.94
5.08	2.95
5.17	2.95
5.25	2.95
5.33	2.95
5.42	2.94
5.50	2.93
5.58	2.91
5.67	2.90
5.75	2.89
5.83	2.87
5.92	2.85
6.00	2.83
6.08	2.81
6.17	2.79
6.25	2.76
6.33	2.74
6.42	2.71
6.50	2.68
6.58	2.66
6.67	2.63
6.75	2.59
6.83	2.56
6.92	2.50
7.00	2.44
7.08	2.38
7.17	2.31
7.25	2.26
7.33	2.21
7.42	2.15
7.50	2.10
7.58	2.05
7.67	2.00
7.75	1.98
7.83	1.96
7.92	1.97
8.00	1.99
8.08	2.03
8.17	2.08
8.25	2.15
8.33	2.24
8.42	2.37
8.50	2.53
8.58	2.72
8.67	2.93
8.75	3.15
8.83	3.40
8.92	3.67
9.00	3.96
9.08	4.26
9.17	4.56
9.25	4.86
9.33	5.15
9.42	5.44
9.50	5.70
9.58	5.95
9.67	6.21
9.75	6.45
9.83	6.69
9.92	6.93
10.00	7.16
10.08	7.38
10.17	7.62
10.25	7.86
10.33	8.11
10.42	8.36
10.50	8.62
10.58	8.89
10.67	9.16
10.75	9.43
10.83	9.70
10.92	9.99
11.00	10.29
11.08	10.61
11.17	10.94
11.25	11.28
11.33	11.65
11.42	12.05
11.50	12.46
11.58	12.87
11.67	13.30
11.75	13.72
11.83	14.14
11.92	14.53
12.00	14.90
12.08	15.24
12.17	15.56
12.25	15.85
12.33	16.10
12.42	16.32
12.50	16.53
12.58	16.73
12.67	16.91
12.75	17.07
12.83	17.22
12.92	17.37
13.00	17.52
13.08	17.70
13.17	17.87
13.25	18.05
13.33	18.23
13.42	18.41
13.50	18.61
13.58	18.83
13.67	19.07
13.75	19.32
13.83	19.59
13.92	19.86
14.00	20.13
14.08	20.36
14.17	20.61
14.25	20.87
14.33	21.14
14.42	21.41
14.50	21.66
14.58	21.88
14.67	22.08
14.75	22.25
14.83	22.40
14.92	22.54
15.00	22.69
15.08	22.84
15.17	22.95
15.25	23.02
15.33	23.04
15.42	23.04
15.50	23.02
15.58	23.01
15.67	22.99
15.75	22.93
15.83	22.87
15.92	22.81
16.00	22.73
16.08	22.65
16.17	22.57
16.25	22.51
16.33	22.45
16.42	22.44
16.50	22.48
16.58	22.51
16.67	22.54
16.75	22.62
16.83	22.68
16.92	22.72
17.00	22.77
17.08	22.83
17.17	22.93
17.25	23.06
17.33	23.17
17.42	23.23
17.50	23.28
17.58	23.33
17.67	23.38
17.75	23.40
17.83	23.43
17.92	23.46
18.00	23.48
18.08	23.44
18.17	23.36
18.25	23.25
18.33	23.16
18.42	23.01
18.50	22.80
18.58	22.56
18.67	22.30
18.75	22.03
18.83	21.73
18.92	21.41
19.00	21.07
19.08	20.74
19.17	20.39
19.25	20.02
19.33	19.59
19.42	19.24
19.50	18.90
19.58	18.57
19.67	18.24
19.75	17.91
19.83	17.59
19.92	17.28
20.00	16.95
20.08	16.66
20.17	16.38
20.25	16.08
20.33	15.80
20.42	15.53
20.50	15.27
20.58	15.00
20.67	14.74
20.75	14.49
20.83	14.23
20.92	13.96
21.00	13.67
21.08	13.34
21.17	13.02
21.25	12.74
21.33	12.43
21.42	12.10
21.50	11.77
21.58	11.45
21.67	11.08
21.75	10.72
21.83	10.37
21.92	10.02
22.00	9.69
22.08	9.37
22.17	9.04
22.25	8.70
22.33	8.38
22.42	8.09
22.50	7.81
22.58	7.55
22.67	7.30
22.75	7.07
22.83	6.83
22.92	6.61
23.00	6.40
23.08	6.20
23.17	6.01
23.25	5.83
23.33	5.65
23.42	5.47
23.50	5.29
23.58	5.14
23.67	5.03
23.75	4.95
23.83	4.90
23.92	4.88
0.00	4.31
0.08	4.31
0.17	4.29
0.25	4.28
0.33	4.25
0.42	4.21
0.50	4.16
0.58	4.12
0.67	4.08
0.75	4.05
0.83	4.04
0.92	4.03
1.00	4.02
1.08	4.02
1.17	4.02
1.25	4.02
1.33	4.02
1.42	4.03
1.50	4.03
1.58	4.03
1.67	4.03
1.75	4.03
1.83	4.02
1.92	4.00
2.00	3.99
2.08	3.97
2.17	3.95
2.25	3.92
2.33	3.90
2.42	3.87
2.50	3.84
2.58	3.82
2.67	3.79
2.75	3.76
2.83	3.72
2.92	3.68
3.00	3.63
3.08	3.59
3.17	3.55
3.25	3.50
3.33	3.45
3.42	3.40
3.50	3.35
3.58	3.30
3.67	3.24
3.75	3.19
3.83	3.14
3.92	3.09
4.00	3.05
4.08	3.03
4.17	3.02
4.25	3.01
4.33	3.01
4.42	3.03
4.50	3.05
4.58	3.07
4.67	3.09
4.75	3.11
4.83	3.14
4.92	3.16
5.00	3.18
5.08	3.18
5.17	3.19
5.25	3.18
5.33	3.17
5.42	3.15
5.50	3.14
5.58	3.12
5.67	3.10
5.75	3.08
5.83	3.06
5.92	3.03
6.00	2.99
6.08	2.96
6.17	2.93
6.25	2.89
6.33	2.86
6.42	2.82
6.50	2.78
6.58	2.74
6.67	2.69
6.75	2.65
6.83	2.59
6.92	2.53
7.00	2.46
7.08	2.39
7.17	2.33
7.25	2.28
7.33	2.22
7.42	2.17
7.50	2.11
7.58	2.07
7.67	2.04
7.75	2.02
7.83	2.02
7.92	2.04
8.00	2.06
8.08	2.10
8.17	2.15
8.25	2.23
8.33	2.33
8.42	2.46
8.50	2.63
8.58	2.81
8.67	3.02
8.75	3.26
8.83	3.52
8.92	3.82
9.00	4.12
9.08	4.45
9.17	4.78
9.25	5.11
9.33	5.43
9.42	5.75
9.50	6.05
9.58	6.36
9.67	6.65
9.75	6.94
9.83	7.22
9.92	7.49
10.00	7.75
10.08	8.01
10.17	8.28
10.25	8.54
10.33	8.80
10.42	9.07
10.50	9.34
10.58	9.60
10.67	9.82
10.75	10.03
10.83	10.25
10.92	10.48
11.00	10.71
11.08	10.96
11.17	11.20
11.25	11.48
11.33	11.81
11.42	12.15
11.50	12.50
11.58	12.89
11.67	13.32
11.75	13.76
11.83	14.20
11.92	14.62
12.00	15.04
12.08	15.47
12.17	15.89
12.25	16.27
12.33	16.62
12.42	16.97
12.50	17.31
12.58	17.64
12.67	17.99
12.75	18.33
12.83	18.69
12.92	19.06
13.00	19.42
13.08	19.78
13.17	20.15
13.25	20.53
13.33	20.93
13.42	21.34
13.50	21.76
13.58	22.19
13.67	22.62
13.75	23.03
13.83	23.45
13.92	23.89
14.00	24.32
14.08	24.75
14.17	25.17
14.25	25.56
14.33	25.91
14.42	26.20
14.50	26.46
14.58	26.68
14.67	26.90
14.75	27.10
14.83	27.27
14.92	27.39
15.00	27.49
15.08	27.56
15.17	27.61
15.25	27.65
15.33	27.70
15.42	27.77
15.50	27.84
15.58	27.92
15.67	28.00
15.75	28.10
15.83	28.23
15.92	28.39
16.00	28.57
16.08	28.77
16.17	29.00
16.25	29.25
16.33	29.48
16.42	29.66
16.50	29.83
16.58	29.96
16.67	30.06
16.75	30.11
16.83	30.09
16.92	29.99
17.00	29.82
17.08	29.60
17.17	29.30
17.25	28.96
17.33	28.60
17.42	28.22
17.50	27.80
17.58	27.36
17.67	26.91
17.75	26.48
17.83	26.09
17.92	25.71
18.00	25.35
18.08	24.98
18.17	24.63
18.25	24.32
18.33	24.02
18.42	23.68
18.50	23.36
18.58	23.03
18.67	22.69
18.75	22.34
18.83	21.98
18.92	21.64
19.00	21.32
19.08	21.02
19.17	20.74
19.25	20.43
19.33	20.18
19.42	19.94
19.50	19.70
19.58	19.47
19.67	19.22
19.75	18.97
19.83	18.71
19.92	18.42
20.00	18.12
20.08	17.81
20.17	17.46
20.25	17.12
20.33	16.81
20.42	16.51
20.50	16.21
20.58	15.91
20.67	15.64
20.75	15.36
20.83	15.08
20.92	14.78
21.00	14.46
21.08	14.14
21.17	13.84
21.25	13.49
21.33	13.08
21.42	12.66
21.50	12.22
21.58	11.74
21.67	11.26
21.75	10.78
21.83	10.32
21.92	9.88
22.00	9.46
22.08	9.03
22.17	8.61
22.25	8.25
22.33	7.92
22.42	7.63
22.50	7.35
22.58	7.10
22.67	6.87
22.75	6.63
22.83	6.39
22.92	6.17
23.00	5.97
23.08	5.77
23.17	5.58
23.25	5.38
23.33	5.19
23.42	5.01
23.50	4.85
23.58	4.70
23.67	4.60
23.75	4.53
23.83	4.47
23.92	4.45
0.00	4.19
0.08	4.19
0.17	4.19
0.25	4.18
0.33	4.16
0.42	4.14
0.50	4.11
0.58	4.08
0.67	4.07
0.75	4.08
0.83	4.11
0.92	4.13
1.00	4.16
1.08	4.18
1.17	4.21
1.25	4.24
1.33	4.27
1.42	4.30
1.50	4.34
1.58	4.38
1.67	4.42
1.75	4.44
1.83	4.45
1.92	4.46
2.00	4.46
2.08	4.47
2.17	4.45
2.25	4.43
2.33	4.40
2.42	4.35
2.50	4.29
2.58	4.22
2.67	4.15
2.75	4.06
2.83	3.97
2.92	3.88
3.00	3.78
3.08	3.69
3.17	3.61
3.25	3.53
3.33	3.46
3.42	3.37
3.50	3.28
3.58	3.20
3.67	3.12
3.75	3.04
3.83	2.98
3.92	2.91
4.00	2.87
4.08	2.83
4.17	2.80
4.25	2.77
4.33	2.77
4.42	2.79
4.50	2.79
4.58	2.80
4.67	2.80
4.75	2.81
4.83	2.82
4.92	2.82
5.00	2.81
5.08	2.80
5.17	2.78
5.25	2.76
5.33	2.72
5.42	2.69
5.50	2.67
5.58	2.64
5.67	2.63
5.75	2.61
5.83	2.59
5.92	2.57
6.00	2.55
6.08	2.53
6.17	2.52
6.25	2.51
6.33	2.50
6.42	2.49
6.50	2.48
6.58	2.46
6.67	2.44
6.75	2.41
6.83	2.37
6.92	2.33
7.00	2.29
7.08	2.25
7.17	2.22
7.25	2.18
7.33	2.15
7.42	2.12
7.50	2.09
7.58	2.07
7.67	2.06
7.75	2.06
7.83	2.07
7.92	2.08
8.00	2.10
8.08	2.12
8.17	2.16
8.25	2.21
8.33	2.29
8.42	2.40
8.50	2.52
8.58	2.68
8.67	2.86
8.75	3.07
8.83	3.31
8.92	3.57
9.00	3.85
9.08	4.15
9.17	4.45
9.25	4.75
9.33	5.05
9.42	5.35
9.50	5.65
9.58	5.95
9.67	6.24
9.75	6.53
9.83	6.82
9.92	7.09
10.00	7.37
10.08	7.64
10.17	7.93
10.25	8.22
10.33	8.51
10.42	8.80
10.50	9.10
10.58	9.37
10.67	9.62
10.75	9.87
10.83	10.15
10.92	10.43
11.00	10.73
11.08	11.02
11.17	11.34
11.25	11.70
11.33	12.06
11.42	12.42
11.50	12.80
11.58	13.20
11.67	13.61
11.75	14.02
11.83	14.40
11.92	14.78
12.00	15.15
12.08	15.53
12.17	15.88
12.25	16.21
12.33	16.55
12.42	16.87
12.50	17.20
12.58	17.53
12.67	17.87
12.75	18.20
12.83	18.54
12.92	18.87
13.00	19.17
13.08	19.46
13.17	19.74
13.25	20.01
13.33	20.26
13.42	20.51
13.50	20.74
13.58	20.96
13.67	21.15
13.75	21.31
13.83	21.46
13.92	21.66
14.00	21.84
14.08	22.01
14.17	22.17
14.25	22.30
14.33	22.40
14.42	22.50
14.50	22.59
14.58	22.69
14.67	22.83
14.75	22.97
14.83	23.09
14.92	23.19
15.00	23.28
15.08	23.38
15.17	23.49
15.25	23.62
15.33	23.77
15.42	23.91
15.50	24.05
15.58	24.23
15.67	24.42
15.75	24.61
15.83	24.79
15.92	24.99
16.00	25.20
16.08	25.42
16.17	25.66
16.25	25.90
16.33	26.11
16.42	26.32
16.50	26.50
16.58	26.64
16.67	26.79
16.75	26.94
16.83	27.08
16.92	27.21
17.00	27.29
17.08	27.36
17.17	27.41
17.25	27.48
17.33	27.56
17.42	27.62
17.50	27.67
17.58	27.70
17.67	27.68
17.75	27.64
17.83	27.55
17.92	27.42
18.00	27.26
18.08	27.07
18.17	26.82
18.25	26.55
18.33	26.19
18.42	25.78
18.50	25.31
18.58	24.80
18.67	24.24
18.75	23.67
18.83	23.07
18.92	22.49
19.00	21.88
19.08	21.27
19.17	20.64
19.25	20.03
19.33	19.45
19.42	18.88
19.50	18.33
19.58	17.82
19.67	17.32
19.75	16.84
19.83	16.38
19.92	15.93
20.00	15.52
20.08	15.12
20.17	14.74
20.25	14.41
20.33	14.11
20.42	13.83
20.50	13.55
20.58	13.29
20.67	13.03
20.75	12.78
20.83	12.52
20.92	12.25
21.00	11.97
21.08	11.74
21.17	11.49
21.25	11.21
21.33	10.94
21.42	10.67
21.50	10.39
21.58	10.09
21.67	9.82
21.75	9.57
21.83	9.34
21.92	9.13
22.00	8.93
22.08	8.71
22.17	8.51
22.25	8.36
22.33	8.21
22.42	8.07
22.50	7.96
22.58	7.84
22.67	7.69
22.75	7.54
22.83	7.39
22.92	7.23
23.00	7.08
23.08	6.93
23.17	6.75
23.25	6.56
23.33	6.38
23.42	6.20
23.50	6.05
23.58	5.93
23.67	5.85
23.75	5.79
23.83	5.74
23.92	5.72
0.00	4.99
0.08	4.99
0.17	4.99
0.25	4.97
0.33	4.94
0.42	4.91
0.50	4.87
0.58	4.84
0.67	4.82
0.75	4.82
0.83	4.83
0.92	4.83
1.00	4.84
1.08	4.85
1.17	4.87
1.25	4.89
1.33	4.91
1.42	4.95
1.50	4.99
1.58	5.04
1.67	5.06
1.75	5.06
1.83	5.06
1.92	5.06
2.00	5.04
2.08	5.02
2.17	4.99
2.25	4.96
2.33	4.92
2.42	4.86
2.50	4.78
2.58	4.70
2.67	4.62
2.75	4.53
2.83	4.43
2.92	4.34
3.00	4.25
3.08	4.17
3.17	4.09
3.25	4.02
3.33	3.94
3.42	3.87
3.50	3.79
3.58	3.72
3.67	3.66
3.75	3.59
3.83	3.53
3.92	3.49
4.00	3.46
4.08	3.42
4.17	3.39
4.25	3.37
4.33	3.37
4.42	3.36
4.50	3.34
4.58	3.34
4.67	3.33
4.75	3.33
4.83	3.33
4.92	3.30
5.00	3.27
5.08	3.24
5.17	3.20
5.25	3.14
5.33	3.08
5.42	3.03
5.50	2.98
5.58	2.94
5.67	2.90
5.75	2.85
5.83	2.81
5.92	2.76
6.00	2.72
6.08	2.69
6.17	2.66
6.25	2.63
6.33	2.60
6.42	2.57
6.50	2.54
6.58	2.49
6.67	2.44
6.75	2.37
6.83	2.31
6.92	2.24
7.00	2.17
7.08	2.11
7.17	2.05
7.25	1.99
7.33	1.93
7.42	1.89
7.50	1.87
7.58	1.86
7.67	1.87
7.75	1.90
7.83	1.93
7.92	1.97
8.00	2.01
8.08	2.07
8.17	2.14
8.25	2.24
8.33	2.36
8.42	2.50
8.50	2.65
8.58	2.84
8.67	3.05
8.75	3.29
8.83	3.54
8.92	3.82
9.00	4.10
9.08	4.40
9.17	4.70
9.25	5.00
9.33	5.29
9.42	5.56
9.50	5.82
9.58	6.07
9.67	6.31
9.75	6.54
9.83	6.76
9.92	6.98
10.00	7.20
10.08	7.41
10.17	7.62
10.25	7.83
10.33	8.05
10.42	8.27
10.50	8.46
10.58	8.64
10.67	8.82
10.75	9.00
10.83	9.19
10.92	9.37
11.00	9.56
11.08	9.76
11.17	10.00
11.25	10.27
11.33	10.54
11.42	10.83
11.50	11.15
11.58	11.49
11.67	11.84
11.75	12.19
11.83	12.53
11.92	12.89
12.00	13.25
12.08	13.59
12.17	13.91
12.25	14.23
12.33	14.55
12.42	14.88
12.50	15.23
12.58	15.59
12.67	15.96
12.75	16.36
12.83	16.77
12.92	17.18
13.00	17.61
13.08	18.04
13.17	18.47
13.25	18.90
13.33	19.32
13.42	19.73
13.50	20.12
13.58	20.48
13.67	20.82
13.75	21.14
13.83	21.45
13.92	21.76
14.00	22.04
14.08	22.31
14.17	22.55
14.25	22.72
14.33	22.87
14.42	23.01
14.50	23.14
14.58	23.27
14.67	23.40
14.75	23.51
14.83	23.58
14.92	23.62
15.00	23.63
15.08	23.63
15.17	23.61
15.25	23.62
15.33	23.61
15.42	23.58
15.50	23.57
15.58	23.58
15.67	23.57
15.75	23.58
15.83	23.59
15.92	23.61
16.00	23.65
16.08	23.71
16.17	23.79
16.25	23.84
16.33	23.90
16.42	23.97
16.50	24.03
16.58	24.08
16.67	24.14
16.75	24.22
16.83	24.32
16.92	24.42
17.00	24.52
17.08	24.62
17.17	24.76
17.25	24.93
17.33	25.12
17.42	25.30
17.50	25.49
17.58	25.67
17.67	25.85
17.75	26.01
17.83	26.15
17.92	26.30
18.00	26.42
18.08	26.53
18.17	26.63
18.25	26.68
18.33	26.68
18.42	26.64
18.50	26.56
18.58	26.42
18.67	26.26
18.75	26.07
18.83	25.86
18.92	25.61
19.00	25.33
19.08	25.01
19.17	24.67
19.25	24.32
19.33	23.96
19.42	23.59
19.50	23.21
19.58	22.81
19.67	22.40
19.75	21.97
19.83	21.53
19.92	21.09
20.00	20.64
20.08	20.18
20.17	19.75
20.25	19.32
20.33	18.89
20.42	18.44
20.50	18.01
20.58	17.60
20.67	17.17
20.75	16.73
20.83	16.28
20.92	15.83
21.00	15.41
21.08	15.00
21.17	14.55
21.25	14.10
21.33	13.66
21.42	13.22
21.50	12.76
21.58	12.32
21.67	11.91
21.75	11.52
21.83	11.16
21.92	10.81
22.00	10.44
22.08	10.10
22.17	9.79
22.25	9.51
22.33	9.24
22.42	9.00
22.50	8.77
22.58	8.53
22.67	8.29
22.75	8.05
22.83	7.82
22.92	7.59
23.00	7.36
23.08	7.13
23.17	6.90
23.25	6.68
23.33	6.47
23.42	6.27
23.50	6.08
23.58	5.94
23.67	5.82
23.75	5.74
23.83	5.68
23.92	5.65
0.00	4.74
0.08	4.74
0.17	4.73
0.25	4.71
0.33	4.69
0.42	4.67
0.50	4.65
0.58	4.64
0.67	4.65
0.75	4.67
0.83	4.68
0.92	4.71
1.00	4.73
1.08	4.75
1.17	4.77
1.25	4.79
1.33	4.82
1.42	4.84
1.50	4.86
1.58	4.87
1.67	4.86
1.75	4.84
1.83	4.81
1.92	4.77
2.00	4.73
2.08	4.68
2.17	4.64
2.25	4.60
2.33	4.54
2.42	4.48
2.50	4.40
2.58	4.34
2.67	4.29
2.75	4.24
2.83	4.20
2.92	4.16
3.00	4.11
3.08	4.07
3.17	4.02
3.25	3.99
3.33	3.95
3.42	3.93
3.50	3.90
3.58	3.85
3.67	3.80
3.75	3.75
3.83	3.70
3.92	3.68
4.00	3.67
4.08	3.66
4.17	3.66
4.25	3.65
4.33	3.63
4.42	3.62
4.50	3.60
4.58	3.59
4.67	3.58
4.75	3.58
4.83	3.56
4.92	3.54
5.00	3.52
5.08	3.49
5.17	3.45
5.25	3.41
5.33	3.39
5.42	3.37
5.50	3.35
5.58	3.33
5.67	3.30
5.75	3.27
5.83	3.23
5.92	3.19
6.00	3.16
6.08	3.13
6.17	3.09
6.25	3.05
6.33	3.00
6.42	2.96
6.50	2.89
6.58	2.83
6.67	2.77
6.75	2.70
6.83	2.63
6.92	2.56
7.00	2.49
7.08	2.41
7.17	2.34
7.25	2.27
7.33	2.21
7.42	2.16
7.50	2.13
7.58	2.10
7.67	2.07
7.75	2.06
7.83	2.05
7.92	2.05
8.00	2.06
8.08	2.08
8.17	2.12
8.25	2.18
8.33	2.27
8.42	2.36
8.50	2.50
8.58	2.66
8.67	2.85
8.75	3.07
8.83	3.31
8.92	3.56
9.00	3.82
9.08	4.09
9.17	4.36
9.25	4.63
9.33	4.88
9.42	5.11
9.50	5.34
9.58	5.55
9.67	5.74
9.75	5.92
9.83	6.10
9.92	6.27
10.00	6.43
10.08	6.59
10.17	6.75
10.25	6.91
10.33	7.07
10.42	7.22
10.50	7.36
10.58	7.50
10.67	7.65
10.75	7.79
10.83	7.93
10.92	8.06
11.00	8.19
11.08	8.35
11.17	8.52
11.25	8.69
11.33	8.87
11.42	9.07
11.50	9.27
11.58	9.47
11.67	9.68
11.75	9.90
11.83	10.13
11.92	10.38
12.00	10.63
12.08	10.87
12.17	11.12
12.25	11.37
12.33	11.64
12.42	11.93
12.50	12.21
12.58	12.51
12.67	12.81
12.75	13.13
12.83	13.46
12.92	13.81
13.00	14.19
13.08	14.58
13.17	15.00
13.25	15.43
13.33	15.89
13.42	16.38
13.50	16.89
13.58	17.40
13.67	17.93
13.75	18.46
13.83	18.99
13.92	19.51
14.00	20.04
14.08	20.55
14.17	21.02
14.25	21.44
14.33	21.83
14.42	22.19
14.50	22.53
14.58	22.85
14.67	23.13
14.75	23.40
14.83	23.64
14.92	23.85
15.00	24.02
15.08	24.18
15.17	24.36
15.25	24.52
15.33	24.67
15.42	24.84
15.50	25.02
15.58	25.19
15.67	25.33
15.75	25.45
15.83	25.54
15.92	25.61
16.00	25.65
16.08	25.66
16.17	25.62
16.25	25.56
16.33	25.49
16.42	25.37
16.50	25.22
16.58	25.08
16.67	24.94
16.75	24.83
16.83	24.72
16.92	24.62
17.00	24.54
17.08	24.49
17.17	24.49
17.25	24.49
17.33	24.51
17.42	24.54
17.50	24.59
17.58	24.66
17.67	24.73
17.75	24.80
17.83	24.90
17.92	25.01
18.00	25.12
18.08	25.23
18.17	25.33
18.25	25.43
18.33	25.51
18.42	25.56
18.50	25.62
18.58	25.65
18.67	25.66
18.75	25.65
18.83	25.63
18.92	25.59
19.00	25.52
19.08	25.41
19.17	25.27
19.25	25.12
19.33	24.93
19.42	24.72
19.50	24.46
19.58	24.17
19.67	23.85
19.75	23.51
19.83	23.18
19.92	22.82
20.00	22.46
20.08	22.14
20.17	21.85
20.25	21.57
20.33	21.31
20.42	21.10
20.50	20.93
20.58	20.77
20.67	20.62
20.75	20.44
20.83	20.24
20.92	20.06
21.00	19.88
21.08	19.63
21.17	19.32
21.25	18.98
21.33	18.59
21.42	18.12
21.50	17.63
21.58	17.13
21.67	16.62
21.75	16.13
21.83	15.65
21.92	15.13
22.00	14.63
22.08	14.21
22.17	13.82
22.25	13.47
22.33	13.16
22.42	12.87
22.50	12.59
22.58	12.32
22.67	12.07
22.75	11.83
22.83	11.60
22.92	11.38
23.00	11.17
23.08	10.92
23.17	10.66
23.25	10.39
23.33	10.14
23.42	9.89
23.50	9.66
23.58	9.45
23.67	9.28
23.75	9.15
23.83	9.06
23.92	9.00
0.00	7.96
0.08	7.93
0.17	7.86
0.25	7.78
0.33	7.72
0.42	7.64
0.50	7.54
0.58	7.47
0.67	7.42
0.75	7.34
0.83	7.26
0.92	7.19
1.00	7.11
1.08	7.06
1.17	6.99
1.25	6.91
1.33	6.84
1.42	6.76
1.50	6.66
1.58	6.54
1.67	6.41
1.75	6.26
1.83	6.11
1.92	5.96
2.00	5.80
2.08	5.65
2.17	5.50
2.25	5.34
2.33	5.17
2.42	5.00
2.50	4.85
2.58	4.71
2.67	4.58
2.75	4.46
2.83	4.36
2.92	4.25
3.00	4.15
3.08	4.07
3.17	4.00
3.25	3.95
3.33	3.91
3.42	3.87
3.50	3.82
3.58	3.77
3.67	3.73
3.75	3.70
3.83	3.69
3.92	3.69
4.00	3.70
4.08	3.71
4.17	3.72
4.25	3.72
4.33	3.73
4.42	3.73
4.50	3.73
4.58	3.73
4.67	3.72
4.75	3.71
4.83	3.68
4.92	3.65
5.00	3.61
5.08	3.56
5.17	3.51
5.25	3.47
5.33	3.43
5.42	3.39
5.50	3.36
5.58	3.34
5.67	3.31
5.75	3.28
5.83	3.24
5.92	3.21
6.00	3.19
6.08	3.16
6.17	3.12
6.25	3.09
6.33	3.05
6.42	2.99
6.50	2.91
6.58	2.82
6.67	2.72
6.75	2.62
6.83	2.52
6.92	2.42
7.00	2.33
7.08	2.24
7.17	2.15
7.25	2.07
7.33	2.01
7.42	1.98
7.50	1.96
7.58	1.96
7.67	1.97
7.75	1.99
7.83	2.00
7.92	2.03
8.00	2.07
8.08	2.11
8.17	2.18
8.25	2.26
8.33	2.34
8.42	2.45
8.50	2.59
8.58	2.76
8.67	2.96
8.75	3.19
8.83	3.44
8.92	3.72
9.00	4.02
9.08	4.32
9.17	4.63
9.25	4.93
9.33	5.24
9.42	5.53
9.50	5.80
9.58	6.06
9.67	6.29
9.75	6.51
9.83	6.72
9.92	6.92
10.00	7.11
10.08	7.30
10.17	7.48
10.25	7.67
10.33	7.84
10.42	8.00
10.50	8.16
10.58	8.33
10.67	8.51
10.75	8.69
10.83	8.89
10.92	9.09
11.00	9.32
11.08	9.57
11.17	9.81
11.25	10.06
11.33	10.32
11.42	10.60
11.50	10.88
11.58	11.15
11.67	11.41
11.75	11.67
11.83	11.92
11.92	12.18
12.00	12.40
12.08	12.65
12.17	12.90
12.25	13.18
12.33	13.46
12.42	13.75
12.50	14.06
12.58	14.39
12.67	14.74
12.75	15.09
12.83	15.43
12.92	15.77
13.00	16.11
13.08	16.44
13.17	16.76
13.25	17.07
13.33	17.38
13.42	17.66
13.50	17.92
13.58	18.18
13.67	18.43
13.75	18.69
13.83	18.94
13.92	19.20
14.00	19.45
14.08	19.69
14.17	19.92
14.25	20.14
14.33	20.37
14.42	20.62
14.50	20.88
14.58	21.13
14.67	21.39
14.75	21.66
14.83	21.95
14.92	22.25
15.00	22.57
15.08	22.95
15.17	23.34
15.25	23.74
15.33	24.16
15.42	24.61
15.50	25.05
15.58	25.49
15.67	25.91
15.75	26.32
15.83	26.69
15.92	27.04
16.00	27.34
16.08	27.54
16.17	27.68
16.25	27.79
16.33	27.82
16.42	27.81
16.50	27.78
16.58	27.73
16.67	27.68
16.75	27.61
16.83	27.53
16.92	27.45
17.00	27.40
17.08	27.41
17.17	27.44
17.25	27.48
17.33	27.53
17.42	27.58
17.50	27.63
17.58	27.67
17.67	27.69
17.75	27.70
17.83	27.70
17.92	27.68
18.00	27.65
18.08	27.59
18.17	27.49
18.25	27.37
18.33	27.24
18.42	27.12
18.50	27.00
18.58	26.88
18.67	26.75
18.75	26.62
18.83	26.50
18.92	26.35
19.00	26.18
19.08	26.02
19.17	25.86
19.25	25.69
19.33	25.51
19.42	25.29
19.50	25.04
19.58	24.78
19.67	24.49
19.75	24.18
19.83	23.85
19.92	23.50
20.00	23.20
20.08	22.93
20.17	22.65
20.25	22.35
20.33	22.06
20.42	21.77
20.50	21.47
20.58	21.16
20.67	20.83
20.75	20.48
20.83	20.15
20.92	19.86
21.00	19.50
21.08	19.08
21.17	18.66
21.25	18.22
21.33	17.72
21.42	17.22
21.50	16.72
21.58	16.22
21.67	15.74
21.75	15.26
21.83	14.72
21.92	14.16
22.00	13.66
22.08	13.20
22.17	12.75
22.25	12.33
22.33	11.92
22.42	11.51
22.50	11.09
22.58	10.69
22.67	10.31
22.75	9.95
22.83	9.60
22.92	9.27
23.00	8.90
23.08	8.54
23.17	8.19
23.25	7.85
23.33	7.53
23.42	7.25
23.50	6.99
23.58	6.76
23.67	6.57
23.75	6.43
23.83	6.34
23.92	6.29
0.00	5.57
0.08	5.53
0.17	5.44
0.25	5.33
0.33	5.21
0.42	5.07
0.50	4.93
0.58	4.81
0.67	4.68
0.75	4.56
0.83	4.45
0.92	4.35
1.00	4.29
1.08	4.24
1.17	4.20
1.25	4.17
1.33	4.15
1.42	4.15
1.50	4.12
1.58	4.09
1.67	4.07
1.75	4.05
1.83	4.03
1.92	4.00
2.00	3.98
2.08	3.95
2.17	3.92
2.25	3.89
2.33	3.85
2.42	3.80
2.50	3.76
2.58	3.73
2.67	3.69
2.75	3.65
2.83	3.61
2.92	3.57
3.00	3.53
3.08	3.49
3.17	3.46
3.25	3.43
3.33	3.39
3.42	3.36
3.50	3.31
3.58	3.27
3.67	3.23
3.75	3.20
3.83	3.19
3.92	3.18
4.00	3.16
4.08	3.15
4.17	3.14
4.25	3.13
4.33	3.12
4.42	3.11
4.50	3.09
4.58	3.08
4.67	3.06
4.75	3.03
4.83	3.01
4.92	2.98
5.00	2.95
5.08	2.92
5.17	2.89
5.25	2.86
5.33	2.84
5.42	2.81
5.50	2.78
5.58	2.76
5.67	2.73
5.75	2.70
5.83	2.66
5.92	2.62
6.00	2.58
6.08	2.54
6.17	2.49
6.25	2.44
6.33	2.38
6.42	2.33
6.50	2.27
6.58	2.20
6.67	2.14
6.75	2.08
6.83	2.04
6.92	1.99
7.00	1.95
7.08	1.91
7.17	1.87
7.25	1.84
7.33	1.82
7.42	1.80
7.50	1.80
7.58	1.79
7.67	1.79
7.75	1.78
7.83	1.79
7.92	1.80
8.00	1.82
8.08	1.86
8.17	1.92
8.25	1.99
8.33	2.07
8.42	2.20
8.50	2.36
8.58	2.56
8.67	2.79
8.75	3.05
8.83	3.32
8.92	3.62
9.00	3.92
9.08	4.23
9.17	4.55
9.25	4.88
9.33	5.20
9.42	5.51
9.50	5.80
9.58	6.06
9.67	6.29
9.75	6.52
9.83	6.74
9.92	6.97
10.00	7.18
10.08	7.39
10.17	7.61
10.25	7.81
10.33	7.99
10.42	8.16
10.50	8.33
10.58	8.53
10.67	8.74
10.75	8.95
10.83	9.17
10.92	9.42
11.00	9.70
11.08	9.98
11.17	10.28
11.25	10.60
11.33	10.94
11.42	11.31
11.50	11.69
11.58	12.07
11.67	12.46
11.75	12.86
11.83	13.27
11.92	13.65
12.00	14.03
12.08	14.41
12.17	14.78
12.25	15.15
12.33	15.53
12.42	15.90
12.50	16.26
12.58	16.62
12.67	16.97
12.75	17.29
12.83	17.60
12.92	17.89
13.00	18.16
13.08	18.42
13.17	18.67
13.25	18.90
13.33	19.11
13.42	19.28
13.50	19.43
13.58	19.56
13.67	19.68
13.75	19.79
13.83	19.90
13.92	20.01
14.00	20.11
14.08	20.21
14.17	20.32
14.25	20.43
14.33	20.55
14.42	20.72
14.50	20.89
14.58	21.07
14.67	21.26
14.75	21.45
14.83	21.64
14.92	21.84
15.00	22.05
15.08	22.27
15.17	22.47
15.25	22.69
15.33	22.93
15.42	23.16
15.50	23.38
15.58	23.58
15.67	23.77
15.75	23.95
15.83	24.13
15.92	24.29
16.00	24.42
16.08	24.53
16.17	24.63
16.25	24.68
16.33	24.73
16.42	24.77
16.50	24.81
16.58	24.86
16.67	24.92
16.75	24.96
16.83	25.01
16.92	25.07
17.00	25.15
17.08	25.26
17.17	25.37
17.25	25.50
17.33	25.63
17.42	25.77
17.50	25.90
17.58	26.03
17.67	26.16
17.75	26.29
17.83	26.42
17.92	26.55
18.00	26.70
18.08	26.83
18.17	26.93
18.25	27.02
18.33	27.06
18.42	27.09
18.50	27.09
18.58	27.07
18.67	27.03
18.75	26.98
18.83	26.90
18.92	26.79
19.00	26.65
19.08	26.50
19.17	26.34
19.25	26.17
19.33	26.01
19.42	25.83
19.50	25.65
19.58	25.46
19.67	25.26
19.75	25.05
19.83	24.82
19.92	24.61
20.00	24.43
20.08	24.26
20.17	24.10
20.25	23.96
20.33	23.82
20.42	23.69
20.50	23.55
20.58	23.41
20.67	23.25
20.75	23.09
20.83	22.96
20.92	22.76
21.00	22.50
21.08	22.18
21.17	21.82
21.25	21.39
21.33	20.92
21.42	20.42
21.50	19.91
21.58	19.38
21.67	18.85
21.75	18.29
21.83	17.71
21.92	17.18
22.00	16.72
22.08	16.29
22.17	15.88
22.25	15.51
22.33	15.16
22.42	14.77
22.50	14.41
22.58	14.08
22.67	13.76
22.75	13.47
22.83	13.19
22.92	12.87
23.00	12.55
23.08	12.24
23.17	11.95
23.25	11.66
23.33	11.40
23.42	11.16
23.50	10.92
23.58	10.71
23.67	10.54
23.75	10.41
23.83	10.33
23.92	10.29
0.00	8.29
0.08	8.25
0.17	8.16
0.25	8.05
0.33	7.90
0.42	7.74
0.50	7.59
0.58	7.42
0.67	7.27
0.75	7.13
0.83	7.02
0.92	6.93
1.00	6.87
1.08	6.82
1.17	6.78
1.25	6.74
1.33	6.72
1.42	6.68
1.50	6.64
1.58	6.60
1.67	6.55
1.75	6.51
1.83	6.46
1.92	6.41
2.00	6.35
2.08	6.28
2.17	6.22
2.25	6.13
2.33	6.02
2.42	5.94
2.50	5.86
2.58	5.77
2.67	5.68
2.75	5.58
2.83	5.47
2.92	5.36
3.00	5.27
3.08	5.22
3.17	5.20
3.25	5.20
3.33	5.21
3.42	5.22
3.50	5.25
3.58	5.28
3.67	5.34
3.75	5.43
3.83	5.52
3.92	5.61
4.00	5.67
4.08	5.70
4.17	5.74
4.25	5.77
4.33	5.78
4.42	5.79
4.50	5.78
4.58	5.77
4.67	5.74
4.75	5.72
4.83	5.66
4.92	5.59
5.00	5.51
5.08	5.41
5.17	5.28
5.25	5.13
5.33	4.98
5.42	4.81
5.50	4.62
5.58	4.41
5.67	4.20
5.75	4.00
5.83	3.83
5.92	3.66
6.00	3.49
6.08	3.33
6.17	3.20
6.25	3.05
6.33	2.91
6.42	2.80
6.50	2.71
6.58	2.62
6.67	2.53
6.75	2.45
6.83	2.37
6.92	2.30
7.00	2.24
7.08	2.19
7.17	2.15
7.25	2.13
7.33	2.12
7.42	2.11
7.50	2.10
7.58	2.10
7.67	2.10
7.75	2.10
7.83	2.11
7.92	2.12
8.00	2.14
8.08	2.18
8.17	2.22
8.25	2.27
8.33	2.34
8.42	2.45
8.50	2.59
8.58	2.75
8.67	2.96
8.75	3.20
8.83	3.47
8.92	3.75
9.00	4.06
9.08	4.37
9.17	4.70
9.25	5.02
9.33	5.34
9.42	5.65
9.50	5.93
9.58	6.17
9.67	6.39
9.75	6.59
9.83	6.78
9.92	6.96
10.00	7.14
10.08	7.30
10.17	7.45
10.25	7.60
10.33	7.72
10.42	7.83
10.50	7.96
10.58	8.11
10.67	8.26
10.75	8.41
10.83	8.58
10.92	8.76
11.00	8.95
11.08	9.15
11.17	9.35
11.25	9.58
11.33	9.83
11.42	10.10
11.50	10.36
11.58	10.64
11.67	10.93
11.75	11.24
11.83	11.55
11.92	11.86
12.00	12.18
12.08	12.51
12.17	12.84
12.25	13.18
12.33	13.52
12.42	13.85
12.50	14.19
12.58	14.52
12.67	14.81
12.75	15.09
12.83	15.36
12.92	15.63
13.00	15.89
13.08	16.14
13.17	16.39
13.25	16.63
13.33	16.83
13.42	17.01
13.50	17.19
13.58	17.38
13.67	17.58
13.75	17.77
13.83	17.96
13.92	18.14
14.00	18.30
14.08	18.46
14.17	18.62
14.25	18.79
14.33	18.98
14.42	19.16
14.50	19.33
14.58	19.50
14.67	19.67
14.75	19.85
14.83	20.02
14.92	20.21
15.00	20.43
15.08	20.65
15.17	20.89
15.25	21.16
15.33	21.46
15.42	21.78
15.50	22.13
15.58	22.50
15.67	22.87
15.75	23.24
15.83	23.60
15.92	23.91
16.00	24.18
16.08	24.45
16.17	24.66
16.25	24.86
16.33	25.02
16.42	25.11
16.50	25.16
16.58	25.19
16.67	25.20
16.75	25.19
16.83	25.19
16.92	25.24
17.00	25.31
17.08	25.37
17.17	25.43
17.25	25.48
17.33	25.54
17.42	25.64
17.50	25.73
17.58	25.82
17.67	25.94
17.75	26.03
17.83	26.09
17.92	26.15
18.00	26.16
18.08	26.17
18.17	26.18
18.25	26.19
18.33	26.19
18.42	26.20
18.50	26.21
18.58	26.21
18.67	26.18
18.75	26.15
18.83	26.06
18.92	25.97
19.00	25.84
19.08	25.67
19.17	25.45
19.25	25.20
19.33	24.92
19.42	24.59
19.50	24.22
19.58	23.86
19.67	23.48
19.75	23.11
19.83	22.75
19.92	22.45
20.00	22.17
20.08	21.90
20.17	21.64
20.25	21.38
20.33	21.12
20.42	20.86
20.50	20.59
20.58	20.29
20.67	20.00
20.75	19.80
20.83	19.58
20.92	19.33
21.00	19.08
21.08	18.80
21.17	18.48
21.25	18.13
21.33	17.79
21.42	17.45
21.50	17.11
21.58	16.78
21.67	16.41
21.75	15.98
21.83	15.55
21.92	15.17
22.00	14.78
22.08	14.44
22.17	14.15
22.25	13.87
22.33	13.62
22.42	13.38
22.50	13.14
22.58	12.92
22.67	12.71
22.75	12.50
22.83	12.25
22.92	11.97
23.00	11.70
23.08	11.44
23.17	11.20
23.25	10.98
23.33	10.76
23.42	10.56
23.50	10.37
23.58	10.20
23.67	10.06
23.75	9.95
23.83	9.88
23.92	9.84
0.00	8.09
0.08	8.06
0.17	8.01
0.25	7.96
0.33	7.87
0.42	7.73
0.50	7.56
0.58	7.39
0.67	7.22
0.75	7.04
0.83	6.83
0.92	6.59
1.00	6.35
1.08	6.12
1.17	5.91
1.25	5.71
1.33	5.54
1.42	5.38
1.50	5.24
1.58	5.11
1.67	5.00
1.75	4.90
1.83	4.82
1.92	4.76
2.00	4.73
2.08	4.69
2.17	4.67
2.25	4.65
2.33	4.63
2.42	4.62
2.50	4.60
2.58	4.57
2.67	4.55
2.75	4.56
2.83	4.56
2.92	4.59
3.00	4.61
3.08	4.64
3.17	4.65
3.25	4.66
3.33	4.70
3.42	4.77
3.50	4.84
3.58	4.95
3.67	5.08
3.75	5.18
3.83	5.29
3.92	5.42
4.00	5.57
4.08	5.67
4.17	5.74
4.25	5.81
4.33	5.84
4.42	5.85
4.50	5.87
4.58	5.84
4.67	5.80
4.75	5.74
4.83	5.64
4.92	5.51
5.00	5.39
5.08	5.32
5.17	5.25
5.25	5.21
5.33	5.18
5.42	5.16
5.50	5.13
5.58	5.09
5.67	5.04
5.75	5.00
5.83	4.96
5.92	4.91
6.00	5.19
6.08	5.46
6.17	5.39
6.25	5.28
6.33	5.13
6.42	4.97
6.50	4.79
6.58	4.60
6.67	4.41
6.75	4.21
6.83	4.02
6.92	3.73
7.00	3.11
7.08	2.76
7.17	2.62
7.25	2.48
7.33	2.36
7.42	2.26
7.50	2.17
7.58	2.11
7.67	2.06
7.75	2.03
7.83	1.99
7.92	1.96
8.00	1.94
8.08	1.92
8.17	1.90
8.25	1.90
8.33	1.94
8.42	2.00
8.50	2.10
8.58	2.23
8.67	2.39
8.75	2.58
8.83	2.81
8.92	3.06
9.00	3.34
9.08	3.65
9.17	3.96
9.25	4.27
9.33	4.57
9.42	4.85
9.50	5.11
9.58	5.36
9.67	5.59
9.75	5.79
9.83	5.98
9.92	6.15
10.00	6.30
10.08	6.43
10.17	6.55
10.25	6.64
10.33	6.72
10.42	6.81
10.50	6.91
10.58	7.00
10.67	7.09
10.75	7.21
10.83	7.37
10.92	7.54
11.00	7.72
11.08	7.92
11.17	8.14
11.25	8.37
11.33	8.61
11.42	8.85
11.50	9.10
11.58	9.34
11.67	9.59
11.75	9.81
11.83	10.00
11.92	10.18
12.00	10.35
12.08	10.52
12.17	10.68
12.25	10.85
12.33	11.01
12.42	11.17
12.50	11.34
12.58	11.49
12.67	11.63
12.75	11.79
12.83	11.97
12.92	12.16
13.00	12.36
13.08	12.58
13.17	12.82
13.25	13.07
13.33	13.33
13.42	13.62
13.50	13.90
13.58	14.21
13.67	14.56
13.75	14.92
13.83	15.29
13.92	15.69
14.00	16.09
14.08	16.48
14.17	16.87
14.25	17.27
14.33	17.65
14.42	18.03
14.50	18.43
14.58	18.80
14.67	19.15
14.75	19.47
14.83	19.80
14.92	20.11
15.00	20.42
15.08	20.74
15.17	21.07
15.25	21.39
15.33	21.73
15.42	22.08
15.50	22.44
15.58	22.82
15.67	23.20
15.75	23.58
15.83	23.92
15.92	24.25
16.00	24.58
16.08	24.87
16.17	25.16
16.25	25.44
16.33	25.64
16.42	25.78
16.50	25.88
16.58	25.94
16.67	25.99
16.75	26.02
16.83	26.05
16.92	26.08
17.00	26.09
17.08	26.08
17.17	26.05
17.25	26.01
17.33	26.02
17.42	26.06
17.50	26.12
17.58	26.20
17.67	26.27
17.75	26.33
17.83	26.39
17.92	26.40
18.00	26.42
18.08	26.44
18.17	26.46
18.25	26.45
18.33	26.43
18.42	26.39
18.50	26.37
18.58	26.34
18.67	26.31
18.75	26.29
18.83	26.28
18.92	26.32
19.00	26.37
19.08	26.42
19.17	26.50
19.25	26.61
19.33	26.72
19.42	26.81
19.50	26.86
19.58	26.88
19.67	26.89
19.75	26.88
19.83	26.87
19.92	26.86
20.00	26.81
20.08	26.74
20.17	26.64
20.25	26.53
20.33	26.41
20.42	26.26
20.50	26.13
20.58	25.99
20.67	25.90
20.75	25.80
20.83	25.64
20.92	25.47
21.00	25.28
21.08	25.07
21.17	24.85
21.25	24.63
21.33	24.40
21.42	24.17
21.50	23.93
21.58	23.66
21.67	23.32
21.75	22.96
21.83	22.62
21.92	22.26
22.00	21.90
22.08	21.55
22.17	21.13
22.25	20.70
22.33	20.24
22.42	19.78
22.50	19.30
22.58	18.83
22.67	18.36
22.75	17.87
22.83	17.35
22.92	16.83
23.00	16.28
23.08	15.76
23.17	15.26
23.25	14.79
23.33	14.32
23.42	13.87
23.50	13.47
23.58	13.09
23.67	12.77
23.75	12.53
23.83	12.38
23.92	12.31
