0.00	3.11
0.08	3.10
0.17	3.09
0.25	3.06
0.33	3.03
0.42	3.00
0.50	2.96
0.58	2.92
0.67	2.87
0.75	2.83
0.83	2.78
0.92	2.74
1.00	2.70
1.08	2.66
1.17	2.63
1.25	2.59
1.33	2.56
1.42	2.52
1.50	2.49
1.58	2.45
1.67	2.42
1.75	2.38
1.83	2.35
1.92	2.31
2.00	2.28
2.08	2.25
2.17	2.23
2.25	2.21
2.33	2.20
2.42	2.19
2.50	2.19
2.58	2.20
2.67	2.20
2.75	2.21
2.83	2.23
2.92	2.24
3.00	2.26
3.08	2.28
3.17	2.31
3.25	2.33
3.33	2.35
3.42	2.37
3.50	2.38
3.58	2.40
3.67	2.41
3.75	2.42
3.83	2.45
3.92	2.49
4.00	2.52
4.08	2.55
4.17	2.57
4.25	2.59
4.33	2.60
4.42	2.62
4.50	2.63
4.58	2.64
4.67	2.66
4.75	2.67
4.83	2.68
4.92	2.67
5.00	2.65
5.08	2.64
5.17	2.64
5.25	2.64
5.33	2.64
5.42	2.64
5.50	2.64
5.58	2.64
5.67	2.64
5.75	2.63
5.83	2.62
5.92	2.61
6.00	2.61
6.08	2.62
6.17	2.63
6.25	2.64
6.33	2.65
6.42	2.66
6.50	2.68
6.58	2.72
6.67	2.76
6.75	2.80
6.83	2.84
6.92	2.87
7.00	2.89
7.08	2.89
7.17	2.90
7.25	2.90
7.33	2.90
7.42	2.89
7.50	2.88
7.58	2.86
7.67	2.82
7.75	2.77
7.83	2.73
7.92	2.70
8.00	2.68
8.08	2.66
8.17	2.65
8.25	2.63
8.33	2.62
8.42	2.62
8.50	2.62
8.58	2.62
8.67	2.65
8.75	2.67
8.83	2.71
8.92	2.76
9.00	2.82
9.08	2.90
9.17	3.00
9.25	3.12
9.33	3.25
9.42	3.39
9.50	3.54
9.58	3.71
9.67	3.88
9.75	4.05
9.83	4.24
9.92	4.42
10.00	4.58
10.08	4.72
10.17	4.84
10.25	4.96
10.33	5.06
10.42	5.15
10.50	5.23
10.58	5.30
10.67	5.34
10.75	5.37
10.83	5.39
10.92	5.42
11.00	5.45
11.08	5.49
11.17	5.51
11.25	5.51
11.33	5.52
11.42	5.52
11.50	5.54
11.58	5.57
11.67	5.62
11.75	5.66
11.83	5.71
11.92	5.76
12.00	5.80
12.08	5.86
12.17	5.93
12.25	6.01
12.33	6.09
12.42	6.16
12.50	6.24
12.58	6.31
12.67	6.38
12.75	6.45
12.83	6.52
12.92	6.59
13.00	6.66
13.08	6.72
13.17	6.79
13.25	6.85
13.33	6.91
13.42	6.95
13.50	6.98
13.58	7.00
13.67	7.01
13.75	7.03
13.83	7.04
13.92	7.07
14.00	7.11
14.08	7.14
14.17	7.18
14.25	7.22
14.33	7.26
14.42	7.32
14.50	7.39
14.58	7.46
14.67	7.54
14.75	7.61
14.83	7.68
14.92	7.73
15.00	7.78
15.08	7.81
15.17	7.85
15.25	7.88
15.33	7.93
15.42	7.94
15.50	7.92
15.58	7.90
15.67	7.87
15.75	7.85
15.83	7.84
15.92	7.83
16.00	7.81
16.08	7.80
16.17	7.78
16.25	7.78
16.33	7.77
16.42	7.79
16.50	7.82
16.58	7.86
16.67	7.90
16.75	7.95
16.83	8.01
16.92	8.07
17.00	8.14
17.08	8.21
17.17	8.27
17.25	8.33
17.33	8.40
17.42	8.47
17.50	8.54
17.58	8.58
17.67	8.59
17.75	8.59
17.83	8.57
17.92	8.54
18.00	8.51
18.08	8.47
18.17	8.42
18.25	8.36
18.33	8.30
18.42	8.24
18.50	8.17
18.58	8.12
18.67	8.06
18.75	7.99
18.83	7.91
18.92	7.85
19.00	7.78
19.08	7.66
19.17	7.55
19.25	7.42
19.33	7.28
19.42	7.12
19.50	6.97
19.58	6.86
19.67	6.75
19.75	6.62
19.83	6.49
19.92	6.33
20.00	6.19
20.08	6.07
20.17	5.94
20.25	5.82
20.33	5.70
20.42	5.60
20.50	5.46
20.58	5.31
20.67	5.16
20.75	5.03
20.83	4.91
20.92	4.80
21.00	4.73
21.08	4.69
21.17	4.67
21.25	4.65
21.33	4.63
21.42	4.63
21.50	4.63
21.58	4.63
21.67	4.63
21.75	4.63
21.83	4.64
21.92	4.63
22.00	4.59
22.08	4.53
22.17	4.47
22.25	4.39
22.33	4.30
22.42	4.21
22.50	4.12
22.58	4.04
22.67	3.99
22.75	3.93
22.83	3.87
22.92	3.81
23.00	3.76
23.08	3.69
23.17	3.61
23.25	3.55
23.33	3.50
23.42	3.44
23.50	3.39
23.58	3.31
23.67	3.24
23.75	3.18
23.83	3.13
23.92	3.10
0.00	3.18
0.08	3.17
0.17	3.15
0.25	3.12
0.33	3.07
0.42	3.02
0.50	2.95
0.58	2.89
0.67	2.82
0.75	2.76
0.83	2.70
0.92	2.65
1.00	2.60
1.08	2.55
1.17	2.50
1.25	2.46
1.33	2.42
1.42	2.38
1.50	2.35
1.58	2.32
1.67	2.29
1.75	2.26
1.83	2.24
1.92	2.21
2.00	2.19
2.08	2.17
2.17	2.16
2.25	2.15
2.33	2.15
2.42	2.16
2.50	2.16
2.58	2.16
2.67	2.17
2.75	2.18
2.83	2.19
2.92	2.21
3.00	2.23
3.08	2.25
3.17	2.27
3.25	2.28
3.33	2.30
3.42	2.30
3.50	2.31
3.58	2.32
3.67	2.33
3.75	2.35
3.83	2.37
3.92	2.39
4.00	2.41
4.08	2.42
4.17	2.43
4.25	2.45
4.33	2.46
4.42	2.48
4.50	2.49
4.58	2.50
4.67	2.51
4.75	2.52
4.83	2.52
4.92	2.52
5.00	2.52
5.08	2.53
5.17	2.53
5.25	2.54
5.33	2.55
5.42	2.56
5.50	2.58
5.58	2.60
5.67	2.60
5.75	2.61
5.83	2.62
5.92	2.62
6.00	2.64
6.08	2.66
6.17	2.68
6.25	2.69
6.33	2.70
6.42	2.71
6.50	2.73
6.58	2.75
6.67	2.78
6.75	2.80
6.83	2.82
6.92	2.82
7.00	2.82
7.08	2.81
7.17	2.81
7.25	2.80
7.33	2.80
7.42	2.79
7.50	2.77
7.58	2.75
7.67	2.72
7.75	2.69
7.83	2.67
7.92	2.65
8.00	2.65
8.08	2.64
8.17	2.64
8.25	2.64
8.33	2.63
8.42	2.63
8.50	2.64
8.58	2.66
8.67	2.68
8.75	2.71
8.83	2.74
8.92	2.79
9.00	2.85
9.08	2.92
9.17	3.01
9.25	3.12
9.33	3.24
9.42	3.38
9.50	3.53
9.58	3.69
9.67	3.85
9.75	4.02
9.83	4.20
9.92	4.36
10.00	4.51
10.08	4.65
10.17	4.79
10.25	4.91
10.33	5.02
10.42	5.13
10.50	5.22
10.58	5.29
10.67	5.35
10.75	5.40
10.83	5.45
10.92	5.52
11.00	5.59
11.08	5.64
11.17	5.68
11.25	5.72
11.33	5.75
11.42	5.78
11.50	5.82
11.58	5.88
11.67	5.95
11.75	6.01
11.83	6.06
11.92	6.09
12.00	6.12
12.08	6.18
12.17	6.24
12.25	6.31
12.33	6.39
12.42	6.46
12.50	6.55
12.58	6.62
12.67	6.70
12.75	6.78
12.83	6.88
12.92	6.99
13.00	7.10
13.08	7.20
13.17	7.30
13.25	7.40
13.33	7.49
13.42	7.56
13.50	7.62
13.58	7.69
13.67	7.74
13.75	7.79
13.83	7.83
13.92	7.87
14.00	7.90
14.08	7.92
14.17	7.93
14.25	7.92
14.33	7.91
14.42	7.90
14.50	7.89
14.58	7.87
14.67	7.85
14.75	7.84
14.83	7.82
14.92	7.80
15.00	7.77
15.08	7.76
15.17	7.75
15.25	7.76
15.33	7.77
15.42	7.75
15.50	7.74
15.58	7.73
15.67	7.74
15.75	7.76
15.83	7.78
15.92	7.80
16.00	7.84
16.08	7.88
16.17	7.92
16.25	7.98
16.33	8.05
16.42	8.13
16.50	8.21
16.58	8.30
16.67	8.39
16.75	8.50
16.83	8.60
16.92	8.71
17.00	8.81
17.08	8.92
17.17	9.01
17.25	9.10
17.33	9.21
17.42	9.33
17.50	9.41
17.58	9.48
17.67	9.51
17.75	9.54
17.83	9.55
17.92	9.56
18.00	9.56
18.08	9.54
18.17	9.51
18.25	9.46
18.33	9.39
18.42	9.30
18.50	9.22
18.58	9.12
18.67	9.00
18.75	8.86
18.83	8.72
18.92	8.59
19.00	8.41
19.08	8.21
19.17	8.01
19.25	7.82
19.33	7.61
19.42	7.41
19.50	7.26
19.58	7.11
19.67	6.97
19.75	6.83
19.83	6.65
19.92	6.48
20.00	6.37
20.08	6.23
20.17	6.10
20.25	5.97
20.33	5.85
20.42	5.70
20.50	5.52
20.58	5.34
20.67	5.18
20.75	5.01
20.83	4.86
20.92	4.73
21.00	4.61
21.08	4.51
21.17	4.41
21.25	4.32
21.33	4.24
21.42	4.16
21.50	4.10
21.58	4.04
21.67	4.00
21.75	3.97
21.83	3.94
21.92	3.89
22.00	3.85
22.08	3.81
22.17	3.77
22.25	3.72
22.33	3.68
22.42	3.64
22.50	3.60
22.58	3.60
22.67	3.58
22.75	3.55
22.83	3.53
22.92	3.52
23.00	3.50
23.08	3.47
23.17	3.46
23.25	3.45
23.33	3.44
23.42	3.43
23.50	3.40
23.58	3.36
23.67	3.33
23.75	3.31
23.83	3.29
23.92	3.28
0.00	3.02
0.08	3.01
0.17	2.99
0.25	2.97
0.33	2.94
0.42	2.89
0.50	2.85
0.58	2.81
0.67	2.77
0.75	2.73
0.83	2.68
0.92	2.63
1.00	2.58
1.08	2.53
1.17	2.49
1.25	2.44
1.33	2.40
1.42	2.35
1.50	2.30
1.58	2.24
1.67	2.19
1.75	2.14
1.83	2.10
1.92	2.08
2.00	2.06
2.08	2.04
2.17	2.02
2.25	2.02
2.33	2.04
2.42	2.05
2.50	2.06
2.58	2.09
2.67	2.11
2.75	2.14
2.83	2.17
2.92	2.20
3.00	2.22
3.08	2.25
3.17	2.27
3.25	2.28
3.33	2.28
3.42	2.29
3.50	2.30
3.58	2.30
3.67	2.31
3.75	2.34
3.83	2.36
3.92	2.38
4.00	2.38
4.08	2.39
4.17	2.41
4.25	2.42
4.33	2.43
4.42	2.45
4.50	2.46
4.58	2.48
4.67	2.48
4.75	2.47
4.83	2.46
4.92	2.46
5.00	2.47
5.08	2.49
5.17	2.49
5.25	2.50
5.33	2.52
5.42	2.52
5.50	2.53
5.58	2.54
5.67	2.54
5.75	2.55
5.83	2.55
5.92	2.55
6.00	2.56
6.08	2.57
6.17	2.58
6.25	2.58
6.33	2.58
6.42	2.58
6.50	2.61
6.58	2.63
6.67	2.66
6.75	2.68
6.83	2.69
6.92	2.67
7.00	2.66
7.08	2.64
7.17	2.63
7.25	2.62
7.33	2.61
7.42	2.59
7.50	2.55
7.58	2.50
7.67	2.45
7.75	2.41
7.83	2.38
7.92	2.37
8.00	2.35
8.08	2.34
8.17	2.33
8.25	2.31
8.33	2.31
8.42	2.31
8.50	2.32
8.58	2.34
8.67	2.37
8.75	2.40
8.83	2.43
8.92	2.48
9.00	2.54
9.08	2.62
9.17	2.72
9.25	2.83
9.33	2.96
9.42	3.11
9.50	3.27
9.58	3.44
9.67	3.62
9.75	3.81
9.83	3.98
9.92	4.14
10.00	4.28
10.08	4.41
10.17	4.53
10.25	4.63
10.33	4.72
10.42	4.80
10.50	4.86
10.58	4.89
10.67	4.92
10.75	4.95
10.83	5.00
10.92	5.04
11.00	5.08
11.08	5.11
11.17	5.13
11.25	5.15
11.33	5.18
11.42	5.21
11.50	5.26
11.58	5.31
11.67	5.37
11.75	5.42
11.83	5.45
11.92	5.49
12.00	5.55
12.08	5.60
12.17	5.66
12.25	5.72
12.33	5.78
12.42	5.85
12.50	5.91
12.58	5.97
12.67	6.04
12.75	6.12
12.83	6.21
12.92	6.31
13.00	6.41
13.08	6.52
13.17	6.63
13.25	6.74
13.33	6.84
13.42	6.93
13.50	7.02
13.58	7.10
13.67	7.18
13.75	7.25
13.83	7.33
13.92	7.41
14.00	7.48
14.08	7.55
14.17	7.61
14.25	7.66
14.33	7.72
14.42	7.77
14.50	7.83
14.58	7.88
14.67	7.95
14.75	8.01
14.83	8.06
14.92	8.11
15.00	8.17
15.08	8.23
15.17	8.30
15.25	8.38
15.33	8.44
15.42	8.50
15.50	8.57
15.58	8.64
15.67	8.73
15.75	8.81
15.83	8.90
15.92	8.99
16.00	9.07
16.08	9.15
16.17	9.23
16.25	9.31
16.33	9.39
16.42	9.47
16.50	9.55
16.58	9.63
16.67	9.73
16.75	9.82
16.83	9.90
16.92	9.98
17.00	10.06
17.08	10.11
17.17	10.15
17.25	10.21
17.33	10.26
17.42	10.27
17.50	10.25
17.58	10.18
17.67	10.08
17.75	9.97
17.83	9.84
17.92	9.70
18.00	9.56
18.08	9.42
18.17	9.28
18.25	9.14
18.33	9.00
18.42	8.89
18.50	8.78
18.58	8.69
18.67	8.60
18.75	8.54
18.83	8.51
18.92	8.45
19.00	8.40
19.08	8.37
19.17	8.33
19.25	8.28
19.33	8.25
19.42	8.25
19.50	8.25
19.58	8.26
19.67	8.25
19.75	8.20
19.83	8.14
19.92	8.10
20.00	8.04
20.08	7.96
20.17	7.87
20.25	7.78
20.33	7.64
20.42	7.46
20.50	7.27
20.58	7.06
20.67	6.84
20.75	6.61
20.83	6.40
20.92	6.21
21.00	6.01
21.08	5.82
21.17	5.64
21.25	5.46
21.33	5.29
21.42	5.15
21.50	5.01
21.58	4.90
21.67	4.80
21.75	4.72
21.83	4.61
21.92	4.50
22.00	4.40
22.08	4.32
22.17	4.22
22.25	4.13
22.33	4.04
22.42	3.96
22.50	3.90
22.58	3.85
22.67	3.80
22.75	3.76
22.83	3.72
22.92	3.68
23.00	3.62
23.08	3.57
23.17	3.54
23.25	3.52
23.33	3.50
23.42	3.47
23.50	3.45
23.58	3.42
23.67	3.38
23.75	3.35
23.83	3.32
23.92	3.30
0.00	3.27
0.08	3.26
0.17	3.24
0.25	3.21
0.33	3.16
0.42	3.11
0.50	3.06
0.58	3.00
0.67	2.93
0.75	2.87
0.83	2.83
0.92	2.79
1.00	2.75
1.08	2.71
1.17	2.67
1.25	2.64
1.33	2.61
1.42	2.58
1.50	2.55
1.58	2.52
1.67	2.50
1.75	2.47
1.83	2.44
1.92	2.41
2.00	2.38
2.08	2.34
2.17	2.32
2.25	2.30
2.33	2.29
2.42	2.28
2.50	2.27
2.58	2.27
2.67	2.27
2.75	2.27
2.83	2.29
2.92	2.31
3.00	2.33
3.08	2.35
3.17	2.37
3.25	2.39
3.33	2.41
3.42	2.43
3.50	2.45
3.58	2.48
3.67	2.52
3.75	2.56
3.83	2.58
3.92	2.62
4.00	2.65
4.08	2.68
4.17	2.72
4.25	2.75
4.33	2.77
4.42	2.80
4.50	2.82
4.58	2.83
4.67	2.83
4.75	2.83
4.83	2.82
4.92	2.82
5.00	2.83
5.08	2.83
5.17	2.83
5.25	2.83
5.33	2.82
5.42	2.82
5.50	2.82
5.58	2.81
5.67	2.81
5.75	2.81
5.83	2.82
5.92	2.83
6.00	2.85
6.08	2.86
6.17	2.88
6.25	2.90
6.33	2.92
6.42	2.97
6.50	3.00
6.58	3.04
6.67	3.08
6.75	3.09
6.83	3.08
6.92	3.07
7.00	3.05
7.08	3.02
7.17	2.99
7.25	2.96
7.33	2.92
7.42	2.86
7.50	2.77
7.58	2.69
7.67	2.61
7.75	2.55
7.83	2.50
7.92	2.45
8.00	2.41
8.08	2.38
8.17	2.36
8.25	2.36
8.33	2.36
8.42	2.38
8.50	2.41
8.58	2.46
8.67	2.51
8.75	2.56
8.83	2.63
8.92	2.71
9.00	2.81
9.08	2.92
9.17	3.04
9.25	3.17
9.33	3.31
9.42	3.47
9.50	3.65
9.58	3.84
9.67	4.05
9.75	4.24
9.83	4.43
9.92	4.61
10.00	4.77
10.08	4.93
10.17	5.07
10.25	5.21
10.33	5.33
10.42	5.44
10.50	5.54
10.58	5.62
10.67	5.69
10.75	5.79
10.83	5.89
10.92	6.00
11.00	6.11
11.08	6.23
11.17	6.36
11.25	6.50
11.33	6.66
11.42	6.85
11.50	7.06
11.58	7.28
11.67	7.52
11.75	7.74
11.83	7.98
11.92	8.23
12.00	8.50
12.08	8.78
12.17	9.06
12.25	9.33
12.33	9.61
12.42	9.89
12.50	10.15
12.58	10.40
12.67	10.66
12.75	10.91
12.83	11.13
12.92	11.32
13.00	11.47
13.08	11.58
13.17	11.62
13.25	11.59
13.33	11.52
13.42	11.41
13.50	11.28
13.58	11.14
13.67	10.97
13.75	10.82
13.83	10.67
13.92	10.54
14.00	10.44
14.08	10.38
14.17	10.34
14.25	10.35
14.33	10.39
14.42	10.44
14.50	10.50
14.58	10.57
14.67	10.64
14.75	10.71
14.83	10.78
14.92	10.85
15.00	10.93
15.08	11.02
15.17	11.13
15.25	11.24
15.33	11.36
15.42	11.48
15.50	11.62
15.58	11.79
15.67	11.96
15.75	12.14
15.83	12.32
15.92	12.51
16.00	12.71
16.08	12.90
16.17	13.08
16.25	13.24
16.33	13.40
16.42	13.56
16.50	13.71
16.58	13.90
16.67	14.11
16.75	14.33
16.83	14.56
16.92	14.79
17.00	15.03
17.08	15.30
17.17	15.60
17.25	15.93
17.33	16.26
17.42	16.60
17.50	16.90
17.58	17.14
17.67	17.35
17.75	17.51
17.83	17.63
17.92	17.68
18.00	17.67
18.08	17.60
18.17	17.47
18.25	17.28
18.33	17.03
18.42	16.73
18.50	16.39
18.58	16.03
18.67	15.66
18.75	15.30
18.83	14.90
18.92	14.51
19.00	14.14
19.08	13.78
19.17	13.40
19.25	12.99
19.33	12.64
19.42	12.32
19.50	11.99
19.58	11.68
19.67	11.34
19.75	11.00
19.83	10.70
19.92	10.40
20.00	10.09
20.08	9.78
20.17	9.53
20.25	9.27
20.33	8.99
20.42	8.71
20.50	8.52
20.58	NaN
20.67	NaN
20.75	NaN
20.83	NaN
20.92	NaN
21.00	NaN
21.08	NaN
21.17	NaN
21.25	NaN
21.33	NaN
21.42	NaN
21.50	NaN
21.58	NaN
21.67	NaN
21.75	NaN
21.83	NaN
21.92	NaN
22.00	NaN
22.08	NaN
22.17	NaN
22.25	NaN
22.33	NaN
22.42	NaN
22.50	NaN
22.58	NaN
22.67	NaN
22.75	NaN
22.83	NaN
22.92	NaN
23.00	NaN
23.08	NaN
23.17	NaN
23.25	NaN
23.33	NaN
23.42	NaN
23.50	NaN
23.58	NaN
23.67	NaN
23.75	NaN
23.83	NaN
23.92	NaN
0.00	3.15
0.08	3.14
0.17	3.12
0.25	3.10
0.33	3.07
0.42	3.03
0.50	2.99
0.58	2.95
0.67	2.90
0.75	2.86
0.83	2.83
0.92	2.79
1.00	2.76
1.08	2.72
1.17	2.68
1.25	2.64
1.33	2.60
1.42	2.56
1.50	2.52
1.58	2.49
1.67	2.46
1.75	2.43
1.83	2.40
1.92	2.37
2.00	2.34
2.08	2.32
2.17	2.31
2.25	2.31
2.33	2.29
2.42	2.29
2.50	2.28
2.58	2.27
2.67	2.27
2.75	2.28
2.83	2.30
2.92	2.33
3.00	2.36
3.08	2.38
3.17	2.40
3.25	2.42
3.33	2.44
3.42	2.46
3.50	2.49
3.58	2.52
3.67	2.56
3.75	2.57
3.83	2.57
3.92	2.56
4.00	2.56
4.08	2.55
4.17	2.54
4.25	2.54
4.33	2.53
4.42	2.52
4.50	2.52
4.58	2.50
4.67	2.48
4.75	2.48
4.83	2.49
4.92	2.52
5.00	2.56
5.08	2.60
5.17	2.64
5.25	2.68
5.33	2.71
5.42	2.73
5.50	2.75
5.58	2.76
5.67	2.76
5.75	2.77
5.83	2.76
5.92	2.74
6.00	2.71
6.08	2.69
6.17	2.66
6.25	2.63
6.33	2.63
6.42	2.62
6.50	2.62
6.58	2.62
6.67	2.62
6.75	2.61
6.83	2.59
6.92	2.57
7.00	2.54
7.08	2.52
7.17	2.51
7.25	2.49
7.33	2.47
7.42	2.42
7.50	2.37
7.58	2.33
7.67	2.28
7.75	2.26
7.83	2.23
7.92	2.20
8.00	2.18
8.08	2.16
8.17	2.13
8.25	2.10
8.33	2.08
8.42	2.08
8.50	2.09
8.58	2.10
8.67	2.11
8.75	2.13
8.83	2.16
8.92	2.21
9.00	2.28
9.08	2.38
9.17	2.50
9.25	2.64
9.33	2.81
9.42	2.99
9.50	3.19
9.58	3.41
9.67	3.65
9.75	3.89
9.83	4.13
9.92	4.38
10.00	4.62
10.08	4.85
10.17	5.08
10.25	5.31
10.33	5.52
10.42	5.71
10.50	5.90
10.58	6.09
10.67	6.27
10.75	6.46
10.83	6.65
10.92	6.83
11.00	6.99
11.08	7.15
11.17	7.31
11.25	7.47
11.33	7.64
11.42	7.82
11.50	8.01
11.58	8.19
11.67	8.37
11.75	8.54
11.83	8.73
11.92	8.94
12.00	9.16
12.08	9.39
12.17	9.64
12.25	9.89
12.33	10.16
12.42	10.43
12.50	10.71
12.58	11.02
12.67	11.35
12.75	11.71
12.83	12.09
12.92	12.49
13.00	12.91
13.08	13.34
13.17	13.77
13.25	14.21
13.33	14.67
13.42	15.15
13.50	15.64
13.58	16.13
13.67	16.62
13.75	17.11
13.83	17.59
13.92	18.07
14.00	18.51
14.08	18.94
14.17	19.34
14.25	19.71
14.33	20.02
14.42	20.27
14.50	20.46
14.58	20.59
14.67	20.64
14.75	20.64
14.83	20.58
14.92	20.46
15.00	20.31
15.08	20.14
15.17	19.92
15.25	19.67
15.33	19.40
15.42	19.17
15.50	19.04
15.58	18.93
15.67	18.82
15.75	18.71
15.83	18.59
15.92	18.45
16.00	18.31
16.08	18.13
16.17	17.91
16.25	17.67
16.33	17.43
16.42	17.09
16.50	16.75
16.58	16.43
16.67	16.10
16.75	15.79
16.83	15.49
16.92	15.20
17.00	14.93
17.08	14.72
17.17	14.57
17.25	14.43
17.33	14.30
17.42	14.17
17.50	13.98
17.58	13.82
17.67	13.66
17.75	13.52
17.83	13.38
17.92	13.26
18.00	13.14
18.08	13.03
18.17	12.92
18.25	12.80
18.33	12.67
18.42	12.52
18.50	12.35
18.58	12.15
18.67	11.96
18.75	11.73
18.83	11.46
18.92	11.19
19.00	10.92
19.08	10.63
19.17	10.33
19.25	10.07
19.33	9.83
19.42	9.61
19.50	9.41
19.58	9.20
19.67	9.00
19.75	8.85
19.83	8.71
19.92	8.56
20.00	8.42
20.08	8.30
20.17	8.17
20.25	8.01
20.33	7.84
20.42	7.68
20.50	7.51
20.58	7.34
20.67	7.17
20.75	7.02
20.83	6.87
20.92	6.71
21.00	6.55
21.08	6.40
21.17	6.25
21.25	6.11
21.33	5.97
21.42	5.84
21.50	5.72
21.58	5.61
21.67	5.49
21.75	5.37
21.83	5.26
21.92	5.16
22.00	5.05
22.08	4.93
22.17	4.81
22.25	4.70
22.33	4.61
22.42	4.53
22.50	4.45
22.58	4.37
22.67	4.30
22.75	4.23
22.83	4.14
22.92	4.06
23.00	4.00
23.08	3.94
23.17	3.89
23.25	3.84
23.33	3.77
23.42	3.71
23.50	3.65
23.58	3.59
23.67	3.55
23.75	3.51
23.83	3.50
23.92	3.49
0.00	2.88
0.08	2.88
0.17	2.87
0.25	2.85
0.33	2.83
0.42	2.80
0.50	2.76
0.58	2.71
0.67	2.67
0.75	2.62
0.83	2.57
0.92	2.51
1.00	2.46
1.08	2.41
1.17	2.36
1.25	2.31
1.33	2.26
1.42	2.21
1.50	2.17
1.58	2.13
1.67	2.10
1.75	2.08
1.83	2.05
1.92	2.03
2.00	2.01
2.08	1.99
2.17	1.98
2.25	1.97
2.33	1.97
2.42	1.96
2.50	1.96
2.58	1.97
2.67	1.99
2.75	2.03
2.83	2.07
2.92	2.11
3.00	2.15
3.08	2.19
3.17	2.24
3.25	2.28
3.33	2.33
3.42	2.37
3.50	2.43
3.58	2.49
3.67	2.54
3.75	2.59
3.83	2.65
3.92	2.70
4.00	2.75
4.08	2.80
4.17	2.85
4.25	2.90
4.33	2.95
4.42	3.00
4.50	3.03
4.58	3.04
4.67	3.05
4.75	3.05
4.83	3.06
4.92	3.05
5.00	3.04
5.08	3.03
5.17	3.00
5.25	2.97
5.33	2.93
5.42	2.88
5.50	2.83
5.58	2.78
5.67	2.72
5.75	2.67
5.83	2.62
5.92	2.58
6.00	2.53
6.08	2.50
6.17	2.47
6.25	2.47
6.33	2.47
6.42	2.48
6.50	2.49
6.58	2.51
6.67	2.51
6.75	2.50
6.83	2.49
6.92	2.49
7.00	2.48
7.08	2.47
7.17	2.46
7.25	2.44
7.33	2.40
7.42	2.36
7.50	2.32
7.58	2.29
7.67	2.26
7.75	2.24
7.83	2.22
7.92	2.21
8.00	2.20
8.08	2.21
8.17	2.21
8.25	2.22
8.33	2.25
8.42	2.28
8.50	2.31
8.58	2.35
8.67	2.39
8.75	2.45
8.83	2.51
8.92	2.58
9.00	2.67
9.08	2.76
9.17	2.88
9.25	3.02
9.33	3.18
9.42	3.35
9.50	3.55
9.58	3.74
9.67	3.94
9.75	4.12
9.83	4.31
9.92	4.48
10.00	4.65
10.08	4.80
10.17	4.94
10.25	5.06
10.33	5.16
10.42	5.23
10.50	5.30
10.58	5.38
10.67	5.47
10.75	5.56
10.83	5.64
10.92	5.71
11.00	5.77
11.08	5.84
11.17	5.92
11.25	6.01
11.33	6.12
11.42	6.23
11.50	6.35
11.58	6.45
11.67	6.55
11.75	6.67
11.83	6.82
11.92	6.98
12.00	7.16
12.08	7.35
12.17	7.55
12.25	7.77
12.33	8.00
12.42	8.24
12.50	8.51
12.58	8.80
12.67	9.11
12.75	9.42
12.83	9.75
12.92	10.08
13.00	10.42
13.08	10.75
13.17	11.08
13.25	11.42
13.33	11.75
13.42	12.08
13.50	12.40
13.58	12.72
13.67	13.04
13.75	13.35
13.83	13.65
13.92	13.94
14.00	14.20
14.08	14.44
14.17	14.66
14.25	14.84
14.33	14.98
14.42	15.09
14.50	15.17
14.58	15.17
14.67	15.12
14.75	15.02
14.83	14.85
14.92	14.64
15.00	14.40
15.08	14.08
15.17	13.69
15.25	13.28
15.33	12.86
15.42	12.45
15.50	12.04
15.58	11.66
15.67	11.30
15.75	10.97
15.83	10.68
15.92	10.42
16.00	10.21
16.08	10.04
16.17	9.92
16.25	9.83
16.33	9.77
16.42	9.75
16.50	9.77
16.58	9.82
16.67	9.89
16.75	10.00
16.83	10.13
16.92	10.28
17.00	10.49
17.08	10.74
17.17	11.01
17.25	11.27
17.33	11.53
17.42	11.77
17.50	11.98
17.58	12.17
17.67	12.33
17.75	12.45
17.83	12.51
17.92	12.51
18.00	12.44
18.08	12.32
18.17	12.13
18.25	11.91
18.33	11.64
18.42	11.33
18.50	11.00
18.58	10.68
18.67	10.34
18.75	9.98
18.83	9.63
18.92	9.31
19.00	9.01
19.08	8.74
19.17	8.52
19.25	8.34
19.33	8.17
19.42	8.02
19.50	7.88
19.58	7.72
19.67	7.61
19.75	7.51
19.83	7.40
19.92	7.30
20.00	7.19
20.08	7.07
20.17	6.91
20.25	6.73
20.33	6.54
20.42	6.35
20.50	6.16
20.58	5.96
20.67	5.78
20.75	5.62
20.83	5.46
20.92	5.30
21.00	5.15
21.08	5.02
21.17	4.91
21.25	4.82
21.33	4.74
21.42	4.67
21.50	4.63
21.58	4.58
21.67	4.50
21.75	4.43
21.83	4.36
21.92	4.29
22.00	4.22
22.08	4.13
22.17	4.04
22.25	3.97
22.33	3.91
22.42	3.84
22.50	3.78
22.58	3.72
22.67	3.66
22.75	3.60
22.83	3.54
22.92	3.50
23.00	3.46
23.08	3.43
23.17	3.40
23.25	3.35
23.33	3.31
23.42	3.27
23.50	3.23
23.58	3.20
23.67	3.17
23.75	3.17
23.83	3.16
23.92	3.15
0.00	3.16
0.08	3.15
0.17	3.14
0.25	3.12
0.33	3.09
0.42	3.05
0.50	3.00
0.58	2.96
0.67	2.91
0.75	2.86
0.83	2.81
0.92	2.76
1.00	2.70
1.08	2.65
1.17	2.59
1.25	2.53
1.33	2.48
1.42	2.43
1.50	2.38
1.58	2.33
1.67	2.30
1.75	2.26
1.83	2.23
1.92	2.21
2.00	2.19
2.08	2.18
2.17	2.17
2.25	2.15
2.33	2.14
2.42	2.13
2.50	2.12
2.58	2.12
2.67	2.12
2.75	2.12
2.83	2.13
2.92	2.13
3.00	2.13
3.08	2.14
3.17	2.14
3.25	2.14
3.33	2.15
3.42	2.16
3.50	2.19
3.58	2.20
3.67	2.21
3.75	2.22
3.83	2.22
3.92	2.23
4.00	2.24
4.08	2.24
4.17	2.25
4.25	2.25
4.33	2.26
4.42	2.26
4.50	2.25
4.58	2.24
4.67	2.24
4.75	2.24
4.83	2.25
4.92	2.26
5.00	2.27
5.08	2.29
5.17	2.30
5.25	2.32
5.33	2.33
5.42	2.34
5.50	2.36
5.58	2.37
5.67	2.39
5.75	2.42
5.83	2.45
5.92	2.47
6.00	2.50
6.08	2.53
6.17	2.57
6.25	2.62
6.33	2.66
6.42	2.71
6.50	2.75
6.58	2.78
6.67	2.79
6.75	2.79
6.83	2.78
6.92	2.77
7.00	2.77
7.08	2.76
7.17	2.73
7.25	2.69
7.33	2.65
7.42	2.60
7.50	2.56
7.58	2.53
7.67	2.51
7.75	2.49
7.83	2.48
7.92	2.48
8.00	2.48
8.08	2.49
8.17	2.50
8.25	2.53
8.33	2.56
8.42	2.59
8.50	2.62
8.58	2.66
8.67	2.69
8.75	2.73
8.83	2.78
8.92	2.84
9.00	2.91
9.08	2.99
9.17	3.10
9.25	3.23
9.33	3.38
9.42	3.55
9.50	3.74
9.58	3.94
9.67	4.15
9.75	4.36
9.83	4.57
9.92	4.77
10.00	4.97
10.08	5.16
10.17	5.33
10.25	5.46
10.33	5.58
10.42	5.68
10.50	5.79
10.58	5.90
10.67	6.00
10.75	6.09
10.83	6.17
10.92	6.25
11.00	6.33
11.08	6.41
11.17	6.50
11.25	6.60
11.33	6.71
11.42	6.81
11.50	6.90
11.58	6.97
11.67	7.04
11.75	7.14
11.83	7.25
11.92	7.35
12.00	7.46
12.08	7.57
12.17	7.69
12.25	7.81
12.33	7.94
12.42	8.08
12.50	8.24
12.58	8.41
12.67	8.59
12.75	8.78
12.83	8.98
12.92	9.18
13.00	9.36
13.08	9.53
13.17	9.70
13.25	9.88
13.33	10.07
13.42	10.25
13.50	10.42
13.58	10.59
13.67	10.75
13.75	10.92
13.83	11.07
13.92	11.19
14.00	11.31
14.08	11.42
14.17	11.50
14.25	11.56
14.33	11.60
14.42	11.64
14.50	11.63
14.58	11.60
14.67	11.54
14.75	11.46
14.83	11.36
14.92	11.28
15.00	11.19
15.08	11.05
15.17	10.90
15.25	10.76
15.33	10.63
15.42	10.52
15.50	10.41
15.58	10.32
15.67	10.22
15.75	10.14
15.83	10.07
15.92	9.99
16.00	9.90
16.08	9.82
16.17	9.74
16.25	9.64
16.33	9.54
16.42	9.48
16.50	9.41
16.58	9.33
16.67	9.23
16.75	9.13
16.83	9.03
16.92	8.95
17.00	8.91
17.08	8.88
17.17	8.86
17.25	8.83
17.33	8.76
17.42	8.70
17.50	8.64
17.58	8.61
17.67	8.59
17.75	8.59
17.83	8.59
17.92	8.59
18.00	8.59
18.08	8.58
18.17	8.59
18.25	8.59
18.33	8.58
18.42	8.55
18.50	8.54
18.58	8.51
18.67	8.42
18.75	8.32
18.83	8.22
18.92	8.10
19.00	7.97
19.08	7.86
19.17	7.77
19.25	7.68
19.33	7.59
19.42	7.48
19.50	7.34
19.58	7.22
19.67	7.11
19.75	6.99
19.83	6.85
19.92	6.71
20.00	6.55
20.08	6.36
20.17	6.14
20.25	5.91
20.33	5.67
20.42	5.44
20.50	5.21
20.58	5.01
20.67	4.85
20.75	4.69
20.83	4.54
20.92	4.40
21.00	4.28
21.08	4.17
21.17	4.08
21.25	4.00
21.33	3.93
21.42	3.88
21.50	3.83
21.58	3.76
21.67	3.68
21.75	3.61
21.83	3.54
21.92	3.46
22.00	3.38
22.08	3.30
22.17	3.24
22.25	3.21
22.33	3.16
22.42	3.12
22.50	3.08
22.58	3.03
22.67	2.97
22.75	2.89
22.83	2.82
22.92	2.76
23.00	2.69
23.08	2.62
23.17	2.53
23.25	2.43
23.33	2.34
23.42	2.24
23.50	2.15
23.58	2.07
23.67	2.03
23.75	2.00
23.83	1.98
23.92	1.97
0.00	2.98
0.08	2.97
0.17	2.96
0.25	2.95
0.33	2.92
0.42	2.89
0.50	2.85
0.58	2.80
0.67	2.76
0.75	2.72
0.83	2.68
0.92	2.64
1.00	2.60
1.08	2.56
1.17	2.52
1.25	2.47
1.33	2.43
1.42	2.39
1.50	2.36
1.58	2.34
1.67	2.31
1.75	2.29
1.83	2.28
1.92	2.27
2.00	2.26
2.08	2.27
2.17	2.27
2.25	2.29
2.33	2.30
2.42	2.31
2.50	2.33
2.58	2.36
2.67	2.40
2.75	2.44
2.83	2.47
2.92	2.50
3.00	2.52
3.08	2.54
3.17	2.55
3.25	2.56
3.33	2.59
3.42	2.62
3.50	2.64
3.58	2.65
3.67	2.68
3.75	2.71
3.83	2.74
3.92	2.76
4.00	2.79
4.08	2.81
4.17	2.84
4.25	2.87
4.33	2.90
4.42	2.92
4.50	2.94
4.58	2.94
4.67	2.96
4.75	2.97
4.83	2.98
4.92	3.00
5.00	3.02
5.08	3.03
5.17	3.04
5.25	3.04
5.33	3.04
5.42	3.03
5.50	3.02
5.58	3.03
5.67	3.03
5.75	3.05
5.83	3.06
5.92	3.07
6.00	3.09
6.08	3.13
6.17	3.19
6.25	3.25
6.33	3.30
6.42	3.35
6.50	3.39
6.58	3.40
6.67	3.40
6.75	3.40
6.83	3.40
6.92	3.39
7.00	3.38
7.08	3.34
7.17	3.29
7.25	3.22
7.33	3.15
7.42	3.09
7.50	3.05
7.58	3.01
7.67	2.98
7.75	2.94
7.83	2.92
7.92	2.92
8.00	2.92
8.08	2.93
8.17	2.96
8.25	2.99
8.33	3.03
8.42	3.07
8.50	3.10
8.58	3.14
8.67	3.18
8.75	3.23
8.83	3.28
8.92	3.33
9.00	3.39
9.08	3.47
9.17	3.56
9.25	3.67
9.33	3.81
9.42	3.96
9.50	4.10
9.58	4.25
9.67	4.41
9.75	4.56
9.83	4.72
9.92	4.87
10.00	5.02
10.08	5.15
10.17	5.25
10.25	5.33
10.33	5.40
10.42	5.46
10.50	5.53
10.58	5.61
10.67	5.67
10.75	5.71
10.83	5.75
10.92	5.78
11.00	5.82
11.08	5.86
11.17	5.92
11.25	5.98
11.33	6.05
11.42	6.11
11.50	6.15
11.58	6.20
11.67	6.26
11.75	6.34
11.83	6.42
11.92	6.50
12.00	6.60
12.08	6.70
12.17	6.81
12.25	6.92
12.33	7.03
12.42	7.17
12.50	7.32
12.58	7.47
12.67	7.62
12.75	7.78
12.83	7.93
12.92	8.08
13.00	8.20
13.08	8.32
13.17	8.44
13.25	8.56
13.33	8.67
13.42	8.78
13.50	8.89
13.58	9.00
13.67	9.10
13.75	9.20
13.83	9.29
13.92	9.37
14.00	9.45
14.08	9.53
14.17	9.59
14.25	9.65
14.33	9.71
14.42	9.76
14.50	9.80
14.58	9.83
14.67	9.86
14.75	9.90
14.83	9.96
14.92	10.03
15.00	10.06
15.08	10.09
15.17	10.13
15.25	10.18
15.33	10.25
15.42	10.33
15.50	10.41
15.58	10.50
15.67	10.60
15.75	10.71
15.83	10.81
15.92	10.90
16.00	10.99
16.08	11.07
16.17	11.14
16.25	11.20
16.33	11.27
16.42	11.33
16.50	11.36
16.58	11.38
16.67	11.38
16.75	11.36
16.83	11.33
16.92	11.32
17.00	11.31
17.08	11.27
17.17	11.19
17.25	11.07
17.33	10.91
17.42	10.74
17.50	10.55
17.58	10.34
17.67	10.12
17.75	9.87
17.83	9.61
17.92	9.35
18.00	9.10
18.08	8.86
18.17	8.64
18.25	8.43
18.33	8.24
18.42	8.07
18.50	7.94
18.58	7.78
18.67	7.63
18.75	7.51
18.83	7.39
18.92	7.28
19.00	7.20
19.08	7.15
19.17	7.11
19.25	7.06
19.33	7.02
19.42	6.95
19.50	6.88
19.58	6.85
19.67	6.80
19.75	6.74
19.83	6.68
19.92	6.60
20.00	6.51
20.08	6.37
20.17	6.24
20.25	6.10
20.33	5.95
20.42	5.80
20.50	5.67
20.58	5.55
20.67	5.44
20.75	5.33
20.83	5.22
20.92	5.11
21.00	5.00
21.08	4.91
21.17	4.82
21.25	4.74
21.33	4.68
21.42	4.62
21.50	4.53
21.58	4.45
21.67	4.37
21.75	4.30
21.83	4.22
21.92	4.14
22.00	4.06
22.08	3.99
22.17	3.96
22.25	3.92
22.33	3.88
22.42	3.84
22.50	3.79
22.58	3.74
22.67	3.69
22.75	3.63
22.83	3.59
22.92	3.55
23.00	3.51
23.08	3.45
23.17	3.38
23.25	3.32
23.33	3.25
23.42	3.18
23.50	3.12
23.58	3.08
23.67	3.05
23.75	3.04
23.83	3.03
23.92	3.03
0.00	2.89
0.08	2.88
0.17	2.87
0.25	2.85
0.33	2.82
0.42	2.78
0.50	2.73
0.58	2.68
0.67	2.64
0.75	2.60
0.83	2.56
0.92	2.52
1.00	2.48
1.08	2.44
1.17	2.40
1.25	2.37
1.33	2.33
1.42	2.30
1.50	2.28
1.58	2.26
1.67	2.24
1.75	2.23
1.83	2.22
1.92	2.21
2.00	2.21
2.08	2.21
2.17	2.21
2.25	2.22
2.33	2.22
2.42	2.24
2.50	2.25
2.58	2.27
2.67	2.29
2.75	2.30
2.83	2.32
2.92	2.33
3.00	2.34
3.08	2.35
3.17	2.37
3.25	2.38
3.33	2.41
3.42	2.43
3.50	2.46
3.58	2.48
3.67	2.50
3.75	2.52
3.83	2.54
3.92	2.56
4.00	2.58
4.08	2.60
4.17	2.62
4.25	2.64
4.33	2.64
4.42	2.64
4.50	2.64
4.58	2.65
4.67	2.65
4.75	2.66
4.83	2.67
4.92	2.67
5.00	2.68
5.08	2.69
5.17	2.68
5.25	2.67
5.33	2.66
5.42	2.65
5.50	2.65
5.58	2.65
5.67	2.66
5.75	2.66
5.83	2.67
5.92	2.68
6.00	2.69
6.08	2.72
6.17	2.76
6.25	2.80
6.33	2.83
6.42	2.86
6.50	2.87
6.58	2.87
6.67	2.87
6.75	2.87
6.83	2.87
6.92	2.87
7.00	2.85
7.08	2.83
7.17	2.80
7.25	2.76
7.33	2.73
7.42	2.71
7.50	2.70
7.58	2.68
7.67	2.67
7.75	2.66
7.83	2.65
7.92	2.65
8.00	2.65
8.08	2.66
8.17	2.68
8.25	2.69
8.33	2.71
8.42	2.73
8.50	2.76
8.58	2.78
8.67	2.82
8.75	2.85
8.83	2.90
8.92	2.95
9.00	3.03
9.08	3.13
9.17	3.25
9.25	3.39
9.33	3.56
9.42	3.73
9.50	3.91
9.58	4.10
9.67	4.30
9.75	4.50
9.83	4.69
9.92	4.88
10.00	5.05
10.08	5.19
10.17	5.30
10.25	5.39
10.33	5.48
10.42	5.55
10.50	5.62
10.58	5.67
10.67	5.69
10.75	5.70
10.83	5.70
10.92	5.69
11.00	5.69
11.08	5.70
11.17	5.71
11.25	5.72
11.33	5.73
11.42	5.71
11.50	5.68
11.58	5.67
11.67	5.68
11.75	5.68
11.83	5.68
11.92	5.69
12.00	5.69
12.08	5.70
12.17	5.72
12.25	5.74
12.33	5.78
12.42	5.83
12.50	5.90
12.58	5.99
12.67	6.08
12.75	6.19
12.83	6.29
12.92	6.37
13.00	6.46
13.08	6.55
13.17	6.65
13.25	6.75
13.33	6.85
13.42	6.97
13.50	7.10
13.58	7.21
13.67	7.33
13.75	7.44
13.83	7.55
13.92	7.68
14.00	7.80
14.08	7.90
14.17	7.98
14.25	8.06
14.33	8.11
14.42	8.14
14.50	8.14
14.58	8.12
14.67	8.08
14.75	8.04
14.83	7.99
14.92	7.89
15.00	7.77
15.08	7.66
15.17	7.57
15.25	7.48
15.33	7.40
15.42	7.34
15.50	7.29
15.58	7.27
15.67	7.26
15.75	7.27
15.83	7.28
15.92	7.33
16.00	7.39
16.08	7.46
16.17	7.53
16.25	7.62
16.33	7.72
16.42	7.83
16.50	7.94
16.58	8.05
16.67	8.15
16.75	8.27
16.83	8.40
16.92	8.54
17.00	8.66
17.08	8.75
17.17	8.81
17.25	8.86
17.33	8.91
17.42	8.94
17.50	8.98
17.58	9.01
17.67	9.04
17.75	9.06
17.83	9.08
17.92	9.11
18.00	9.15
18.08	9.20
18.17	9.24
18.25	9.28
18.33	9.32
18.42	9.37
18.50	9.37
18.58	9.35
18.67	9.32
18.75	9.27
18.83	9.20
18.92	9.12
19.00	9.07
19.08	9.04
19.17	9.00
19.25	8.95
19.33	8.88
19.42	8.80
19.50	8.75
19.58	8.70
19.67	8.65
19.75	8.59
19.83	8.55
19.92	8.48
20.00	8.37
20.08	8.25
20.17	8.12
20.25	8.00
20.33	7.86
20.42	7.73
20.50	7.62
20.58	7.51
20.67	7.38
20.75	7.25
20.83	7.11
20.92	6.97
21.00	6.81
21.08	6.66
21.17	6.50
21.25	6.37
21.33	6.22
21.42	6.05
21.50	5.86
21.58	5.68
21.67	5.50
21.75	5.31
21.83	5.13
21.92	4.95
22.00	4.79
22.08	4.68
22.17	4.56
22.25	4.44
22.33	4.33
22.42	4.24
22.50	4.14
22.58	4.05
22.67	3.97
22.75	3.89
22.83	3.83
22.92	3.77
23.00	3.69
23.08	3.61
23.17	3.52
23.25	3.44
23.33	3.36
23.42	3.29
23.50	3.22
23.58	3.17
23.67	3.14
23.75	3.12
23.83	3.11
23.92	3.11
0.00	3.25
0.08	3.24
0.17	3.22
0.25	3.19
0.33	3.14
0.42	3.08
0.50	3.02
0.58	2.96
0.67	2.89
0.75	2.83
0.83	2.77
0.92	2.71
1.00	2.66
1.08	2.60
1.17	2.55
1.25	2.51
1.33	2.46
1.42	2.42
1.50	2.39
1.58	2.36
1.67	2.33
1.75	2.31
1.83	2.30
1.92	2.29
2.00	2.28
2.08	2.27
2.17	2.27
2.25	2.26
2.33	2.27
2.42	2.28
2.50	2.29
2.58	2.31
2.67	2.32
2.75	2.34
2.83	2.34
2.92	2.35
3.00	2.36
3.08	2.37
3.17	2.37
3.25	2.39
3.33	2.41
3.42	2.41
3.50	2.42
3.58	2.44
3.67	2.45
3.75	2.47
3.83	2.48
3.92	2.50
4.00	2.51
4.08	2.53
4.17	2.55
4.25	2.56
4.33	2.57
4.42	2.57
4.50	2.57
4.58	2.58
4.67	2.59
4.75	2.60
4.83	2.61
4.92	2.62
5.00	2.63
5.08	2.63
5.17	2.63
5.25	2.63
5.33	2.63
5.42	2.63
5.50	2.65
5.58	2.67
5.67	2.69
5.75	2.71
5.83	2.73
5.92	2.75
6.00	2.79
6.08	2.84
6.17	2.88
6.25	2.92
6.33	2.94
6.42	2.95
6.50	2.94
6.58	2.93
6.67	2.93
6.75	2.92
6.83	2.92
6.92	2.91
7.00	2.89
7.08	2.85
7.17	2.82
7.25	2.79
7.33	2.77
7.42	2.76
7.50	2.75
7.58	2.73
7.67	2.72
7.75	2.71
7.83	2.71
7.92	2.71
8.00	2.71
8.08	2.74
8.17	2.76
8.25	2.77
8.33	2.79
8.42	2.81
8.50	2.83
8.58	2.85
8.67	2.87
8.75	2.91
8.83	2.95
8.92	3.01
9.00	3.09
9.08	3.19
9.17	3.32
9.25	3.46
9.33	3.63
9.42	3.81
9.50	3.99
9.58	4.19
9.67	4.38
9.75	4.56
9.83	4.74
9.92	4.91
10.00	5.05
10.08	5.15
10.17	5.23
10.25	5.31
10.33	5.38
10.42	5.45
10.50	5.51
10.58	5.54
10.67	5.57
10.75	5.60
10.83	5.63
10.92	5.65
11.00	5.70
11.08	5.76
11.17	5.82
11.25	5.88
11.33	5.91
11.42	5.94
11.50	5.99
11.58	6.05
11.67	6.12
11.75	6.19
11.83	6.27
11.92	6.34
12.00	6.42
12.08	6.50
12.17	6.59
12.25	6.69
12.33	6.80
12.42	6.93
12.50	7.06
12.58	7.21
12.67	7.36
12.75	7.53
12.83	7.68
12.92	7.85
13.00	8.02
13.08	8.21
13.17	8.40
13.25	8.60
13.33	8.82
13.42	9.04
13.50	9.26
13.58	9.47
13.67	9.67
13.75	9.88
13.83	10.10
13.92	10.31
14.00	10.52
14.08	10.71
14.17	10.91
14.25	11.10
14.33	11.27
14.42	11.41
14.50	11.55
14.58	11.67
14.67	11.79
14.75	11.89
14.83	11.94
14.92	11.96
15.00	11.97
15.08	11.97
15.17	11.96
15.25	11.94
15.33	11.91
15.42	11.88
15.50	11.84
15.58	11.81
15.67	11.77
15.75	11.71
15.83	11.66
15.92	11.61
16.00	11.56
16.08	11.53
16.17	11.53
16.25	11.56
16.33	11.60
16.42	11.65
16.50	11.73
16.58	11.82
16.67	11.93
16.75	12.10
16.83	12.29
16.92	12.49
17.00	12.67
17.08	12.83
17.17	12.95
17.25	13.06
17.33	13.14
17.42	13.20
17.50	13.22
17.58	13.22
17.67	13.18
17.75	13.11
17.83	13.01
17.92	12.89
18.00	12.76
18.08	12.61
18.17	12.44
18.25	12.25
18.33	12.09
18.42	11.89
18.50	11.67
18.58	11.46
18.67	11.24
18.75	11.02
18.83	10.79
18.92	10.59
19.00	10.41
19.08	10.23
19.17	10.04
19.25	9.83
19.33	9.61
19.42	9.42
19.50	9.23
19.58	9.03
19.67	8.84
19.75	8.66
19.83	8.47
19.92	8.24
20.00	8.01
20.08	7.78
20.17	7.56
20.25	7.35
20.33	7.15
20.42	6.98
20.50	6.82
20.58	6.66
20.67	6.51
20.75	6.36
20.83	6.21
20.92	6.07
21.00	5.93
21.08	5.80
21.17	5.70
21.25	5.62
21.33	5.52
21.42	5.42
21.50	5.32
21.58	5.23
21.67	5.14
21.75	5.05
21.83	4.96
21.92	4.89
22.00	4.84
22.08	4.80
22.17	4.74
22.25	4.68
22.33	4.62
22.42	4.56
22.50	4.49
22.58	4.41
22.67	4.36
22.75	4.31
22.83	4.26
22.92	4.20
23.00	4.13
23.08	4.06
23.17	3.99
23.25	3.92
23.33	3.86
23.42	3.79
23.50	3.74
23.58	3.70
23.67	3.67
23.75	3.65
23.83	3.64
23.92	3.64
0.00	3.04
0.08	3.03
0.17	3.00
0.25	2.96
0.33	2.90
0.42	2.84
0.50	2.76
0.58	2.68
0.67	2.60
0.75	2.53
0.83	2.46
0.92	2.40
1.00	2.35
1.08	2.31
1.17	2.28
1.25	2.25
1.33	2.23
1.42	2.22
1.50	2.22
1.58	2.22
1.67	2.23
1.75	2.26
1.83	2.28
1.92	2.30
2.00	2.31
2.08	2.33
2.17	2.35
2.25	2.38
2.33	2.39
2.42	2.41
2.50	2.42
2.58	2.43
2.67	2.44
2.75	2.43
2.83	2.43
2.92	2.42
3.00	2.42
3.08	2.41
3.17	2.41
3.25	2.42
3.33	2.41
3.42	2.41
3.50	2.41
3.58	2.41
3.67	2.41
3.75	2.42
3.83	2.43
3.92	2.44
4.00	2.45
4.08	2.45
4.17	2.46
4.25	2.46
4.33	2.46
4.42	2.47
4.50	2.48
4.58	2.49
4.67	2.49
4.75	2.49
4.83	2.50
4.92	2.50
5.00	2.50
5.08	2.49
5.17	2.48
5.25	2.46
5.33	2.44
5.42	2.44
5.50	2.43
5.58	2.43
5.67	2.43
5.75	2.42
5.83	2.42
5.92	2.43
6.00	2.45
6.08	2.48
6.17	2.51
6.25	2.53
6.33	2.54
6.42	2.54
6.50	2.54
6.58	2.53
6.67	2.53
6.75	2.53
6.83	2.53
6.92	2.51
7.00	2.48
7.08	2.44
7.17	2.41
7.25	2.38
7.33	2.36
7.42	2.34
7.50	2.32
7.58	2.30
7.67	2.28
7.75	2.26
7.83	2.25
7.92	2.25
8.00	2.26
8.08	2.27
8.17	2.28
8.25	2.29
8.33	2.30
8.42	2.30
8.50	2.31
8.58	2.33
8.67	2.34
8.75	2.37
8.83	2.40
8.92	2.46
9.00	2.53
9.08	2.62
9.17	2.73
9.25	2.86
9.33	3.01
9.42	3.17
9.50	3.35
9.58	3.53
9.67	3.71
9.75	3.89
9.83	4.07
9.92	4.24
10.00	4.38
10.08	4.51
10.17	4.63
10.25	4.73
10.33	4.84
10.42	4.94
10.50	5.01
10.58	5.08
10.67	5.14
10.75	5.20
10.83	5.24
10.92	5.30
11.00	5.36
11.08	5.42
11.17	5.49
11.25	5.52
11.33	5.55
11.42	5.59
11.50	5.63
11.58	5.69
11.67	5.74
11.75	5.80
11.83	5.86
11.92	5.92
12.00	5.99
12.08	6.05
12.17	6.13
12.25	6.22
12.33	6.32
12.42	6.43
12.50	6.55
12.58	6.68
12.67	6.83
12.75	6.97
12.83	7.11
12.92	7.27
13.00	7.44
13.08	7.62
13.17	7.80
13.25	7.97
13.33	8.17
13.42	8.36
13.50	8.55
13.58	8.74
13.67	8.92
13.75	9.11
13.83	9.30
13.92	9.49
14.00	9.68
14.08	9.87
14.17	10.09
14.25	10.31
14.33	10.52
14.42	10.74
14.50	10.97
14.58	11.20
14.67	11.45
14.75	11.66
14.83	11.82
14.92	11.98
15.00	12.15
15.08	12.33
15.17	12.51
15.25	12.69
15.33	12.88
15.42	13.06
15.50	13.25
15.58	13.43
15.67	13.60
15.75	13.76
15.83	13.93
15.92	14.08
16.00	14.22
16.08	14.40
16.17	14.57
16.25	14.73
16.33	14.87
16.42	15.00
16.50	15.13
16.58	15.25
16.67	15.39
16.75	15.57
16.83	15.75
16.92	15.90
17.00	16.02
17.08	16.07
17.17	16.10
17.25	16.12
17.33	16.11
17.42	16.08
17.50	16.02
17.58	15.95
17.67	15.86
17.75	15.74
17.83	15.60
17.92	15.46
18.00	15.33
18.08	15.19
18.17	15.06
18.25	14.95
18.33	14.84
18.42	14.73
18.50	14.61
18.58	14.49
18.67	14.37
18.75	14.21
18.83	14.07
18.92	13.95
19.00	13.80
19.08	13.63
19.17	13.42
19.25	13.16
19.33	12.90
19.42	12.63
19.50	12.33
19.58	12.03
19.67	11.76
19.75	11.50
19.83	11.20
19.92	10.88
20.00	10.57
20.08	10.26
20.17	9.96
20.25	9.65
20.33	9.37
20.42	9.08
20.50	8.79
20.58	8.49
20.67	8.18
20.75	7.87
20.83	7.57
20.92	7.28
21.00	7.01
21.08	6.77
21.17	6.55
21.25	6.34
21.33	6.13
21.42	5.95
21.50	5.79
21.58	5.64
21.67	5.50
21.75	5.38
21.83	5.25
21.92	5.16
22.00	5.10
22.08	5.02
22.17	4.96
22.25	4.90
22.33	4.84
22.42	4.78
22.50	4.72
22.58	4.68
22.67	4.64
22.75	4.61
22.83	4.58
22.92	4.53
23.00	4.48
23.08	4.44
23.17	4.40
23.25	4.36
23.33	4.32
23.42	4.30
23.50	4.28
23.58	4.26
23.67	4.25
23.75	4.25
23.83	4.26
23.92	4.25
0.00	4.04
0.08	4.03
0.17	3.99
0.25	3.93
0.33	3.84
0.42	3.74
0.50	3.63
0.58	3.51
0.67	3.39
0.75	3.28
0.83	3.16
0.92	3.04
1.00	2.92
1.08	2.81
1.17	2.71
1.25	2.63
1.33	2.57
1.42	2.50
1.50	2.45
1.58	2.40
1.67	2.36
1.75	2.33
1.83	2.30
1.92	2.28
2.00	2.27
2.08	2.26
2.17	2.25
2.25	2.26
2.33	2.26
2.42	2.27
2.50	2.29
2.58	2.30
2.67	2.32
2.75	2.33
2.83	2.35
2.92	2.36
3.00	2.38
3.08	2.40
3.17	2.42
3.25	2.44
3.33	2.46
3.42	2.47
3.50	2.48
3.58	2.49
3.67	2.50
3.75	2.50
3.83	2.51
3.92	2.51
4.00	2.50
4.08	2.49
4.17	2.46
4.25	2.44
4.33	2.42
4.42	2.40
4.50	2.38
4.58	2.36
4.67	2.35
4.75	2.34
4.83	2.33
4.92	2.33
5.00	2.31
5.08	2.30
5.17	2.29
5.25	2.27
5.33	2.28
5.42	2.28
5.50	2.29
5.58	2.30
5.67	2.30
5.75	2.30
5.83	2.33
5.92	2.36
6.00	2.40
6.08	2.44
6.17	2.48
6.25	2.52
6.33	2.55
6.42	2.57
6.50	2.59
6.58	2.61
6.67	2.63
6.75	2.63
6.83	2.62
6.92	2.59
7.00	2.54
7.08	2.50
7.17	2.45
7.25	2.40
7.33	2.36
7.42	2.31
7.50	2.26
7.58	2.22
7.67	2.18
7.75	2.14
7.83	2.11
7.92	2.10
8.00	2.09
8.08	2.08
8.17	2.08
8.25	2.07
8.33	2.07
8.42	2.06
8.50	2.06
8.58	2.06
8.67	2.07
8.75	2.09
8.83	2.12
8.92	2.16
9.00	2.23
9.08	2.32
9.17	2.44
9.25	2.57
9.33	2.72
9.42	2.89
9.50	3.06
9.58	3.24
9.67	3.43
9.75	3.62
9.83	3.81
9.92	3.99
10.00	4.15
10.08	4.30
10.17	4.46
10.25	4.61
10.33	4.76
10.42	4.91
10.50	5.06
10.58	5.20
10.67	5.35
10.75	5.50
10.83	5.66
10.92	5.83
11.00	6.00
11.08	6.16
11.17	6.31
11.25	6.46
11.33	6.60
11.42	6.75
11.50	6.91
11.58	7.05
11.67	7.20
11.75	7.35
11.83	7.50
11.92	7.64
12.00	7.78
12.08	7.92
12.17	8.06
12.25	8.20
12.33	8.34
12.42	8.47
12.50	8.60
12.58	8.73
12.67	8.84
12.75	8.93
12.83	9.03
12.92	9.13
13.00	9.24
13.08	9.31
13.17	9.39
13.25	9.49
13.33	9.60
13.42	9.70
13.50	9.80
13.58	9.89
13.67	9.99
13.75	10.09
13.83	10.18
13.92	10.27
14.00	10.37
14.08	10.51
14.17	10.63
14.25	10.73
14.33	10.85
14.42	10.98
14.50	11.11
14.58	11.27
14.67	11.43
14.75	11.55
14.83	11.67
14.92	11.79
15.00	11.92
15.08	12.04
15.17	12.16
15.25	12.28
15.33	12.39
15.42	12.50
15.50	12.60
15.58	12.70
15.67	12.76
15.75	12.84
15.83	12.92
15.92	13.00
16.00	13.11
16.08	13.24
16.17	13.37
16.25	13.49
16.33	13.60
16.42	13.69
16.50	13.78
16.58	13.86
16.67	14.01
16.75	14.14
16.83	14.20
16.92	14.23
17.00	14.21
17.08	14.17
17.17	14.13
17.25	14.09
17.33	14.04
17.42	13.99
17.50	13.93
17.58	13.86
17.67	13.78
17.75	13.69
17.83	13.64
17.92	13.57
18.00	13.49
18.08	13.38
18.17	13.26
18.25	13.14
18.33	12.97
18.42	12.78
18.50	12.57
18.58	12.34
18.67	12.06
18.75	11.78
18.83	11.52
18.92	11.26
19.00	10.99
19.08	10.71
19.17	10.40
19.25	10.11
19.33	9.84
19.42	9.57
19.50	9.31
19.58	9.08
19.67	8.89
19.75	8.68
19.83	8.45
19.92	8.23
20.00	8.02
20.08	7.81
20.17	7.60
20.25	7.42
20.33	7.25
20.42	7.07
20.50	6.89
20.58	6.71
20.67	6.52
20.75	6.34
20.83	6.15
20.92	5.97
21.00	5.81
21.08	5.68
21.17	5.54
21.25	5.38
21.33	5.23
21.42	5.09
21.50	4.95
21.58	4.81
21.67	4.68
21.75	4.56
21.83	4.47
21.92	4.41
22.00	4.33
22.08	4.25
22.17	4.18
22.25	4.11
22.33	4.03
22.42	3.94
22.50	3.87
22.58	3.80
22.67	3.75
22.75	3.69
22.83	3.61
22.92	3.53
23.00	3.45
23.08	3.37
23.17	3.30
23.25	3.24
23.33	3.19
23.42	3.16
23.50	3.12
23.58	3.09
23.67	3.07
23.75	3.06
23.83	3.04
23.92	3.03
0.00	3.68
0.08	3.66
0.17	3.64
0.25	3.61
0.33	3.57
0.42	3.51
0.50	3.45
0.58	3.39
0.67	3.33
0.75	3.26
0.83	3.19
0.92	3.12
1.00	3.06
1.08	3.00
1.17	2.94
1.25	2.89
1.33	2.85
1.42	2.81
1.50	2.77
1.58	2.73
1.67	2.69
1.75	2.65
1.83	2.62
1.92	2.59
2.00	2.56
2.08	2.54
2.17	2.52
2.25	2.50
2.33	2.48
2.42	2.46
2.50	2.45
2.58	2.44
2.67	2.43
2.75	2.43
2.83	2.42
2.92	2.42
3.00	2.42
3.08	2.43
3.17	2.43
3.25	2.42
3.33	2.41
3.42	2.41
3.50	2.41
3.58	2.40
3.67	2.39
3.75	2.37
3.83	2.36
3.92	2.35
4.00	2.33
4.08	2.31
4.17	2.29
4.25	2.29
4.33	2.28
4.42	2.27
4.50	2.25
4.58	2.24
4.67	2.23
4.75	2.24
4.83	2.25
4.92	2.26
5.00	2.28
5.08	2.31
5.17	2.33
5.25	2.36
5.33	2.40
5.42	2.45
5.50	2.49
5.58	2.52
5.67	2.54
5.75	2.58
5.83	2.61
5.92	2.64
6.00	2.65
6.08	2.65
6.17	2.64
6.25	2.62
6.33	2.58
6.42	2.55
6.50	2.53
6.58	2.52
6.67	2.50
6.75	2.47
6.83	2.43
6.92	2.38
7.00	2.34
7.08	2.31
7.17	2.29
7.25	2.28
7.33	2.27
7.42	2.26
7.50	2.25
7.58	2.24
7.67	2.24
7.75	2.24
7.83	2.25
7.92	2.27
8.00	2.29
8.08	2.31
8.17	2.33
8.25	2.35
8.33	2.38
8.42	2.40
8.50	2.43
8.58	2.46
8.67	2.50
8.75	2.54
8.83	2.61
8.92	2.69
9.00	2.80
9.08	2.93
9.17	3.08
9.25	3.24
9.33	3.42
9.42	3.61
9.50	3.81
9.58	4.02
9.67	4.23
9.75	4.42
9.83	4.59
9.92	4.73
10.00	4.86
10.08	4.97
10.17	5.08
10.25	5.18
10.33	5.27
10.42	5.34
10.50	5.42
10.58	5.48
10.67	5.55
10.75	5.64
10.83	5.75
10.92	5.87
11.00	6.00
11.08	6.12
11.17	6.21
11.25	6.30
11.33	6.41
11.42	6.52
11.50	6.63
11.58	6.75
11.67	6.86
11.75	6.97
11.83	7.07
11.92	7.17
12.00	7.26
12.08	7.38
12.17	7.50
12.25	7.62
12.33	7.75
12.42	7.88
12.50	8.02
12.58	8.16
12.67	8.30
12.75	8.44
12.83	8.61
12.92	8.78
13.00	8.95
13.08	9.12
13.17	9.30
13.25	9.49
13.33	9.69
13.42	9.90
13.50	10.10
13.58	10.29
13.67	10.50
13.75	10.70
13.83	10.89
13.92	11.09
14.00	11.34
14.08	11.57
14.17	11.80
14.25	12.02
14.33	12.23
14.42	12.42
14.50	12.64
14.58	12.86
14.67	13.02
14.75	13.18
14.83	13.34
14.92	13.53
15.00	13.73
15.08	13.93
15.17	14.13
15.25	14.32
15.33	14.53
15.42	14.73
15.50	14.93
15.58	15.10
15.67	15.27
15.75	15.43
15.83	15.55
15.92	15.66
16.00	15.80
16.08	15.93
16.17	16.04
16.25	16.13
16.33	16.21
16.42	16.27
16.50	16.33
16.58	16.43
16.67	16.52
16.75	16.58
16.83	16.60
16.92	16.53
17.00	16.44
17.08	16.34
17.17	16.24
17.25	16.14
17.33	16.04
17.42	15.95
17.50	15.85
17.58	15.76
17.67	15.68
17.75	15.65
17.83	15.63
17.92	15.61
18.00	15.60
18.08	15.61
18.17	15.64
18.25	15.63
18.33	15.57
18.42	15.50
18.50	15.39
18.58	15.21
18.67	14.99
18.75	14.81
18.83	14.59
18.92	14.32
19.00	14.00
19.08	13.59
19.17	13.15
19.25	12.71
19.33	12.25
19.42	11.77
19.50	11.31
19.58	10.88
19.67	10.42
19.75	9.90
19.83	9.41
19.92	8.94
20.00	8.49
20.08	8.07
20.17	7.70
20.25	7.38
20.33	7.07
20.42	6.79
20.50	6.52
20.58	6.28
20.67	6.06
20.75	5.88
20.83	5.72
20.92	5.59
21.00	5.50
21.08	5.41
21.17	5.30
21.25	5.20
21.33	5.11
21.42	5.03
21.50	4.95
21.58	4.87
21.67	4.78
21.75	4.71
21.83	4.66
21.92	4.60
22.00	4.53
22.08	4.45
22.17	4.37
22.25	4.27
22.33	4.14
22.42	4.03
22.50	3.91
22.58	3.81
22.67	3.70
22.75	3.57
22.83	3.43
22.92	3.30
23.00	3.17
23.08	3.04
23.17	2.93
23.25	2.85
23.33	2.78
23.42	2.71
23.50	2.64
23.58	2.59
23.67	2.55
23.75	2.50
23.83	2.48
23.92	2.46
0.00	2.87
0.08	2.86
0.17	2.84
0.25	2.81
0.33	2.79
0.42	2.75
0.50	2.70
0.58	2.66
0.67	2.61
0.75	2.57
0.83	2.52
0.92	2.48
1.00	2.44
1.08	2.40
1.17	2.37
1.25	2.34
1.33	2.32
1.42	2.30
1.50	2.28
1.58	2.27
1.67	2.26
1.75	2.25
1.83	2.24
1.92	2.24
2.00	2.24
2.08	2.26
2.17	2.27
2.25	2.30
2.33	2.33
2.42	2.36
2.50	2.39
2.58	2.42
2.67	2.45
2.75	2.49
2.83	2.51
2.92	2.54
3.00	2.59
3.08	2.62
3.17	2.65
3.25	2.68
3.33	2.72
3.42	2.75
3.50	2.78
3.58	2.80
3.67	2.83
3.75	2.86
3.83	2.89
3.92	2.92
4.00	2.93
4.08	2.95
4.17	2.96
4.25	2.97
4.33	2.98
4.42	2.99
4.50	3.00
4.58	3.01
4.67	3.02
4.75	3.03
4.83	3.03
4.92	3.04
5.00	3.04
5.08	3.05
5.17	3.05
5.25	3.07
5.33	3.09
5.42	3.10
5.50	3.12
5.58	3.14
5.67	3.16
5.75	3.19
5.83	3.22
5.92	3.24
6.00	3.26
6.08	3.26
6.17	3.24
6.25	3.21
6.33	3.18
6.42	3.15
6.50	3.11
6.58	3.08
6.67	3.03
6.75	2.97
6.83	2.90
6.92	2.84
7.00	2.78
7.08	2.73
7.17	2.69
7.25	2.65
7.33	2.62
7.42	2.59
7.50	2.58
7.58	2.57
7.67	2.56
7.75	2.57
7.83	2.59
7.92	2.61
8.00	2.63
8.08	2.65
8.17	2.67
8.25	2.69
8.33	2.72
8.42	2.74
8.50	2.75
8.58	2.76
8.67	2.79
8.75	2.82
8.83	2.87
8.92	2.94
9.00	3.03
9.08	3.13
9.17	3.24
9.25	3.37
9.33	3.50
9.42	3.64
9.50	3.78
9.58	3.93
9.67	4.08
9.75	4.20
9.83	4.31
9.92	4.41
10.00	4.49
10.08	4.57
10.17	4.65
10.25	4.72
10.33	4.77
10.42	4.82
10.50	4.86
10.58	4.90
10.67	4.94
10.75	5.00
10.83	5.05
10.92	5.11
11.00	5.17
11.08	5.20
11.17	5.23
11.25	5.28
11.33	5.34
11.42	5.40
11.50	5.48
11.58	5.55
11.67	5.63
11.75	5.72
11.83	5.80
11.92	5.89
12.00	6.00
12.08	6.12
12.17	6.25
12.25	6.39
12.33	6.53
12.42	6.68
12.50	6.83
12.58	6.98
12.67	7.13
12.75	7.28
12.83	7.44
12.92	7.60
13.00	7.76
13.08	7.93
13.17	8.10
13.25	8.27
13.33	8.43
13.42	8.58
13.50	8.72
13.58	8.87
13.67	9.00
13.75	9.12
13.83	9.23
13.92	9.35
14.00	9.44
14.08	9.53
14.17	9.61
14.25	9.69
14.33	9.77
14.42	9.84
14.50	9.93
14.58	9.98
14.67	10.03
14.75	10.10
14.83	10.19
14.92	10.31
15.00	10.44
15.08	10.59
15.17	10.75
15.25	10.92
15.33	11.12
15.42	11.34
15.50	11.57
15.58	11.82
15.67	12.07
15.75	12.32
15.83	12.55
15.92	12.81
16.00	13.07
16.08	13.34
16.17	13.61
16.25	13.88
16.33	14.15
16.42	14.41
16.50	14.70
16.58	15.00
16.67	15.28
16.75	15.55
16.83	15.78
16.92	15.97
17.00	16.11
17.08	16.21
17.17	16.28
17.25	16.31
17.33	16.30
17.42	16.26
17.50	16.17
17.58	16.05
17.67	15.93
17.75	15.78
17.83	15.60
17.92	15.40
18.00	15.22
18.08	15.04
18.17	14.81
18.25	14.58
18.33	14.36
18.42	14.13
18.50	13.87
18.58	13.58
18.67	13.32
18.75	13.06
18.83	12.79
18.92	12.50
19.00	12.16
19.08	11.79
19.17	11.43
19.25	11.04
19.33	10.62
19.42	10.22
19.50	9.84
19.58	9.49
19.67	9.09
19.75	8.70
19.83	8.36
19.92	8.04
20.00	7.75
20.08	7.51
20.17	7.33
20.25	7.17
20.33	7.02
20.42	6.89
20.50	6.77
20.58	6.66
20.67	6.57
20.75	6.48
20.83	6.39
20.92	6.30
21.00	6.21
21.08	6.10
21.17	5.98
21.25	5.85
21.33	5.73
21.42	5.59
21.50	5.45
21.58	5.31
21.67	5.17
21.75	5.07
21.83	4.97
21.92	4.88
22.00	4.80
22.08	4.72
22.17	4.64
22.25	4.55
22.33	4.46
22.42	4.40
22.50	4.33
22.58	4.27
22.67	4.19
22.75	4.11
22.83	4.03
22.92	3.95
23.00	3.87
23.08	3.80
23.17	3.74
23.25	3.69
23.33	3.64
23.42	3.59
23.50	3.54
23.58	3.50
23.67	3.46
23.75	3.42
23.83	3.40
23.92	3.38
0.00	3.06
0.08	3.05
0.17	3.04
0.25	3.01
0.33	2.98
0.42	2.93
0.50	2.88
0.58	2.82
0.67	2.77
0.75	2.72
0.83	2.68
0.92	2.63
1.00	2.59
1.08	2.55
1.17	2.52
1.25	2.49
1.33	2.46
1.42	2.44
1.50	2.42
1.58	2.41
1.67	2.39
1.75	2.38
1.83	2.37
1.92	2.37
2.00	2.37
2.08	2.37
2.17	2.39
2.25	2.40
2.33	2.42
2.42	2.43
2.50	2.44
2.58	2.46
2.67	2.48
2.75	2.49
2.83	2.51
2.92	2.54
3.00	2.57
3.08	2.59
3.17	2.60
3.25	2.62
3.33	2.63
3.42	2.65
3.50	2.66
3.58	2.67
3.67	2.68
3.75	2.68
3.83	2.69
3.92	2.69
4.00	2.68
4.08	2.67
4.17	2.67
4.25	2.67
4.33	2.66
4.42	2.66
4.50	2.65
4.58	2.65
4.67	2.65
4.75	2.65
4.83	2.65
4.92	2.65
5.00	2.65
5.08	2.66
5.17	2.69
5.25	2.72
5.33	2.75
5.42	2.78
5.50	2.81
5.58	2.85
5.67	2.89
5.75	2.93
5.83	2.97
5.92	3.00
6.00	3.02
6.08	3.02
6.17	3.00
6.25	2.99
6.33	2.97
6.42	2.94
6.50	2.92
6.58	2.89
6.67	2.85
6.75	2.78
6.83	2.72
6.92	2.67
7.00	2.62
7.08	2.58
7.17	2.54
7.25	2.50
7.33	2.47
7.42	2.44
7.50	2.43
7.58	2.41
7.67	2.40
7.75	2.41
7.83	2.42
7.92	2.43
8.00	2.44
8.08	2.44
8.17	2.45
8.25	2.46
8.33	2.46
8.42	2.46
8.50	2.46
8.58	2.46
8.67	2.48
8.75	2.50
8.83	2.55
8.92	2.62
9.00	2.71
9.08	2.82
9.17	2.95
9.25	3.10
9.33	3.25
9.42	3.42
9.50	3.60
9.58	3.78
9.67	3.96
9.75	4.12
9.83	4.26
9.92	4.40
10.00	4.52
10.08	4.65
10.17	4.76
10.25	4.84
10.33	4.92
10.42	5.00
10.50	5.08
10.58	5.16
10.67	5.25
10.75	5.34
10.83	5.45
10.92	5.55
11.00	5.63
11.08	5.72
11.17	5.81
11.25	5.90
11.33	5.99
11.42	6.08
11.50	6.17
11.58	6.27
11.67	6.37
11.75	6.45
11.83	6.55
11.92	6.66
12.00	6.78
12.08	6.91
12.17	7.06
12.25	7.22
12.33	7.40
12.42	7.58
12.50	7.78
12.58	7.98
12.67	8.20
12.75	8.43
12.83	8.67
12.92	8.91
13.00	9.18
13.08	9.46
13.17	9.74
13.25	10.03
13.33	10.31
13.42	10.60
13.50	10.89
13.58	11.19
13.67	11.49
13.75	11.79
13.83	12.10
13.92	12.41
14.00	12.71
14.08	13.04
14.17	13.37
14.25	13.70
14.33	14.04
14.42	14.39
14.50	14.70
14.58	14.98
14.67	15.26
14.75	15.53
14.83	15.81
14.92	16.07
15.00	16.31
15.08	16.52
15.17	16.71
15.25	16.86
15.33	16.98
15.42	17.04
15.50	17.06
15.58	17.05
15.67	17.01
15.75	16.94
15.83	16.88
15.92	16.80
16.00	16.68
16.08	16.54
16.17	16.37
16.25	16.19
16.33	16.02
16.42	15.89
16.50	15.78
16.58	15.68
16.67	15.56
16.75	15.41
16.83	15.22
16.92	15.05
17.00	14.89
17.08	14.76
17.17	14.63
17.25	14.52
17.33	14.40
17.42	14.28
17.50	14.15
17.58	14.02
17.67	13.88
17.75	13.74
17.83	13.58
17.92	13.43
18.00	13.31
18.08	13.14
18.17	12.94
18.25	12.77
18.33	12.61
18.42	12.43
18.50	12.26
18.58	12.15
18.67	12.06
18.75	11.96
18.83	11.86
18.92	11.70
19.00	11.52
19.08	11.37
19.17	11.22
19.25	11.03
19.33	10.83
19.42	10.65
19.50	10.44
19.58	10.16
19.67	9.89
19.75	9.62
19.83	9.35
19.92	9.08
20.00	8.84
20.08	8.62
20.17	8.41
20.25	8.21
20.33	8.03
20.42	7.85
20.50	7.69
20.58	7.54
20.67	7.41
20.75	7.29
20.83	7.19
20.92	7.09
21.00	6.99
21.08	6.88
21.17	6.77
21.25	6.67
21.33	6.56
21.42	6.44
21.50	6.32
21.58	6.20
21.67	6.12
21.75	6.03
21.83	5.93
21.92	5.83
22.00	5.72
22.08	5.59
22.17	5.43
22.25	5.28
22.33	5.13
22.42	5.00
22.50	4.86
22.58	4.72
22.67	4.56
22.75	4.42
22.83	4.28
22.92	4.16
23.00	4.05
23.08	3.97
23.17	3.92
23.25	3.86
23.33	3.81
23.42	3.76
23.50	3.72
23.58	3.68
23.67	3.64
23.75	3.61
23.83	3.59
23.92	3.57
0.00	3.08
0.08	3.08
0.17	3.07
0.25	3.05
0.33	3.02
0.42	2.98
0.50	2.91
0.58	2.86
0.67	2.82
0.75	2.77
0.83	2.73
0.92	2.68
1.00	2.64
1.08	2.60
1.17	2.56
1.25	2.53
1.33	2.49
1.42	2.46
1.50	2.44
1.58	2.42
1.67	2.41
1.75	2.40
1.83	2.39
1.92	2.39
2.00	2.40
2.08	2.42
2.17	2.45
2.25	2.48
2.33	2.50
2.42	2.52
2.50	2.54
2.58	2.56
2.67	2.58
2.75	2.60
2.83	2.64
2.92	2.68
3.00	2.71
3.08	2.74
3.17	2.78
3.25	2.82
3.33	2.85
3.42	2.89
3.50	2.92
3.58	2.95
3.67	2.97
3.75	2.99
3.83	2.99
3.92	2.99
4.00	2.98
4.08	2.96
4.17	2.95
4.25	2.93
4.33	2.92
4.42	2.90
4.50	2.90
4.58	2.89
4.67	2.88
4.75	2.87
4.83	2.86
4.92	2.85
5.00	2.84
5.08	2.86
5.17	2.88
5.25	2.90
5.33	2.92
5.42	2.93
5.50	2.95
5.58	2.99
5.67	3.02
5.75	3.05
5.83	3.07
5.92	3.09
6.00	3.08
6.08	3.05
6.17	3.02
6.25	2.98
6.33	2.93
6.42	2.89
6.50	2.84
6.58	2.78
6.67	2.70
6.75	2.62
6.83	2.54
6.92	2.47
7.00	2.40
7.08	2.34
7.17	2.29
7.25	2.24
7.33	2.19
7.42	2.16
7.50	2.13
7.58	2.11
7.67	2.10
7.75	2.10
7.83	2.09
7.92	2.09
8.00	2.09
8.08	2.09
8.17	2.08
8.25	2.08
8.33	2.07
8.42	2.06
8.50	2.05
8.58	2.05
8.67	2.06
8.75	2.09
8.83	2.13
8.92	2.20
9.00	2.28
9.08	2.39
9.17	2.51
9.25	2.65
9.33	2.80
9.42	2.97
9.50	3.13
9.58	3.29
9.67	3.44
9.75	3.57
9.83	3.69
9.92	3.81
10.00	3.92
10.08	4.01
10.17	4.08
10.25	4.14
10.33	4.19
10.42	4.24
10.50	4.29
10.58	4.36
10.67	4.44
10.75	4.52
10.83	4.60
10.92	4.67
11.00	4.73
11.08	4.80
11.17	4.89
11.25	4.97
11.33	5.06
11.42	5.15
11.50	5.23
11.58	5.32
11.67	5.41
11.75	5.50
11.83	5.59
11.92	5.70
12.00	5.81
12.08	5.94
12.17	6.07
12.25	6.21
12.33	6.36
12.42	6.51
12.50	6.66
12.58	6.82
12.67	7.00
12.75	7.18
12.83	7.35
12.92	7.54
13.00	7.74
13.08	7.94
13.17	8.13
13.25	8.32
13.33	8.50
13.42	8.69
13.50	8.87
13.58	9.05
13.67	9.23
13.75	9.41
13.83	9.61
13.92	9.79
14.00	9.98
14.08	10.17
14.17	10.38
14.25	10.60
14.33	10.84
14.42	11.09
14.50	11.34
14.58	11.60
14.67	11.86
14.75	12.13
14.83	12.40
14.92	12.67
15.00	12.94
15.08	13.21
15.17	13.46
15.25	13.71
15.33	13.93
15.42	14.13
15.50	14.32
15.58	14.48
15.67	14.64
15.75	14.81
15.83	14.98
15.92	15.15
16.00	15.30
16.08	15.45
16.17	15.60
16.25	15.75
16.33	15.92
16.42	16.09
16.50	16.25
16.58	16.40
16.67	16.52
16.75	16.59
16.83	16.63
16.92	16.63
17.00	16.60
17.08	16.54
17.17	16.45
17.25	16.33
17.33	16.18
17.42	16.01
17.50	15.83
17.58	15.65
17.67	15.44
17.75	15.23
17.83	15.04
17.92	14.88
18.00	14.67
18.08	14.44
18.17	14.21
18.25	13.98
18.33	13.70
18.42	13.36
18.50	13.04
18.58	12.74
18.67	12.42
18.75	12.08
18.83	11.70
18.92	11.29
19.00	10.91
19.08	10.54
19.17	10.15
19.25	9.79
19.33	9.49
19.42	9.25
19.50	8.96
19.58	8.69
19.67	8.45
19.75	8.24
19.83	8.06
19.92	7.91
20.00	7.80
20.08	7.72
20.17	7.64
20.25	7.57
20.33	7.49
20.42	7.41
20.50	7.33
20.58	7.25
20.67	7.16
20.75	7.06
20.83	6.97
20.92	6.86
21.00	6.73
21.08	6.60
21.17	6.48
21.25	6.33
21.33	6.19
21.42	6.04
21.50	5.90
21.58	5.79
21.67	5.70
21.75	5.61
21.83	5.53
21.92	5.46
22.00	5.37
22.08	5.25
22.17	5.14
22.25	5.05
22.33	4.97
22.42	4.89
22.50	4.81
22.58	4.72
22.67	4.63
22.75	4.54
22.83	4.46
22.92	4.39
23.00	4.34
23.08	4.32
23.17	4.30
23.25	4.27
23.33	4.24
23.42	4.21
23.50	4.18
23.58	4.13
23.67	4.10
23.75	4.07
23.83	4.05
23.92	4.04
0.00	3.29
0.08	3.29
0.17	3.28
0.25	3.28
0.33	3.26
0.42	3.24
0.50	3.20
0.58	3.17
0.67	3.14
0.75	3.11
0.83	3.07
0.92	3.03
1.00	3.01
1.08	2.96
1.17	2.91
1.25	2.86
1.33	2.82
1.42	2.78
1.50	2.74
1.58	2.70
1.67	2.66
1.75	2.62
1.83	2.58
1.92	2.56
2.00	2.54
2.08	2.54
2.17	2.54
2.25	2.53
2.33	2.52
2.42	2.51
2.50	2.50
2.58	2.49
2.67	2.48
2.75	2.48
2.83	2.48
2.92	2.47
3.00	2.45
3.08	2.44
3.17	2.44
3.25	2.43
3.33	2.42
3.42	2.42
3.50	2.41
3.58	2.41
3.67	2.42
3.75	2.42
3.83	2.41
3.92	2.41
4.00	2.41
4.08	2.41
4.17	2.42
4.25	2.43
4.33	2.44
4.42	2.45
4.50	2.46
4.58	2.47
4.67	2.47
4.75	2.47
4.83	2.48
4.92	2.48
5.00	2.50
5.08	2.53
5.17	2.55
5.25	2.58
5.33	2.61
5.42	2.65
5.50	2.70
5.58	2.76
5.67	2.81
5.75	2.85
5.83	2.90
5.92	2.92
6.00	2.92
6.08	2.92
6.17	2.90
6.25	2.89
6.33	2.87
6.42	2.83
6.50	2.79
6.58	2.72
6.67	2.65
6.75	2.58
6.83	2.52
6.92	2.46
7.00	2.41
7.08	2.36
7.17	2.31
7.25	2.27
7.33	2.25
7.42	2.22
7.50	2.19
7.58	2.19
7.67	2.19
7.75	2.18
7.83	2.17
7.92	2.17
8.00	2.15
8.08	2.14
8.17	2.12
8.25	2.09
8.33	2.06
8.42	2.02
8.50	2.00
8.58	1.97
8.67	1.97
8.75	1.98
8.83	2.01
8.92	2.07
9.00	2.14
9.08	2.23
9.17	2.34
9.25	2.47
9.33	2.61
9.42	2.76
9.50	2.91
9.58	3.05
9.67	3.17
9.75	3.30
9.83	3.41
9.92	3.52
10.00	3.63
10.08	3.72
10.17	3.80
10.25	3.88
10.33	3.96
10.42	4.05
10.50	4.15
10.58	4.27
10.67	4.41
10.75	4.54
10.83	4.68
10.92	4.82
11.00	4.97
11.08	5.13
11.17	5.30
11.25	5.47
11.33	5.64
11.42	5.81
11.50	5.96
11.58	6.11
11.67	6.25
11.75	6.38
11.83	6.51
11.92	6.64
12.00	6.77
12.08	6.89
12.17	7.02
12.25	7.15
12.33	7.29
12.42	7.44
12.50	7.60
12.58	7.78
12.67	7.97
12.75	8.17
12.83	8.38
12.92	8.60
13.00	8.82
13.08	9.02
13.17	9.22
13.25	9.39
13.33	9.54
13.42	9.67
13.50	9.76
13.58	9.83
13.67	9.87
13.75	9.88
13.83	9.85
13.92	9.80
14.00	9.74
14.08	9.67
14.17	9.60
14.25	9.54
14.33	9.49
14.42	9.43
14.50	9.38
14.58	9.36
14.67	9.37
14.75	9.41
14.83	9.48
14.92	9.57
15.00	9.69
15.08	9.83
15.17	9.98
15.25	10.15
15.33	10.32
15.42	10.52
15.50	10.73
15.58	10.93
15.67	11.14
15.75	11.36
15.83	11.58
15.92	11.80
16.00	12.02
16.08	12.25
16.17	12.48
16.25	12.73
16.33	13.00
16.42	13.28
16.50	13.54
16.58	13.79
16.67	14.02
16.75	14.24
16.83	14.45
16.92	14.63
17.00	14.80
17.08	14.93
17.17	15.02
17.25	15.07
17.33	15.07
17.42	15.02
17.50	14.94
17.58	14.81
17.67	14.65
17.75	14.43
17.83	14.21
17.92	13.93
18.00	13.57
18.08	13.20
18.17	12.82
18.25	12.41
18.33	11.98
18.42	11.56
18.50	11.20
18.58	10.84
18.67	10.50
18.75	10.16
18.83	9.82
18.92	9.56
19.00	9.35
19.08	9.15
19.17	8.98
19.25	8.85
19.33	8.77
19.42	8.68
19.50	8.59
19.58	8.53
19.67	8.48
19.75	8.46
19.83	8.44
19.92	8.46
20.00	8.49
20.08	8.52
20.17	8.55
20.25	8.58
20.33	8.60
20.42	8.60
20.50	8.61
20.58	8.60
20.67	8.59
20.75	8.57
20.83	8.54
20.92	8.46
21.00	8.37
21.08	8.26
21.17	8.13
21.25	7.98
21.33	7.81
21.42	7.62
21.50	7.44
21.58	7.25
21.67	7.04
21.75	6.83
21.83	6.60
21.92	6.37
22.00	6.11
22.08	5.84
22.17	5.60
22.25	5.37
22.33	5.16
22.42	4.96
22.50	4.75
22.58	4.57
22.67	4.40
22.75	4.25
22.83	4.11
22.92	4.00
23.00	3.91
23.08	3.84
23.17	3.78
23.25	3.72
23.33	3.67
23.42	3.62
23.50	3.57
23.58	3.53
23.67	3.48
23.75	3.45
23.83	3.43
23.92	3.42
0.00	3.69
0.08	3.67
0.17	3.63
0.25	3.58
0.33	3.50
0.42	3.42
0.50	3.33
0.58	3.24
0.67	3.16
0.75	3.08
0.83	3.01
0.92	2.96
1.00	2.91
1.08	2.87
1.17	2.83
1.25	2.80
1.33	2.79
1.42	2.77
1.50	2.75
1.58	2.74
1.67	2.74
1.75	2.74
1.83	2.75
1.92	2.76
2.00	2.78
2.08	2.80
2.17	2.82
2.25	2.84
2.33	2.85
2.42	2.87
2.50	2.89
2.58	2.90
2.67	2.92
2.75	2.94
2.83	2.95
2.92	2.96
3.00	2.96
3.08	2.96
3.17	2.95
3.25	2.95
3.33	2.94
3.42	2.92
3.50	2.91
3.58	2.89
3.67	2.87
3.75	2.84
3.83	2.82
3.92	2.80
4.00	2.78
4.08	2.77
4.17	2.77
4.25	2.77
4.33	2.76
4.42	2.76
4.50	2.76
4.58	2.74
4.67	2.73
4.75	2.71
4.83	2.69
4.92	2.68
5.00	2.68
5.08	2.68
5.17	2.67
5.25	2.67
5.33	2.67
5.42	2.69
5.50	2.73
5.58	2.77
5.67	2.81
5.75	2.85
5.83	2.89
5.92	2.91
6.00	2.92
6.08	2.93
6.17	2.93
6.25	2.93
6.33	2.91
6.42	2.88
6.50	2.83
6.58	2.76
6.67	2.69
6.75	2.62
6.83	2.55
6.92	2.49
7.00	2.42
7.08	2.37
7.17	2.31
7.25	2.26
7.33	2.22
7.42	2.18
7.50	2.16
7.58	2.14
7.67	2.13
7.75	2.13
7.83	2.12
7.92	2.11
8.00	2.10
8.08	2.09
8.17	2.09
8.25	2.08
8.33	2.08
8.42	2.07
8.50	2.08
8.58	2.09
8.67	2.12
8.75	2.17
8.83	2.24
8.92	2.34
9.00	2.46
9.08	2.61
9.17	2.79
9.25	2.99
9.33	3.21
9.42	3.46
9.50	3.70
9.58	3.95
9.67	4.21
9.75	4.46
9.83	4.71
9.92	4.96
10.00	5.19
10.08	5.40
10.17	5.60
10.25	5.78
10.33	5.95
10.42	6.13
10.50	6.30
10.58	6.48
10.67	6.65
10.75	6.81
10.83	6.95
10.92	7.08
11.00	7.22
11.08	7.36
11.17	7.49
11.25	7.62
11.33	7.75
11.42	7.88
11.50	8.00
11.58	8.13
11.67	8.26
11.75	8.41
11.83	8.57
11.92	8.74
12.00	8.92
12.08	9.10
12.17	9.29
12.25	9.47
12.33	9.66
12.42	9.86
12.50	10.05
12.58	10.24
12.67	10.42
12.75	10.61
12.83	10.81
12.92	11.01
13.00	11.20
13.08	11.40
13.17	11.58
13.25	11.76
13.33	11.94
13.42	12.09
13.50	12.24
13.58	12.36
13.67	12.47
13.75	12.55
13.83	12.61
13.92	12.64
14.00	12.65
14.08	12.65
14.17	12.64
14.25	12.61
14.33	12.55
14.42	12.47
14.50	12.40
14.58	12.34
14.67	12.28
14.75	12.22
14.83	12.17
14.92	12.12
15.00	12.08
15.08	12.06
15.17	12.05
15.25	12.03
15.33	12.03
15.42	12.04
15.50	12.06
15.58	12.10
15.67	12.15
15.75	12.22
15.83	12.29
15.92	12.37
16.00	12.45
16.08	12.55
16.17	12.66
16.25	12.81
16.33	12.96
16.42	13.10
16.50	13.23
16.58	13.35
16.67	13.45
16.75	13.55
16.83	13.64
16.92	13.72
17.00	13.78
17.08	13.81
17.17	13.81
17.25	13.79
17.33	13.73
17.42	13.66
17.50	13.56
17.58	13.44
17.67	13.29
17.75	13.15
17.83	13.01
17.92	12.81
18.00	12.63
18.08	12.46
18.17	12.30
18.25	12.10
18.33	11.93
18.42	11.83
18.50	11.73
18.58	11.64
18.67	11.55
18.75	11.41
18.83	11.32
18.92	11.24
19.00	11.14
19.08	11.03
19.17	10.93
19.25	10.86
19.33	10.74
19.42	10.59
19.50	10.43
19.58	10.26
19.67	10.09
19.75	9.91
19.83	9.77
19.92	9.63
20.00	9.49
20.08	9.36
20.17	9.25
20.25	9.14
20.33	9.04
20.42	8.96
20.50	8.90
20.58	8.86
20.67	8.83
20.75	8.81
20.83	8.77
20.92	8.73
21.00	8.69
21.08	8.64
21.17	8.57
21.25	8.50
21.33	8.42
21.42	8.35
21.50	8.31
21.58	8.25
21.67	8.17
21.75	8.07
21.83	7.95
21.92	7.78
22.00	7.57
22.08	7.36
22.17	7.14
22.25	6.92
22.33	6.69
22.42	6.44
22.50	6.18
22.58	5.92
22.67	5.68
22.75	5.45
22.83	5.26
22.92	5.12
23.00	5.00
23.08	4.91
23.17	4.82
23.25	4.74
23.33	4.68
23.42	4.61
23.50	4.55
23.58	4.51
23.67	4.47
23.75	4.43
23.83	4.41
23.92	4.39
0.00	3.96
0.08	3.94
0.17	3.89
0.25	3.81
0.33	3.73
0.42	3.64
0.50	3.53
0.58	3.42
0.67	3.31
0.75	3.21
0.83	3.12
0.92	3.04
1.00	2.96
1.08	2.90
1.17	2.86
1.25	2.82
1.33	2.79
1.42	2.76
1.50	2.74
1.58	2.73
1.67	2.72
1.75	2.73
1.83	2.74
1.92	2.77
2.00	2.79
2.08	2.81
2.17	2.83
2.25	2.85
2.33	2.86
2.42	2.88
2.50	2.89
2.58	2.91
2.67	2.93
2.75	2.93
2.83	2.93
2.92	2.93
3.00	2.93
3.08	2.93
3.17	2.92
3.25	2.92
3.33	2.91
3.42	2.90
3.50	2.90
3.58	2.90
3.67	2.88
3.75	2.87
3.83	2.86
3.92	2.86
4.00	2.86
4.08	2.86
4.17	2.86
4.25	2.86
4.33	2.86
4.42	2.86
4.50	2.85
4.58	2.83
4.67	2.82
4.75	2.82
4.83	2.81
4.92	2.82
5.00	2.83
5.08	2.84
5.17	2.86
5.25	2.88
5.33	2.91
5.42	2.95
5.50	3.00
5.58	3.03
5.67	3.06
5.75	3.06
5.83	3.04
5.92	3.01
6.00	2.97
6.08	2.92
6.17	2.87
6.25	2.82
6.33	2.74
6.42	2.67
6.50	2.58
6.58	2.49
6.67	2.42
6.75	2.36
6.83	2.31
6.92	2.26
7.00	2.22
7.08	2.18
7.17	2.14
7.25	2.10
7.33	2.07
7.42	2.05
7.50	2.04
7.58	2.04
7.67	2.03
7.75	2.03
7.83	2.02
7.92	2.02
8.00	2.02
8.08	2.02
8.17	2.03
8.25	2.03
8.33	2.04
8.42	2.05
8.50	2.07
8.58	2.11
8.67	2.15
8.75	2.23
8.83	2.32
8.92	2.44
9.00	2.60
9.08	2.79
9.17	3.02
9.25	3.28
9.33	3.57
9.42	3.86
9.50	4.17
9.58	4.49
9.67	4.81
9.75	5.12
9.83	5.42
9.92	5.70
10.00	5.96
10.08	6.18
10.17	6.38
10.25	6.56
10.33	6.71
10.42	6.86
10.50	7.00
10.58	7.12
10.67	7.23
10.75	7.33
10.83	7.43
10.92	7.55
11.00	7.67
11.08	7.79
11.17	7.93
11.25	8.07
11.33	8.23
11.42	8.39
11.50	8.55
11.58	8.71
11.67	8.87
11.75	9.03
11.83	9.17
11.92	9.29
12.00	9.41
12.08	9.52
12.17	9.63
12.25	9.72
12.33	9.80
12.42	9.89
12.50	9.99
12.58	10.10
12.67	10.23
12.75	10.39
12.83	10.56
12.92	10.73
13.00	10.91
13.08	11.08
13.17	11.25
13.25	11.43
13.33	11.60
13.42	11.77
13.50	11.93
13.58	12.08
13.67	12.20
13.75	12.32
13.83	12.42
13.92	12.53
14.00	12.63
14.08	12.72
14.17	12.82
14.25	12.91
14.33	13.00
14.42	13.08
14.50	13.19
14.58	13.32
14.67	13.45
14.75	13.59
14.83	13.74
14.92	13.91
15.00	14.09
15.08	14.28
15.17	14.46
15.25	14.66
15.33	14.87
15.42	15.08
15.50	15.29
15.58	15.55
15.67	15.82
15.75	16.09
15.83	16.35
15.92	16.61
16.00	16.86
16.08	17.08
16.17	17.30
16.25	17.49
16.33	17.64
16.42	17.75
16.50	17.78
16.58	17.77
16.67	17.71
16.75	17.63
16.83	17.52
16.92	17.39
17.00	17.25
17.08	17.08
17.17	16.89
17.25	16.68
17.33	16.46
17.42	16.20
17.50	15.93
17.58	15.64
17.67	15.36
17.75	15.07
17.83	14.74
17.92	14.39
18.00	14.07
18.08	13.75
18.17	13.42
18.25	13.10
18.33	12.85
18.42	12.64
18.50	12.44
18.58	12.25
18.67	12.05
18.75	11.89
18.83	11.77
18.92	11.65
19.00	11.54
19.08	11.45
19.17	11.39
19.25	11.31
19.33	11.20
19.42	11.09
19.50	10.98
19.58	10.87
19.67	10.75
19.75	10.63
19.83	10.51
19.92	10.38
20.00	10.22
20.08	10.05
20.17	9.86
20.25	9.66
20.33	9.46
20.42	9.24
20.50	9.02
20.58	8.80
20.67	8.58
20.75	8.33
20.83	8.10
20.92	7.87
21.00	7.66
21.08	7.45
21.17	7.25
21.25	7.05
21.33	6.88
21.42	6.76
21.50	6.64
21.58	6.53
21.67	6.43
21.75	6.33
21.83	6.22
21.92	6.08
22.00	5.95
22.08	5.83
22.17	5.73
22.25	5.62
22.33	5.50
22.42	5.38
22.50	5.26
22.58	5.14
22.67	5.02
22.75	4.92
22.83	4.85
22.92	4.80
23.00	4.75
23.08	4.70
23.17	4.64
23.25	4.59
23.33	4.52
23.42	4.46
23.50	4.40
23.58	4.34
23.67	4.30
23.75	4.26
23.83	4.23
23.92	4.21
0.00	3.93
0.08	3.92
0.17	3.89
0.25	3.86
0.33	3.82
0.42	3.77
0.50	3.70
0.58	3.65
0.67	3.61
0.75	3.57
0.83	3.54
0.92	3.51
1.00	3.48
1.08	3.46
1.17	3.46
1.25	3.45
1.33	3.45
1.42	3.44
1.50	3.44
1.58	3.43
1.67	3.43
1.75	3.43
1.83	3.44
1.92	3.45
2.00	3.46
2.08	3.46
2.17	3.47
2.25	3.47
2.33	3.47
2.42	3.47
2.50	3.47
2.58	3.48
2.67	3.49
2.75	3.49
2.83	3.48
2.92	3.47
3.00	3.46
3.08	3.44
3.17	3.42
3.25	3.40
3.33	3.37
3.42	3.34
3.50	3.32
3.58	3.27
3.67	3.22
3.75	3.17
3.83	3.12
3.92	3.07
4.00	3.03
4.08	2.98
4.17	2.94
4.25	2.90
4.33	2.87
4.42	2.83
4.50	2.78
4.58	2.75
4.67	2.71
4.75	2.69
4.83	2.69
4.92	2.69
5.00	2.70
5.08	2.71
5.17	2.72
5.25	2.74
5.33	2.78
5.42	2.83
5.50	2.88
5.58	2.92
5.67	2.95
5.75	2.96
5.83	2.95
5.92	2.94
6.00	2.93
6.08	2.91
6.17	2.89
6.25	2.85
6.33	2.80
6.42	2.73
6.50	2.67
6.58	2.61
6.67	2.55
6.75	2.51
6.83	2.46
6.92	2.42
7.00	2.39
7.08	2.36
7.17	2.33
7.25	2.30
7.33	2.28
7.42	2.28
7.50	2.27
7.58	2.26
7.67	2.25
7.75	2.24
7.83	2.22
7.92	2.20
8.00	2.18
8.08	2.16
8.17	2.13
8.25	2.10
8.33	2.07
8.42	2.05
8.50	2.05
8.58	2.05
8.67	2.08
8.75	2.12
8.83	2.18
8.92	2.27
9.00	2.38
9.08	2.52
9.17	2.67
9.25	2.85
9.33	3.04
9.42	3.23
9.50	3.43
9.58	3.65
9.67	3.87
9.75	4.09
9.83	4.32
9.92	4.54
10.00	4.75
10.08	4.96
10.17	5.17
10.25	5.39
10.33	5.63
10.42	5.86
10.50	6.10
10.58	6.32
10.67	6.52
10.75	6.71
10.83	6.89
10.92	7.08
11.00	7.25
11.08	7.42
11.17	7.58
11.25	7.72
11.33	7.87
11.42	8.00
11.50	8.13
11.58	8.26
11.67	8.39
11.75	8.52
11.83	8.64
11.92	8.78
12.00	8.91
12.08	9.06
12.17	9.19
12.25	9.32
12.33	9.45
12.42	9.58
12.50	9.71
12.58	9.86
12.67	10.03
12.75	10.20
12.83	10.37
12.92	10.54
13.00	10.70
13.08	10.86
13.17	11.03
13.25	11.20
13.33	11.36
13.42	11.53
13.50	11.69
13.58	11.84
13.67	11.98
13.75	12.12
13.83	12.25
13.92	12.37
14.00	12.50
14.08	12.64
14.17	12.75
14.25	12.86
14.33	12.97
14.42	13.10
14.50	13.25
14.58	13.42
14.67	13.59
14.75	13.78
14.83	13.98
14.92	14.18
15.00	14.39
15.08	14.59
15.17	14.80
15.25	15.03
15.33	15.25
15.42	15.45
15.50	15.68
15.58	15.91
15.67	16.14
15.75	16.37
15.83	16.59
15.92	16.82
16.00	17.03
16.08	17.27
16.17	17.49
16.25	17.70
16.33	17.87
16.42	18.01
16.50	18.11
16.58	18.20
16.67	18.28
16.75	18.32
16.83	18.34
16.92	18.33
17.00	18.29
17.08	18.23
17.17	18.13
17.25	18.02
17.33	17.91
17.42	17.77
17.50	17.60
17.58	17.40
17.67	17.21
17.75	16.96
17.83	16.69
17.92	16.44
18.00	16.17
18.08	15.88
18.17	15.54
18.25	15.25
18.33	14.95
18.42	14.65
18.50	14.33
18.58	13.98
18.67	13.64
18.75	13.31
18.83	13.00
18.92	12.65
19.00	12.33
19.08	12.04
19.17	11.76
19.25	11.43
19.33	11.12
19.42	10.81
19.50	10.53
19.58	10.26
19.67	10.01
19.75	9.80
19.83	9.60
19.92	9.40
20.00	9.22
20.08	9.04
20.17	8.87
20.25	8.71
20.33	8.56
20.42	8.42
20.50	8.29
20.58	8.15
20.67	7.99
20.75	7.80
20.83	7.62
20.92	7.44
21.00	7.25
21.08	7.05
21.17	6.84
21.25	6.65
21.33	6.49
21.42	6.34
21.50	6.18
21.58	6.03
21.67	5.88
21.75	5.73
21.83	5.56
21.92	5.40
22.00	5.26
22.08	5.14
22.17	5.02
22.25	4.90
22.33	4.78
22.42	4.66
22.50	4.56
22.58	4.47
22.67	4.39
22.75	4.33
22.83	4.29
22.92	4.25
23.00	4.21
23.08	4.17
23.17	4.13
23.25	4.08
23.33	4.03
23.42	3.98
23.50	3.89
23.58	3.82
23.67	3.78
23.75	3.76
23.83	3.74
23.92	3.73
0.00	2.66
0.08	2.64
0.17	2.62
0.25	2.58
0.33	2.53
0.42	2.48
0.50	2.42
0.58	2.36
0.67	2.31
0.75	2.26
0.83	2.22
0.92	2.18
1.00	2.15
1.08	2.13
1.17	2.10
1.25	2.09
1.33	2.07
1.42	2.05
1.50	2.04
1.58	2.03
1.67	2.04
1.75	2.05
1.83	2.07
1.92	2.09
2.00	2.11
2.08	2.13
2.17	2.15
2.25	2.17
2.33	2.19
2.42	2.20
2.50	2.22
2.58	2.23
2.67	2.25
2.75	2.25
2.83	2.26
2.92	2.25
3.00	2.24
3.08	2.23
3.17	2.22
3.25	2.22
3.33	2.22
3.42	2.24
3.50	2.24
3.58	2.23
3.67	2.22
3.75	2.22
3.83	2.22
3.92	2.23
4.00	2.25
4.08	2.26
4.17	2.28
4.25	2.29
4.33	2.29
4.42	2.28
4.50	2.28
4.58	2.27
4.67	2.26
4.75	2.27
4.83	2.29
4.92	2.29
5.00	2.30
5.08	2.30
5.17	2.32
5.25	2.35
5.33	2.38
5.42	2.41
5.50	2.44
5.58	2.47
5.67	2.49
5.75	2.49
5.83	2.48
5.92	2.49
6.00	2.49
6.08	2.49
6.17	2.48
6.25	2.45
6.33	2.42
6.42	2.38
6.50	2.34
6.58	2.30
6.67	2.27
6.75	2.24
6.83	2.22
6.92	2.19
7.00	2.17
7.08	2.15
7.17	2.13
7.25	2.12
7.33	2.12
7.42	2.12
7.50	2.13
7.58	2.13
7.67	2.13
7.75	2.13
7.83	2.13
7.92	2.13
8.00	2.12
8.08	2.11
8.17	2.10
8.25	2.09
8.33	2.09
8.42	2.09
8.50	2.10
8.58	2.13
8.67	2.17
8.75	2.24
8.83	2.32
8.92	2.44
9.00	2.57
9.08	2.74
9.17	2.93
9.25	3.13
9.33	3.34
9.42	3.56
9.50	3.78
9.58	4.01
9.67	4.23
9.75	4.45
9.83	4.65
9.92	4.85
10.00	5.04
10.08	5.21
10.17	5.37
10.25	5.55
10.33	5.74
10.42	5.92
10.50	6.10
10.58	6.27
10.67	6.44
10.75	6.62
10.83	6.81
10.92	7.00
11.00	7.20
11.08	7.41
11.17	7.62
11.25	7.83
11.33	8.05
11.42	8.28
11.50	8.52
11.58	8.79
11.67	9.08
11.75	9.38
11.83	9.69
11.92	10.03
12.00	10.37
12.08	10.70
12.17	11.03
12.25	11.38
12.33	11.74
12.42	12.12
12.50	12.49
12.58	12.88
12.67	13.26
12.75	13.67
12.83	14.10
12.92	14.51
13.00	14.91
13.08	15.33
13.17	15.74
13.25	16.12
13.33	16.47
13.42	16.80
13.50	17.12
13.58	17.40
13.67	17.64
13.75	17.82
13.83	17.98
13.92	18.13
14.00	18.26
14.08	18.37
14.17	18.43
14.25	18.47
14.33	18.51
14.42	18.55
14.50	18.55
14.58	18.53
14.67	18.47
14.75	18.39
14.83	18.26
14.92	18.11
15.00	17.94
15.08	17.71
15.17	17.47
15.25	17.24
15.33	16.98
15.42	16.82
15.50	16.68
15.58	16.54
15.67	16.43
15.75	16.34
15.83	16.28
15.92	16.23
16.00	16.24
16.08	16.29
16.17	16.37
16.25	16.48
16.33	16.55
16.42	16.56
16.50	16.60
16.58	16.67
16.67	16.76
16.75	16.86
16.83	16.96
16.92	17.07
17.00	17.17
17.08	17.27
17.17	17.35
17.25	17.40
17.33	17.43
17.42	17.44
17.50	17.41
17.58	17.41
17.67	17.30
17.75	17.15
17.83	17.00
17.92	16.86
18.00	16.65
18.08	16.37
18.17	16.14
18.25	15.92
18.33	15.66
18.42	15.36
18.50	14.98
18.58	14.56
18.67	14.17
18.75	13.75
18.83	13.26
18.92	12.77
19.00	12.32
19.08	11.88
19.17	11.37
19.25	10.88
19.33	10.43
19.42	10.02
19.50	9.67
19.58	9.36
19.67	9.12
19.75	8.92
19.83	8.75
19.92	8.60
20.00	8.47
20.08	8.36
20.17	8.26
20.25	8.17
20.33	8.10
20.42	8.04
20.50	7.98
20.58	7.90
20.67	7.81
20.75	7.72
20.83	7.63
20.92	7.53
21.00	7.41
21.08	7.30
21.17	7.18
21.25	7.10
21.33	7.03
21.42	6.95
21.50	6.87
21.58	6.79
21.67	6.68
21.75	6.53
21.83	6.38
21.92	6.25
22.00	6.13
22.08	6.00
22.17	5.87
22.25	5.71
22.33	5.56
22.42	5.42
22.50	5.27
22.58	5.14
22.67	5.05
22.75	4.98
22.83	4.91
22.92	4.85
23.00	4.78
23.08	4.70
23.17	4.62
23.25	4.53
23.33	4.43
23.42	4.33
23.50	4.21
23.58	4.10
23.67	4.03
23.75	3.98
23.83	3.95
23.92	3.92
0.00	3.47
0.08	3.46
0.17	3.45
0.25	3.43
0.33	3.39
0.42	3.35
0.50	3.29
0.58	3.25
0.67	3.21
0.75	3.18
0.83	3.15
0.92	3.13
1.00	3.11
1.08	3.09
1.17	3.07
1.25	3.05
1.33	3.03
1.42	3.02
1.50	3.01
1.58	3.01
1.67	3.01
1.75	3.02
1.83	3.03
1.92	3.03
2.00	3.03
2.08	3.03
2.17	3.03
2.25	3.03
2.33	3.04
2.42	3.04
2.50	3.05
2.58	3.06
2.67	3.06
2.75	3.05
2.83	3.06
2.92	3.06
3.00	3.06
3.08	3.06
3.17	3.06
3.25	3.06
3.33	3.06
3.42	3.06
3.50	3.04
3.58	3.02
3.67	3.00
3.75	2.98
3.83	2.96
3.92	2.94
4.00	2.93
4.08	2.91
4.17	2.91
4.25	2.89
4.33	2.87
4.42	2.84
4.50	2.82
4.58	2.80
4.67	2.80
4.75	2.80
4.83	2.80
4.92	2.80
5.00	2.81
5.08	2.83
5.17	2.85
5.25	2.89
5.33	2.92
5.42	2.95
5.50	2.97
5.58	2.99
5.67	2.98
5.75	2.97
5.83	2.96
5.92	2.94
6.00	2.92
6.08	2.88
6.17	2.83
6.25	2.77
6.33	2.71
6.42	2.64
6.50	2.58
6.58	2.53
6.67	2.49
6.75	2.44
6.83	2.41
6.92	2.37
7.00	2.34
7.08	2.31
7.17	2.28
7.25	2.28
7.33	2.27
7.42	2.26
7.50	2.26
7.58	2.25
7.67	2.25
7.75	2.24
7.83	2.23
7.92	2.22
8.00	2.21
8.08	2.20
8.17	2.19
8.25	2.19
8.33	2.19
8.42	2.20
8.50	2.23
8.58	2.27
8.67	2.32
8.75	2.40
8.83	2.51
8.92	2.64
9.00	2.81
9.08	3.01
9.17	3.23
9.25	3.45
9.33	3.70
9.42	3.97
9.50	4.27
9.58	4.58
9.67	4.90
9.75	5.22
9.83	5.55
9.92	5.88
10.00	6.22
10.08	6.55
10.17	6.92
10.25	7.30
10.33	7.69
10.42	8.07
10.50	8.42
10.58	8.76
10.67	9.10
10.75	9.44
10.83	9.76
10.92	10.08
11.00	10.39
11.08	10.68
11.17	10.96
11.25	11.23
11.33	11.50
11.42	11.76
11.50	12.06
11.58	12.35
11.67	12.66
11.75	12.97
11.83	13.31
11.92	13.65
12.00	14.00
12.08	14.36
12.17	14.73
12.25	15.12
12.33	15.51
12.42	15.88
12.50	16.29
12.58	16.72
12.67	17.14
12.75	17.55
12.83	17.96
12.92	18.36
13.00	18.78
13.08	19.20
13.17	19.62
13.25	20.03
13.33	20.46
13.42	20.90
13.50	21.29
13.58	21.67
13.67	22.04
13.75	22.41
13.83	22.73
13.92	23.04
14.00	23.33
14.08	23.54
14.17	23.70
14.25	23.83
14.33	23.91
14.42	23.96
14.50	23.98
14.58	23.98
14.67	23.92
14.75	23.84
14.83	23.72
14.92	23.58
15.00	23.35
15.08	23.14
15.17	22.95
15.25	22.77
15.33	22.63
15.42	22.50
15.50	22.37
15.58	22.25
15.67	22.15
15.75	22.05
15.83	21.96
15.92	21.91
16.00	21.91
16.08	21.88
16.17	21.81
16.25	21.72
16.33	21.58
16.42	21.43
16.50	21.27
16.58	21.08
16.67	20.89
16.75	20.67
16.83	20.43
16.92	20.14
17.00	19.83
17.08	19.51
17.17	19.16
17.25	18.78
17.33	18.37
17.42	17.92
17.50	17.51
17.58	17.06
17.67	16.54
17.75	16.02
17.83	15.51
17.92	14.99
18.00	14.44
18.08	13.93
18.17	13.50
18.25	13.05
18.33	12.61
18.42	12.16
18.50	11.67
18.58	11.26
18.67	10.89
18.75	10.52
18.83	10.17
18.92	9.87
19.00	9.62
19.08	9.32
19.17	9.03
19.25	8.77
19.33	8.55
19.42	8.35
19.50	8.18
19.58	8.03
19.67	7.90
19.75	7.77
19.83	7.64
19.92	7.53
20.00	7.41
20.08	7.28
20.17	7.15
20.25	7.02
20.33	6.90
20.42	6.79
20.50	6.66
20.58	6.52
20.67	6.38
20.75	6.24
20.83	6.09
20.92	5.93
21.00	5.78
21.08	5.63
21.17	5.52
21.25	5.43
21.33	5.31
21.42	5.20
21.50	5.10
21.58	5.01
21.67	4.91
21.75	4.80
21.83	4.71
21.92	4.63
22.00	4.56
22.08	4.49
22.17	4.41
22.25	4.33
22.33	4.25
22.42	4.18
22.50	4.12
22.58	4.06
22.67	4.03
22.75	4.00
22.83	3.98
22.92	3.96
23.00	3.94
23.08	3.91
23.17	3.88
23.25	3.85
23.33	3.82
23.42	3.79
23.50	3.78
23.58	3.76
23.67	3.75
23.75	3.74
23.83	3.73
23.92	3.72
0.00	2.92
0.08	2.92
0.17	2.92
0.25	2.91
0.33	2.89
0.42	2.87
0.50	2.85
0.58	2.85
0.67	2.83
0.75	2.82
0.83	2.82
0.92	2.82
1.00	2.82
1.08	2.83
1.17	2.83
1.25	2.84
1.33	2.85
1.42	2.87
1.50	2.89
1.58	2.91
1.67	2.94
1.75	2.97
1.83	2.99
1.92	3.01
2.00	3.03
2.08	3.04
2.17	3.06
2.25	3.06
2.33	3.07
2.42	3.07
2.50	3.07
2.58	3.06
2.67	3.05
2.75	3.04
2.83	3.03
2.92	3.01
3.00	3.00
3.08	2.97
3.17	2.95
3.25	2.93
3.33	2.92
3.42	2.89
3.50	2.86
3.58	2.83
3.67	2.79
3.75	2.76
3.83	2.73
3.92	2.70
4.00	2.68
4.08	2.65
4.17	2.63
4.25	2.60
4.33	2.57
4.42	2.54
4.50	2.52
4.58	2.51
4.67	2.52
4.75	2.54
4.83	2.55
4.92	2.57
5.00	2.59
5.08	2.63
5.17	2.68
5.25	2.73
5.33	2.78
5.42	2.83
5.50	2.86
5.58	2.87
5.67	2.88
5.75	2.88
5.83	2.88
5.92	2.87
6.00	2.85
6.08	2.82
6.17	2.78
6.25	2.72
6.33	2.67
6.42	2.62
6.50	2.58
6.58	2.54
6.67	2.50
6.75	2.47
6.83	2.44
6.92	2.42
7.00	2.40
7.08	2.38
7.17	2.37
7.25	2.37
7.33	2.37
7.42	2.37
7.50	2.36
7.58	2.36
7.67	2.35
7.75	2.34
7.83	2.32
7.92	2.30
8.00	2.27
8.08	2.25
8.17	2.23
8.25	2.22
8.33	2.21
8.42	2.21
8.50	2.22
8.58	2.25
8.67	2.29
8.75	2.36
8.83	2.45
8.92	2.57
9.00	2.70
9.08	2.86
9.17	3.02
9.25	3.20
9.33	3.39
9.42	3.59
9.50	3.79
9.58	4.01
9.67	4.21
9.75	4.40
9.83	4.59
9.92	4.77
10.00	4.96
10.08	5.15
10.17	5.35
10.25	5.56
10.33	5.78
10.42	5.99
10.50	6.20
10.58	6.42
10.67	6.66
10.75	6.90
10.83	7.14
10.92	7.38
11.00	7.62
11.08	7.87
11.17	8.12
11.25	8.37
11.33	8.63
11.42	8.90
11.50	9.18
11.58	9.46
11.67	9.75
11.75	10.05
11.83	10.37
11.92	10.68
12.00	10.99
12.08	11.31
12.17	11.64
12.25	11.98
12.33	12.31
12.42	12.67
12.50	13.04
12.58	13.41
12.67	13.78
12.75	14.15
12.83	14.50
12.92	14.86
13.00	15.20
13.08	15.53
13.17	15.83
13.25	16.11
13.33	16.38
13.42	16.61
13.50	16.81
13.58	16.99
13.67	17.15
13.75	17.29
13.83	17.41
13.92	17.52
14.00	17.59
14.08	17.63
14.17	17.66
14.25	17.66
14.33	17.66
14.42	17.65
14.50	17.64
14.58	17.63
14.67	17.62
14.75	17.64
14.83	17.67
14.92	17.71
15.00	17.78
15.08	17.86
15.17	17.97
15.25	18.10
15.33	18.22
15.42	18.34
15.50	18.45
15.58	18.54
15.67	18.60
15.75	18.63
15.83	18.62
15.92	18.60
16.00	18.55
16.08	18.44
16.17	18.27
16.25	18.08
16.33	17.86
16.42	17.61
16.50	17.33
16.58	17.02
16.67	16.70
16.75	16.37
16.83	16.03
16.92	15.70
17.00	15.37
17.08	15.08
17.17	14.80
17.25	14.53
17.33	14.27
17.42	14.04
17.50	13.82
17.58	13.59
17.67	13.37
17.75	13.18
17.83	12.98
17.92	12.76
18.00	12.56
18.08	12.43
18.17	12.31
18.25	12.19
18.33	12.06
18.42	11.89
18.50	11.75
18.58	11.60
18.67	11.43
18.75	11.25
18.83	11.08
18.92	10.93
19.00	10.72
19.08	10.47
19.17	10.21
19.25	9.97
19.33	9.73
19.42	9.51
19.50	9.32
19.58	9.16
19.67	9.01
19.75	8.87
19.83	8.74
19.92	8.61
20.00	8.48
20.08	8.35
20.17	8.23
20.25	8.13
20.33	8.04
20.42	7.94
20.50	7.83
20.58	7.71
20.67	7.59
20.75	7.46
20.83	7.32
20.92	7.19
21.00	7.06
21.08	6.95
21.17	6.86
21.25	6.75
21.33	6.64
21.42	6.53
21.50	6.41
21.58	6.27
21.67	6.13
21.75	5.99
21.83	5.85
21.92	5.72
22.00	5.59
22.08	5.44
22.17	5.30
22.25	5.16
22.33	5.04
22.42	4.92
22.50	4.82
22.58	4.75
22.67	4.68
22.75	4.62
22.83	4.56
22.92	4.50
23.00	4.43
23.08	4.36
23.17	4.28
23.25	4.21
23.33	4.14
23.42	4.07
23.50	3.98
23.58	3.90
23.67	3.86
23.75	3.83
23.83	3.81
23.92	3.80
0.00	3.51
0.08	3.50
0.17	3.49
0.25	3.47
0.33	3.43
0.42	3.38
0.50	3.34
0.58	3.30
0.67	3.26
0.75	3.22
0.83	3.20
0.92	3.17
1.00	3.16
1.08	3.14
1.17	3.13
1.25	3.13
1.33	3.13
1.42	3.14
1.50	3.15
1.58	3.17
1.67	3.19
1.75	3.21
1.83	3.24
1.92	3.26
2.00	3.27
2.08	3.28
2.17	3.29
2.25	3.30
2.33	3.34
2.42	3.38
2.50	3.41
2.58	3.44
2.67	3.47
2.75	3.49
2.83	3.51
2.92	3.52
3.00	3.53
3.08	3.55
3.17	3.56
3.25	3.57
3.33	3.55
3.42	3.53
3.50	3.52
3.58	3.50
3.67	3.47
3.75	3.45
3.83	3.42
3.92	3.40
4.00	3.39
4.08	3.37
4.17	3.35
4.25	3.32
4.33	3.28
4.42	3.24
4.50	3.20
4.58	3.19
4.67	3.18
4.75	3.17
4.83	3.17
4.92	3.18
5.00	3.20
5.08	3.22
5.17	3.25
5.25	3.28
5.33	3.32
5.42	3.35
5.50	3.36
5.58	3.36
5.67	3.35
5.75	3.32
5.83	3.30
5.92	3.26
6.00	3.20
6.08	3.13
6.17	3.04
6.25	2.95
6.33	2.87
6.42	2.79
6.50	2.72
6.58	2.65
6.67	2.59
6.75	2.53
6.83	2.49
6.92	2.45
7.00	2.42
7.08	2.40
7.17	2.40
7.25	2.39
7.33	2.38
7.42	2.38
7.50	2.37
7.58	2.36
7.67	2.35
7.75	2.33
7.83	2.31
7.92	2.28
8.00	2.26
8.08	2.23
8.17	2.21
8.25	2.20
8.33	2.19
8.42	2.19
8.50	2.21
8.58	2.24
8.67	2.29
8.75	2.37
8.83	2.48
8.92	2.61
9.00	2.77
9.08	2.94
9.17	3.12
9.25	3.32
9.33	3.53
9.42	3.74
9.50	3.97
9.58	4.18
9.67	4.38
9.75	4.57
9.83	4.74
9.92	4.90
10.00	5.05
10.08	5.22
10.17	5.37
10.25	5.53
10.33	5.67
10.42	5.80
10.50	5.93
10.58	6.07
10.67	6.21
10.75	6.35
10.83	6.49
10.92	6.64
11.00	6.78
11.08	6.93
11.17	7.08
11.25	7.22
11.33	7.38
11.42	7.54
11.50	7.70
11.58	7.88
11.67	8.07
11.75	8.27
11.83	8.47
11.92	8.68
12.00	8.89
12.08	9.12
12.17	9.37
12.25	9.61
12.33	9.88
12.42	10.19
12.50	10.51
12.58	10.83
12.67	11.16
12.75	11.51
12.83	11.89
12.92	12.28
13.00	12.68
13.08	13.10
13.17	13.54
13.25	14.01
13.33	14.47
13.42	14.93
13.50	15.42
13.58	15.92
13.67	16.42
13.75	16.93
13.83	17.44
13.92	17.91
14.00	18.36
14.08	18.78
14.17	19.17
14.25	19.52
14.33	19.86
14.42	20.16
14.50	20.43
14.58	20.67
14.67	20.88
14.75	21.06
14.83	21.18
14.92	21.27
15.00	21.35
15.08	21.41
15.17	21.49
15.25	21.58
15.33	21.66
15.42	21.71
15.50	21.75
15.58	21.77
15.67	21.78
15.75	21.79
15.83	21.85
15.92	21.92
16.00	21.96
16.08	21.99
16.17	21.97
16.25	21.91
16.33	21.83
16.42	21.74
16.50	21.64
16.58	21.51
16.67	21.37
16.75	21.18
16.83	20.95
16.92	20.69
17.00	20.41
17.08	20.09
17.17	19.75
17.25	19.38
17.33	19.00
17.42	18.61
17.50	18.16
17.58	17.69
17.67	17.21
17.75	16.72
17.83	16.21
17.92	15.69
18.00	15.24
18.08	14.78
18.17	14.33
18.25	13.88
18.33	13.38
18.42	12.92
18.50	12.48
18.58	12.04
18.67	11.61
18.75	11.20
18.83	10.84
18.92	10.46
19.00	10.06
19.08	9.68
19.17	9.33
19.25	9.00
19.33	8.70
19.42	8.44
19.50	8.22
19.58	8.02
19.67	7.83
19.75	7.64
19.83	7.47
19.92	7.29
20.00	7.13
20.08	6.97
20.17	6.83
20.25	6.71
20.33	6.59
20.42	6.44
20.50	6.29
20.58	6.14
20.67	6.00
20.75	5.85
20.83	5.72
20.92	5.59
21.00	5.49
21.08	5.42
21.17	5.34
21.25	5.25
21.33	5.18
21.42	5.11
21.50	5.04
21.58	4.96
21.67	4.89
21.75	4.82
21.83	4.75
21.92	4.68
22.00	4.60
22.08	4.51
22.17	4.42
22.25	4.32
22.33	4.23
22.42	4.14
22.50	4.07
22.58	4.00
22.67	3.94
22.75	3.88
22.83	3.83
22.92	3.78
23.00	3.72
23.08	3.65
23.17	3.60
23.25	3.55
23.33	3.50
23.42	3.44
23.50	3.38
23.58	3.33
23.67	3.30
23.75	3.28
23.83	3.27
23.92	3.27
0.00	2.83
0.08	2.82
0.17	2.81
0.25	2.79
0.33	2.75
0.42	2.72
0.50	2.68
0.58	2.63
0.67	2.59
0.75	2.56
0.83	2.52
0.92	2.49
1.00	2.46
1.08	2.43
1.17	2.40
1.25	2.38
1.33	2.37
1.42	2.36
1.50	2.36
1.58	2.36
1.67	2.37
1.75	2.37
1.83	2.38
1.92	2.39
2.00	2.39
2.08	2.40
2.17	2.40
2.25	2.42
2.33	2.44
2.42	2.45
2.50	2.47
2.58	2.48
2.67	2.49
2.75	2.49
2.83	2.49
2.92	2.49
3.00	2.48
3.08	2.48
3.17	2.48
3.25	2.46
3.33	2.44
3.42	2.42
3.50	2.39
3.58	2.37
3.67	2.35
3.75	2.34
3.83	2.35
3.92	2.36
4.00	2.37
4.08	2.37
4.17	2.37
4.25	2.37
4.33	2.38
4.42	2.39
4.50	2.42
4.58	2.45
4.67	2.48
4.75	2.50
4.83	2.53
4.92	2.56
5.00	2.60
5.08	2.65
5.17	2.68
5.25	2.72
5.33	2.74
5.42	2.74
5.50	2.73
5.58	2.72
5.67	2.70
5.75	2.68
5.83	2.65
5.92	2.60
6.00	2.55
6.08	2.49
6.17	2.42
6.25	2.36
6.33	2.31
6.42	2.26
6.50	2.22
6.58	2.18
6.67	2.16
6.75	2.14
6.83	2.12
6.92	2.10
7.00	2.10
7.08	2.11
7.17	2.12
7.25	2.14
7.33	2.15
7.42	2.15
7.50	2.16
7.58	2.17
7.67	2.18
7.75	2.17
7.83	2.16
7.92	2.15
8.00	2.14
8.08	2.13
8.17	2.12
8.25	2.12
8.33	2.12
8.42	2.13
8.50	2.15
8.58	2.19
8.67	2.24
8.75	2.31
8.83	2.42
8.92	2.55
9.00	2.68
9.08	2.83
9.17	3.00
9.25	3.18
9.33	3.38
9.42	3.59
9.50	3.80
9.58	4.00
9.67	4.21
9.75	4.40
9.83	4.59
9.92	4.77
10.00	4.96
10.08	5.15
10.17	5.34
10.25	5.52
10.33	5.66
10.42	5.80
10.50	5.95
10.58	6.10
10.67	6.26
10.75	6.41
10.83	6.56
10.92	6.72
11.00	6.88
11.08	7.04
11.17	7.20
11.25	7.38
11.33	7.59
11.42	7.80
11.50	8.01
11.58	8.24
11.67	8.47
11.75	8.71
11.83	8.96
11.92	9.21
12.00	9.47
12.08	9.75
12.17	10.01
12.25	10.27
12.33	10.58
12.42	10.89
12.50	11.20
12.58	11.49
12.67	11.78
12.75	12.08
12.83	12.37
12.92	12.65
13.00	12.93
13.08	13.20
13.17	13.50
13.25	13.76
13.33	14.00
13.42	14.24
13.50	14.49
13.58	14.75
13.67	15.02
13.75	15.30
13.83	15.56
13.92	15.80
14.00	16.05
14.08	16.30
14.17	16.55
14.25	16.80
14.33	17.05
14.42	17.30
14.50	17.55
14.58	17.81
14.67	18.06
14.75	18.28
14.83	18.47
14.92	18.66
15.00	18.83
15.08	19.01
15.17	19.22
15.25	19.41
15.33	19.58
15.42	19.73
15.50	19.85
15.58	19.95
15.67	20.02
15.75	20.16
15.83	20.30
15.92	20.44
16.00	20.57
16.08	20.64
16.17	20.69
16.25	20.74
16.33	20.78
16.42	20.80
16.50	20.79
16.58	20.75
16.67	20.66
16.75	20.51
16.83	20.30
16.92	20.05
17.00	19.77
17.08	19.45
17.17	19.09
17.25	18.74
17.33	18.39
17.42	17.96
17.50	17.50
17.58	17.05
17.67	16.60
17.75	16.14
17.83	15.70
17.92	15.33
18.00	14.96
18.08	14.59
18.17	14.20
18.25	13.72
18.33	13.27
18.42	12.85
18.50	12.42
18.58	11.96
18.67	11.52
18.75	11.08
18.83	10.63
18.92	10.13
19.00	9.65
19.08	9.19
19.17	8.76
19.25	8.36
19.33	8.00
19.42	7.69
19.50	7.42
19.58	7.18
19.67	6.97
19.75	6.78
19.83	6.61
19.92	6.44
20.00	6.28
20.08	6.14
20.17	6.03
20.25	5.92
20.33	5.79
20.42	5.66
20.50	5.53
20.58	5.40
20.67	5.27
20.75	5.14
20.83	5.02
20.92	4.92
21.00	4.86
21.08	4.78
21.17	4.70
21.25	4.62
21.33	4.55
21.42	4.48
21.50	4.40
21.58	4.34
21.67	4.28
21.75	4.22
21.83	4.17
21.92	4.10
22.00	4.04
22.08	3.99
22.17	3.93
22.25	3.87
22.33	3.81
22.42	3.76
22.50	3.71
22.58	3.67
22.67	3.62
22.75	3.57
22.83	3.53
22.92	3.47
23.00	3.41
23.08	3.35
23.17	3.30
23.25	3.26
23.33	3.21
23.42	3.16
23.50	3.11
23.58	3.07
23.67	3.05
23.75	3.04
23.83	3.04
23.92	3.04
0.00	2.46
0.08	2.46
0.17	2.44
0.25	2.43
0.33	2.41
0.42	2.38
0.50	2.35
0.58	2.32
0.67	2.30
0.75	2.28
0.83	2.27
0.92	2.26
1.00	2.26
1.08	2.26
1.17	2.26
1.25	2.27
1.33	2.29
1.42	2.30
1.50	2.32
1.58	2.32
1.67	2.32
1.75	2.32
1.83	2.32
1.92	2.33
2.00	2.32
2.08	2.32
2.17	2.32
2.25	2.33
2.33	2.34
2.42	2.36
2.50	2.39
2.58	2.42
2.67	2.45
2.75	2.48
2.83	2.50
2.92	2.52
3.00	2.55
3.08	2.58
3.17	2.60
3.25	2.60
3.33	2.60
3.42	2.61
3.50	2.61
3.58	2.62
3.67	2.61
3.75	2.61
3.83	2.61
3.92	2.62
4.00	2.62
4.08	2.62
4.17	2.62
4.25	2.62
4.33	2.62
4.42	2.63
4.50	2.65
4.58	2.68
4.67	2.71
4.75	2.74
4.83	2.79
4.92	2.86
5.00	2.92
5.08	2.98
5.17	3.04
5.25	3.09
5.33	3.12
5.42	3.13
5.50	3.13
5.58	3.13
5.67	3.12
5.75	3.11
5.83	3.07
5.92	3.02
6.00	2.96
6.08	2.89
6.17	2.82
6.25	2.76
6.33	2.71
6.42	2.67
6.50	2.62
6.58	2.58
6.67	2.56
6.75	2.55
6.83	2.54
6.92	2.53
7.00	2.55
7.08	2.56
7.17	2.57
7.25	2.59
7.33	2.60
7.42	2.61
7.50	2.62
7.58	2.62
7.67	2.60
7.75	2.58
7.83	2.56
7.92	2.53
8.00	2.51
8.08	2.50
8.17	2.50
8.25	2.49
8.33	2.49
8.42	2.50
8.50	2.52
8.58	2.55
8.67	2.61
8.75	2.69
8.83	2.80
8.92	2.92
9.00	3.04
9.08	3.17
9.17	3.32
9.25	3.48
9.33	3.66
9.42	3.83
9.50	3.98
9.58	4.13
9.67	4.26
9.75	4.37
9.83	4.47
9.92	4.58
10.00	4.69
10.08	4.79
10.17	4.89
10.25	4.96
10.33	5.03
10.42	5.11
10.50	5.21
10.58	5.31
10.67	5.41
10.75	5.52
10.83	5.63
10.92	5.75
11.00	5.86
11.08	5.97
11.17	6.09
11.25	6.23
11.33	6.36
11.42	6.50
11.50	6.64
11.58	6.77
11.67	6.91
11.75	7.03
11.83	7.15
11.92	7.28
12.00	7.42
12.08	7.55
12.17	7.69
12.25	7.86
12.33	8.05
12.42	8.23
12.50	8.42
12.58	8.61
12.67	8.81
12.75	9.02
12.83	9.23
12.92	9.45
13.00	9.67
13.08	9.92
13.17	10.16
13.25	10.38
13.33	10.62
13.42	10.88
13.50	11.15
13.58	11.44
13.67	11.76
13.75	12.07
13.83	12.36
13.92	12.67
14.00	12.98
14.08	13.31
14.17	13.65
14.25	14.00
14.33	14.38
14.42	14.77
14.50	15.18
14.58	15.61
14.67	16.02
14.75	16.41
14.83	16.82
14.92	17.22
15.00	17.65
15.08	18.14
15.17	18.62
15.25	19.10
15.33	19.55
15.42	20.00
15.50	20.43
15.58	20.84
15.67	21.29
15.75	21.76
15.83	22.22
15.92	22.63
16.00	22.99
16.08	23.29
16.17	23.57
16.25	23.82
16.33	24.04
16.42	24.20
16.50	24.30
16.58	24.34
16.67	24.32
16.75	24.24
16.83	24.11
16.92	23.96
17.00	23.76
17.08	23.52
17.17	23.26
17.25	23.04
17.33	22.75
17.42	22.44
17.50	22.15
17.58	21.88
17.67	21.60
17.75	21.32
17.83	21.14
17.92	21.01
18.00	20.86
18.08	20.71
18.17	20.48
18.25	20.23
18.33	19.99
18.42	19.72
18.50	19.41
18.58	19.07
18.67	18.72
18.75	18.32
18.83	17.77
18.92	17.18
19.00	16.55
19.08	15.89
19.17	15.19
19.25	14.49
19.33	13.83
19.42	13.15
19.50	12.48
19.58	11.81
19.67	11.14
19.75	10.49
19.83	9.85
19.92	9.26
20.00	8.71
20.08	8.25
20.17	7.84
20.25	7.43
20.33	7.04
20.42	6.70
20.50	6.39
20.58	6.11
20.67	5.85
20.75	5.62
20.83	5.42
20.92	5.29
21.00	5.15
21.08	5.00
21.17	4.86
21.25	4.74
21.33	4.60
21.42	4.44
21.50	4.30
21.58	4.17
21.67	4.05
21.75	3.94
21.83	3.81
21.92	3.68
22.00	3.56
22.08	3.44
22.17	3.33
22.25	3.23
22.33	3.17
22.42	3.12
22.50	3.07
22.58	3.03
22.67	2.99
22.75	2.95
22.83	2.91
22.92	2.86
23.00	2.81
23.08	2.78
23.17	2.75
23.25	2.72
23.33	2.69
23.42	2.66
23.50	2.62
23.58	2.60
23.67	2.58
23.75	2.58
23.83	2.58
23.92	2.59
0.00	2.58
0.08	2.57
0.17	2.55
0.25	2.53
0.33	2.51
0.42	2.48
0.50	2.44
0.58	2.41
0.67	2.39
0.75	2.37
0.83	2.35
0.92	2.33
1.00	2.32
1.08	2.31
1.17	2.31
1.25	2.32
1.33	2.34
1.42	2.35
1.50	2.37
1.58	2.38
1.67	2.39
1.75	2.40
1.83	2.41
1.92	2.42
2.00	2.43
2.08	2.45
2.17	2.47
2.25	2.49
2.33	2.51
2.42	2.53
2.50	2.55
2.58	2.57
2.67	2.59
2.75	2.61
2.83	2.63
2.92	2.64
3.00	2.67
3.08	2.68
3.17	2.67
3.25	2.67
3.33	2.66
3.42	2.65
3.50	2.65
3.58	2.64
3.67	2.64
3.75	2.65
3.83	2.65
3.92	2.66
4.00	2.66
4.08	2.66
4.17	2.67
4.25	2.67
4.33	2.69
4.42	2.72
4.50	2.75
4.58	2.78
4.67	2.81
4.75	2.84
4.83	2.88
4.92	2.93
5.00	2.97
5.08	3.01
5.17	3.05
5.25	3.08
5.33	3.09
5.42	3.09
5.50	3.10
5.58	3.10
5.67	3.11
5.75	3.10
5.83	3.09
5.92	3.06
6.00	3.03
6.08	2.99
6.17	2.96
6.25	2.94
6.33	2.92
6.42	2.90
6.50	2.88
6.58	2.86
6.67	2.85
6.75	2.84
6.83	2.83
6.92	2.83
7.00	2.84
7.08	2.85
7.17	2.85
7.25	2.85
7.33	2.85
7.42	2.85
7.50	2.84
7.58	2.82
7.67	2.80
7.75	2.77
7.83	2.73
7.92	2.70
8.00	2.67
8.08	2.64
8.17	2.61
8.25	2.59
8.33	2.58
8.42	2.57
8.50	2.58
8.58	2.60
8.67	2.65
8.75	2.73
8.83	2.82
8.92	2.91
9.00	3.01
9.08	3.14
9.17	3.28
9.25	3.43
9.33	3.59
9.42	3.74
9.50	3.88
9.58	4.02
9.67	4.15
9.75	4.26
9.83	4.38
9.92	4.51
10.00	4.63
10.08	4.75
10.17	4.83
10.25	4.91
10.33	4.99
10.42	5.08
10.50	5.18
10.58	5.27
10.67	5.36
10.75	5.46
10.83	5.55
10.92	5.62
11.00	5.70
11.08	5.77
11.17	5.87
11.25	5.97
11.33	6.08
11.42	6.19
11.50	6.30
11.58	6.43
11.67	6.55
11.75	6.68
11.83	6.81
11.92	6.96
12.00	7.10
12.08	7.25
12.17	7.42
12.25	7.61
12.33	7.79
12.42	7.97
12.50	8.14
12.58	8.31
12.67	8.49
12.75	8.67
12.83	8.84
12.92	9.02
13.00	9.21
13.08	9.40
13.17	9.56
13.25	9.73
13.33	9.92
13.42	10.11
13.50	10.32
13.58	10.54
13.67	10.76
13.75	10.95
13.83	11.15
13.92	11.37
14.00	11.58
14.08	11.82
14.17	12.07
14.25	12.34
14.33	12.63
14.42	12.93
14.50	13.24
14.58	13.54
14.67	13.84
14.75	14.15
14.83	14.46
14.92	14.79
15.00	15.13
15.08	15.47
15.17	15.79
15.25	16.10
15.33	16.37
15.42	16.62
15.50	16.85
15.58	17.08
15.67	17.34
15.75	17.56
15.83	17.70
15.92	17.77
16.00	17.79
16.08	17.78
16.17	17.75
16.25	17.68
16.33	17.59
16.42	17.48
16.50	17.34
16.58	17.18
16.67	17.01
16.75	16.83
16.83	16.70
16.92	16.57
17.00	16.43
17.08	16.30
17.17	16.19
17.25	16.04
17.33	15.87
17.42	15.69
17.50	15.50
17.58	15.30
17.67	15.07
17.75	14.87
17.83	14.73
17.92	14.57
18.00	14.40
18.08	14.20
18.17	13.97
18.25	13.80
18.33	13.63
18.42	13.46
18.50	13.31
18.58	13.18
18.67	13.06
18.75	12.87
18.83	12.66
18.92	12.46
19.00	12.26
19.08	12.07
19.17	11.90
19.25	11.76
19.33	11.63
19.42	11.49
19.50	11.34
19.58	11.18
19.67	11.02
19.75	10.84
19.83	10.65
19.92	10.46
20.00	10.28
20.08	10.09
20.17	9.86
20.25	9.59
20.33	9.32
20.42	9.04
20.50	8.77
20.58	8.50
20.67	8.23
20.75	7.98
20.83	7.79
20.92	7.62
21.00	7.44
21.08	7.28
21.17	7.14
21.25	6.99
21.33	6.80
21.42	6.62
21.50	6.45
21.58	6.29
21.67	6.12
21.75	5.94
21.83	5.75
21.92	5.56
22.00	5.36
22.08	5.17
22.17	4.98
22.25	4.83
22.33	4.71
22.42	4.58
22.50	4.47
22.58	4.36
22.67	4.27
22.75	4.17
22.83	4.08
22.92	3.99
23.00	3.92
23.08	3.86
23.17	3.82
23.25	3.79
23.33	3.75
23.42	3.72
23.50	3.68
23.58	3.65
23.67	3.63
23.75	3.63
23.83	3.62
23.92	3.63
0.00	2.60
0.08	2.59
0.17	2.57
0.25	2.55
0.33	2.52
0.42	2.47
0.50	2.42
0.58	2.38
0.67	2.35
0.75	2.33
0.83	2.32
0.92	2.32
1.00	2.33
1.08	2.34
1.17	2.38
1.25	2.43
1.33	2.49
1.42	2.54
1.50	2.59
1.58	2.64
1.67	2.69
1.75	2.73
1.83	2.77
1.92	2.81
2.00	2.85
2.08	2.91
2.17	2.95
2.25	2.99
2.33	3.03
2.42	3.08
2.50	3.11
2.58	3.15
2.67	3.18
2.75	3.21
2.83	3.23
2.92	3.27
3.00	3.29
3.08	3.28
3.17	3.27
3.25	3.26
3.33	3.26
3.42	3.26
3.50	3.26
3.58	3.27
3.67	3.28
3.75	3.29
3.83	3.31
3.92	3.34
4.00	3.36
4.08	3.38
4.17	3.40
4.25	3.42
4.33	3.44
4.42	3.47
4.50	3.49
4.58	3.51
4.67	3.54
4.75	3.60
4.83	3.64
4.92	3.68
5.00	3.71
5.08	3.74
5.17	3.76
5.25	3.76
5.33	3.76
5.42	3.75
5.50	3.74
5.58	3.73
5.67	3.71
5.75	3.67
5.83	3.61
5.92	3.54
6.00	3.46
6.08	3.39
6.17	3.33
6.25	3.26
6.33	3.18
6.42	3.11
6.50	3.06
6.58	3.01
6.67	2.95
6.75	2.89
6.83	2.87
6.92	2.85
7.00	2.83
7.08	2.81
7.17	2.79
7.25	2.77
7.33	2.76
7.42	2.74
7.50	2.69
7.58	2.63
7.67	2.58
7.75	2.52
7.83	2.46
7.92	2.42
8.00	2.38
8.08	2.34
8.17	2.31
8.25	2.28
8.33	2.26
8.42	2.25
8.50	2.26
8.58	2.28
8.67	2.33
8.75	2.41
8.83	2.49
8.92	2.58
9.00	2.69
9.08	2.84
9.17	3.01
9.25	3.19
9.33	3.38
9.42	3.56
9.50	3.75
9.58	3.93
9.67	4.10
9.75	4.28
9.83	4.46
9.92	4.63
10.00	4.78
10.08	4.92
10.17	5.02
10.25	5.12
10.33	5.24
10.42	5.35
10.50	5.46
10.58	5.57
10.67	5.68
10.75	5.78
10.83	5.89
10.92	5.99
11.00	6.10
11.08	6.24
11.17	6.38
11.25	6.53
11.33	6.69
11.42	6.85
11.50	7.03
11.58	7.19
11.67	7.36
11.75	7.54
11.83	7.73
11.92	7.93
12.00	8.13
12.08	8.34
12.17	8.57
12.25	8.80
12.33	9.02
12.42	9.24
12.50	9.45
12.58	9.69
12.67	9.92
12.75	10.15
12.83	10.38
12.92	10.61
13.00	10.86
13.08	11.08
13.17	11.31
13.25	11.54
13.33	11.79
13.42	12.04
13.50	12.30
13.58	12.55
13.67	12.79
13.75	13.02
13.83	13.25
13.92	13.45
14.00	13.66
14.08	13.86
14.17	14.06
14.25	14.25
14.33	14.43
14.42	14.59
14.50	14.73
14.58	14.82
14.67	14.90
14.75	14.95
14.83	15.01
14.92	15.10
15.00	15.21
15.08	15.33
15.17	15.45
15.25	15.58
15.33	15.74
15.42	15.91
15.50	16.12
15.58	16.39
15.67	16.69
15.75	16.97
15.83	17.23
15.92	17.44
16.00	17.65
16.08	17.86
16.17	18.05
16.25	18.24
16.33	18.43
16.42	18.60
16.50	18.77
16.58	18.93
16.67	19.10
16.75	19.30
16.83	19.51
16.92	19.71
17.00	19.91
17.08	20.12
17.17	20.25
17.25	20.32
17.33	20.36
17.42	20.37
17.50	20.32
17.58	20.19
17.67	20.02
17.75	19.81
17.83	19.53
17.92	19.18
18.00	18.75
18.08	18.24
18.17	17.74
18.25	17.20
18.33	16.63
18.42	16.04
18.50	15.45
18.58	14.88
18.67	14.26
18.75	13.64
18.83	13.05
18.92	12.48
19.00	11.94
19.08	11.44
19.17	11.02
19.25	10.62
19.33	10.25
19.42	9.88
19.50	9.54
19.58	9.21
19.67	8.91
19.75	8.62
19.83	8.35
19.92	8.12
20.00	7.90
20.08	7.66
20.17	7.41
20.25	7.17
20.33	6.94
20.42	6.72
20.50	6.50
20.58	6.28
20.67	6.07
20.75	5.91
20.83	5.76
20.92	5.60
21.00	5.44
21.08	5.28
21.17	5.11
21.25	4.92
21.33	4.72
21.42	4.53
21.50	4.34
21.58	4.17
21.67	3.99
21.75	3.78
21.83	3.59
21.92	3.42
22.00	3.25
22.08	3.09
22.17	2.95
22.25	2.86
22.33	2.78
22.42	2.70
22.50	2.63
22.58	2.57
22.67	2.52
22.75	2.45
22.83	2.39
22.92	2.34
23.00	2.29
23.08	2.27
23.17	2.26
23.25	2.24
23.33	2.22
23.42	2.21
23.50	2.19
23.58	2.18
23.67	2.18
23.75	2.17
23.83	2.18
23.92	2.19
0.00	3.07
0.08	3.07
0.17	3.07
0.25	3.06
0.33	3.04
0.42	3.02
0.50	3.00
0.58	2.99
0.67	2.99
0.75	2.99
0.83	2.99
0.92	3.00
1.00	3.00
1.08	3.01
1.17	3.03
1.25	3.05
1.33	3.08
1.42	3.09
1.50	3.10
1.58	3.10
1.67	3.11
1.75	3.11
1.83	3.11
1.92	3.12
2.00	3.14
2.08	3.16
2.17	3.18
2.25	3.19
2.33	3.20
2.42	3.21
2.50	3.22
2.58	3.23
2.67	3.23
2.75	3.24
2.83	3.26
2.92	3.28
3.00	3.27
3.08	3.26
3.17	3.27
3.25	3.26
3.33	3.26
3.42	3.26
3.50	3.26
3.58	3.26
3.67	3.26
3.75	3.26
3.83	3.25
3.92	3.24
4.00	3.23
4.08	3.22
4.17	3.21
4.25	3.22
4.33	3.23
4.42	3.23
4.50	3.24
4.58	3.24
4.67	3.27
4.75	3.30
4.83	3.32
4.92	3.35
5.00	3.36
5.08	3.37
5.17	3.36
5.25	3.33
5.33	3.30
5.42	3.26
5.50	3.23
5.58	3.19
5.67	3.14
5.75	3.07
5.83	2.99
5.92	2.91
6.00	2.85
6.08	2.80
6.17	2.75
6.25	2.72
6.33	2.69
6.42	2.66
6.50	2.63
6.58	2.62
6.67	2.61
6.75	2.62
6.83	2.65
6.92	2.67
7.00	2.68
7.08	2.69
7.17	2.69
7.25	2.70
7.33	2.70
7.42	2.70
7.50	2.68
7.58	2.66
7.67	2.62
7.75	2.58
7.83	2.53
7.92	2.49
8.00	2.44
8.08	2.40
8.17	2.36
8.25	2.32
8.33	2.29
8.42	2.27
8.50	2.27
8.58	2.30
8.67	2.36
8.75	2.42
8.83	2.50
8.92	2.62
9.00	2.77
9.08	2.95
9.17	3.14
9.25	3.35
9.33	3.56
9.42	3.78
9.50	4.00
9.58	4.19
9.67	4.39
9.75	4.59
9.83	4.77
9.92	4.94
10.00	5.08
10.08	5.20
10.17	5.31
10.25	5.42
10.33	5.53
10.42	5.64
10.50	5.75
10.58	5.86
10.67	5.97
10.75	6.08
10.83	6.19
10.92	6.29
11.00	6.42
11.08	6.56
11.17	6.70
11.25	6.85
11.33	7.00
11.42	7.15
11.50	7.30
11.58	7.44
11.67	7.59
11.75	7.75
11.83	7.92
11.92	8.07
12.00	8.23
12.08	8.41
12.17	8.60
12.25	8.77
12.33	8.93
12.42	9.09
12.50	9.26
12.58	9.44
12.67	9.61
12.75	9.78
12.83	9.96
12.92	10.14
13.00	10.30
13.08	10.46
13.17	10.62
13.25	10.80
13.33	10.97
13.42	11.16
13.50	11.36
13.58	11.53
13.67	11.70
13.75	11.88
13.83	12.05
13.92	12.24
14.00	12.44
14.08	12.64
14.17	12.86
14.25	13.09
14.33	13.32
14.42	13.55
14.50	13.73
14.58	13.90
14.67	14.07
14.75	14.22
14.83	14.40
14.92	14.58
15.00	14.75
15.08	14.88
15.17	14.98
15.25	15.06
15.33	15.11
15.42	15.15
15.50	15.25
15.58	15.33
15.67	15.39
15.75	15.40
15.83	15.37
15.92	15.32
16.00	15.28
16.08	15.25
16.17	15.23
16.25	15.23
16.33	15.23
16.42	15.23
16.50	15.24
16.58	15.25
16.67	15.30
16.75	15.35
16.83	15.41
16.92	15.48
17.00	15.59
17.08	15.64
17.17	15.66
17.25	15.65
17.33	15.64
17.42	15.60
17.50	15.50
17.58	15.39
17.67	15.34
17.75	15.27
17.83	15.15
17.92	14.98
18.00	14.72
18.08	14.49
18.17	14.24
18.25	13.97
18.33	13.66
18.42	13.34
18.50	13.06
18.58	12.69
18.67	12.25
18.75	11.82
18.83	11.41
18.92	11.02
19.00	10.65
19.08	10.33
19.17	10.04
19.25	9.77
19.33	9.54
19.42	9.35
19.50	9.18
19.58	9.05
19.67	8.95
19.75	8.88
19.83	8.83
19.92	8.80
20.00	8.77
20.08	8.72
20.17	8.67
20.25	8.61
20.33	8.53
20.42	8.42
20.50	8.29
20.58	8.15
20.67	8.03
20.75	7.93
20.83	7.80
20.92	7.66
21.00	7.51
21.08	7.34
21.17	7.13
21.25	6.90
21.33	6.68
21.42	6.47
21.50	6.27
21.58	6.08
21.67	5.84
21.75	5.63
21.83	5.42
21.92	5.22
22.00	5.03
22.08	4.88
22.17	4.76
22.25	4.67
22.33	4.59
22.42	4.51
22.50	4.44
22.58	4.37
22.67	4.30
22.75	4.23
22.83	4.18
22.92	4.13
23.00	4.11
23.08	4.10
23.17	4.09
23.25	4.08
23.33	4.07
23.42	4.06
23.50	4.04
23.58	4.03
23.67	4.01
23.75	4.00
23.83	4.00
23.92	4.00
0.00	2.91
0.08	2.91
0.17	2.88
0.25	2.83
0.33	2.77
0.42	2.70
0.50	2.62
0.58	2.54
0.67	2.47
0.75	2.41
0.83	2.36
0.92	2.32
1.00	2.31
1.08	2.29
1.17	2.29
1.25	2.30
1.33	2.30
1.42	2.31
1.50	2.32
1.58	2.33
1.67	2.35
1.75	2.36
1.83	2.38
1.92	2.40
2.00	2.41
2.08	2.43
2.17	2.45
2.25	2.46
2.33	2.48
2.42	2.49
2.50	2.50
2.58	2.51
2.67	2.52
2.75	2.53
2.83	2.54
2.92	2.53
3.00	2.51
3.08	2.49
3.17	2.46
3.25	2.45
3.33	2.43
3.42	2.42
3.50	2.41
3.58	2.41
3.67	2.40
3.75	2.40
3.83	2.41
3.92	2.41
4.00	2.42
4.08	2.43
4.17	2.46
4.25	2.49
4.33	2.53
4.42	2.55
4.50	2.58
4.58	2.62
4.67	2.66
4.75	2.70
4.83	2.74
4.92	2.77
5.00	2.80
5.08	2.82
5.17	2.83
5.25	2.84
5.33	2.85
5.42	2.86
5.50	2.87
5.58	2.87
5.67	2.86
5.75	2.85
5.83	2.85
5.92	2.85
6.00	2.86
6.08	2.86
6.17	2.86
6.25	2.86
6.33	2.88
6.42	2.89
6.50	2.91
6.58	2.93
6.67	2.96
6.75	2.98
6.83	3.01
6.92	3.03
7.00	3.05
7.08	3.06
7.17	3.07
7.25	3.07
7.33	3.05
7.42	3.02
7.50	2.98
7.58	2.93
7.67	2.88
7.75	2.82
7.83	2.77
7.92	2.72
8.00	2.67
8.08	2.61
8.17	2.55
8.25	2.49
8.33	2.45
8.42	2.42
8.50	2.40
8.58	2.41
8.67	2.42
8.75	2.44
8.83	2.48
8.92	2.55
9.00	2.65
9.08	2.79
9.17	2.95
9.25	3.11
9.33	3.28
9.42	3.46
9.50	3.65
9.58	3.84
9.67	4.06
9.75	4.27
9.83	4.47
9.92	4.66
10.00	4.80
10.08	4.94
10.17	5.09
10.25	5.23
10.33	5.37
10.42	5.50
10.50	5.63
10.58	5.75
10.67	5.87
10.75	5.99
10.83	6.11
10.92	6.25
11.00	6.40
11.08	6.56
11.17	6.72
11.25	6.88
11.33	7.05
11.42	7.21
11.50	7.37
11.58	7.53
11.67	7.70
11.75	7.87
11.83	8.02
11.92	8.19
12.00	8.36
12.08	8.54
12.17	8.70
12.25	8.85
12.33	9.00
12.42	9.14
12.50	9.28
12.58	9.42
12.67	9.54
12.75	9.66
12.83	9.79
12.92	9.90
13.00	9.99
13.08	10.09
13.17	10.20
13.25	10.32
13.33	10.45
13.42	10.58
13.50	10.69
13.58	10.76
13.67	10.86
13.75	10.94
13.83	11.02
13.92	11.11
14.00	11.22
14.08	11.33
14.17	11.45
14.25	11.58
14.33	11.71
14.42	11.80
14.50	11.91
14.58	12.03
14.67	12.16
14.75	12.32
14.83	12.50
14.92	12.68
15.00	12.86
15.08	13.04
15.17	13.21
15.25	13.38
15.33	13.56
15.42	13.79
15.50	14.04
15.58	14.26
15.67	14.41
15.75	14.54
15.83	14.65
15.92	14.74
16.00	14.83
16.08	14.91
16.17	14.98
16.25	15.05
16.33	15.11
16.42	15.17
16.50	15.22
16.58	15.32
16.67	15.43
16.75	15.55
16.83	15.65
16.92	15.79
17.00	15.91
17.08	15.98
17.17	16.02
17.25	16.06
17.33	16.07
17.42	16.01
17.50	15.91
17.58	15.85
17.67	15.75
17.75	15.60
17.83	15.38
17.92	15.06
18.00	14.74
18.08	14.38
18.17	13.98
18.25	13.53
18.33	13.06
18.42	12.61
18.50	12.10
18.58	11.53
18.67	10.96
18.75	10.43
18.83	9.91
18.92	9.43
19.00	9.01
19.08	8.64
19.17	8.30
19.25	8.01
19.33	7.75
19.42	7.52
19.50	7.32
19.58	7.14
19.67	6.98
19.75	6.84
19.83	6.75
19.92	6.65
20.00	6.53
20.08	6.41
20.17	6.28
20.25	6.15
20.33	6.01
20.42	5.87
20.50	5.74
20.58	5.62
20.67	5.55
20.75	5.44
20.83	5.32
20.92	5.20
21.00	5.07
21.08	4.92
21.17	4.75
21.25	4.58
21.33	4.43
21.42	4.27
21.50	4.12
21.58	3.94
21.67	3.77
21.75	3.61
21.83	3.45
21.92	3.30
22.00	3.16
22.08	3.06
22.17	2.97
22.25	2.88
22.33	2.80
22.42	2.73
22.50	2.66
22.58	2.57
22.67	2.49
22.75	2.42
22.83	2.35
22.92	2.30
23.00	2.26
23.08	2.22
23.17	2.18
23.25	2.14
23.33	2.09
23.42	2.05
23.50	2.00
23.58	1.95
23.67	1.91
23.75	1.88
23.83	1.86
23.92	1.84
0.00	2.63
0.08	2.64
0.17	2.63
0.25	2.60
0.33	2.57
0.42	2.53
0.50	2.48
0.58	2.43
0.67	2.40
0.75	2.37
0.83	2.34
0.92	2.34
1.00	2.32
1.08	2.32
1.17	2.33
1.25	2.33
1.33	2.33
1.42	2.33
1.50	2.33
1.58	2.33
1.67	2.33
1.75	2.34
1.83	2.34
1.92	2.34
2.00	2.34
2.08	2.34
2.17	2.35
2.25	2.36
2.33	2.37
2.42	2.38
2.50	2.40
2.58	2.41
2.67	2.42
2.75	2.44
2.83	2.45
2.92	2.46
3.00	2.46
3.08	2.46
3.17	2.46
3.25	2.46
3.33	2.46
3.42	2.46
3.50	2.47
3.58	2.48
3.67	2.48
3.75	2.49
3.83	2.50
3.92	2.51
4.00	2.52
4.08	2.55
4.17	2.58
4.25	2.62
4.33	2.66
4.42	2.70
4.50	2.75
4.58	2.81
4.67	2.87
4.75	2.93
4.83	3.00
4.92	3.05
5.00	3.10
5.08	3.14
5.17	3.18
5.25	3.20
5.33	3.22
5.42	3.24
5.50	3.24
5.58	3.23
5.67	3.19
5.75	3.14
5.83	3.09
5.92	3.05
6.00	3.00
6.08	2.95
6.17	2.90
6.25	2.87
6.33	2.83
6.42	2.80
6.50	2.76
6.58	2.74
6.67	2.73
6.75	2.72
6.83	2.71
6.92	2.70
7.00	2.69
7.08	2.68
7.17	2.67
7.25	2.66
7.33	2.64
7.42	2.62
7.50	2.61
7.58	2.60
7.67	2.60
7.75	2.61
7.83	2.62
7.92	2.62
8.00	2.62
8.08	2.61
8.17	2.61
8.25	2.61
8.33	2.61
8.42	2.62
8.50	2.63
8.58	2.65
8.67	2.68
8.75	2.73
8.83	2.80
8.92	2.89
9.00	3.01
9.08	3.15
9.17	3.29
9.25	3.44
9.33	3.60
9.42	3.76
9.50	3.93
9.58	4.11
9.67	4.29
9.75	4.46
9.83	4.62
9.92	4.77
10.00	4.91
10.08	5.05
10.17	5.19
10.25	5.34
10.33	5.49
10.42	5.64
10.50	5.78
10.58	5.92
10.67	6.04
10.75	6.18
10.83	6.31
10.92	6.46
11.00	6.61
11.08	6.78
11.17	6.95
11.25	7.15
11.33	7.35
11.42	7.56
11.50	7.78
11.58	8.03
11.67	8.30
11.75	8.58
11.83	8.86
11.92	9.16
12.00	9.46
12.08	9.74
12.17	10.00
12.25	10.25
12.33	10.48
12.42	10.69
12.50	10.87
12.58	11.03
12.67	11.16
12.75	11.28
12.83	11.38
12.92	11.46
13.00	11.54
13.08	11.61
13.17	11.67
13.25	11.72
13.33	11.79
13.42	11.85
13.50	11.90
13.58	11.97
13.67	12.04
13.75	12.11
13.83	12.20
13.92	12.30
14.00	12.41
14.08	12.55
14.17	12.70
14.25	12.86
14.33	13.02
14.42	13.19
14.50	13.37
14.58	13.55
14.67	13.75
14.75	13.96
14.83	14.19
14.92	14.42
15.00	14.67
15.08	14.94
15.17	15.23
15.25	15.54
15.33	15.89
15.42	16.27
15.50	16.66
15.58	17.03
15.67	17.39
15.75	17.75
15.83	18.09
15.92	18.41
16.00	18.72
16.08	19.00
16.17	19.24
16.25	19.45
16.33	19.64
16.42	19.79
16.50	19.93
16.58	20.06
16.67	20.17
16.75	20.26
16.83	20.33
16.92	20.38
17.00	20.36
17.08	20.30
17.17	20.21
17.25	20.10
17.33	19.95
17.42	19.78
17.50	19.61
17.58	19.42
17.67	19.20
17.75	18.95
17.83	18.66
17.92	18.40
18.00	18.15
18.08	17.93
18.17	17.71
18.25	17.51
18.33	17.33
18.42	17.16
18.50	16.98
18.58	16.84
18.67	16.72
18.75	16.64
18.83	16.57
18.92	16.56
19.00	16.60
19.08	16.65
19.17	16.69
19.25	16.72
19.33	16.74
19.42	16.74
19.50	16.72
19.58	16.68
19.67	16.61
19.75	16.53
19.83	16.41
19.92	16.19
20.00	15.92
20.08	15.63
20.17	15.32
20.25	14.98
20.33	14.62
20.42	14.24
20.50	13.87
20.58	13.55
20.67	13.24
20.75	12.92
20.83	12.63
20.92	12.35
21.00	12.02
21.08	11.64
21.17	11.29
21.25	10.96
21.33	10.65
21.42	10.34
21.50	10.01
21.58	9.69
21.67	9.38
21.75	9.06
21.83	8.74
21.92	8.43
22.00	8.22
22.08	8.02
22.17	7.83
22.25	7.64
22.33	7.45
22.42	7.26
22.50	7.06
22.58	6.87
22.67	6.69
22.75	6.50
22.83	6.32
22.92	6.17
23.00	6.01
23.08	5.84
23.17	5.66
23.25	5.49
23.33	5.32
23.42	5.16
23.50	4.96
23.58	4.78
23.67	4.63
23.75	4.54
23.83	4.45
23.92	4.39
